Name	Result	Orig Len	Opt Len	Reduction
svgs/W3C_SVG_11_TestSuite/svg/color-prof-01-f.svg	pass	3965	1348	2617
svgs/W3C_SVG_11_TestSuite/svg/color-prop-01-b.svg	pass	4128	1311	2817
svgs/W3C_SVG_11_TestSuite/svg/color-prop-02-f.svg	pass	6324	2181	4143
svgs/W3C_SVG_11_TestSuite/svg/color-prop-03-t.svg	pass	5422	1803	3619
svgs/W3C_SVG_11_TestSuite/svg/color-prop-04-t.svg	mismatch	5806	3213	2593
svgs/W3C_SVG_11_TestSuite/svg/color-prop-05-t.svg	pass	3175	821	2354
svgs/W3C_SVG_11_TestSuite/svg/conform-viewers-01-t.svg	pass	11052	2784	8268
svgs/W3C_SVG_11_TestSuite/svg/conform-viewers-02-f.svg	pass	4070	1916	2154
svgs/W3C_SVG_11_TestSuite/svg/conform-viewers-03-f.svg	pass	5484	2795	2689
svgs/W3C_SVG_11_TestSuite/svg/coords-coord-01-t.svg	pass	3619	995	2624
svgs/W3C_SVG_11_TestSuite/svg/coords-coord-02-t.svg	pass	3628	995	2633
svgs/W3C_SVG_11_TestSuite/svg/coords-dom-01-f.svg	pass	4300	2431	1869
svgs/W3C_SVG_11_TestSuite/svg/coords-dom-02-f.svg	pass	3595	1631	1964
svgs/W3C_SVG_11_TestSuite/svg/coords-dom-03-f.svg	pass	4904	2520	2384
svgs/W3C_SVG_11_TestSuite/svg/coords-dom-04-f.svg	pass	6387	1116	5271
svgs/W3C_SVG_11_TestSuite/svg/coords-trans-01-b.svg	pass	12864	3721	9143
svgs/W3C_SVG_11_TestSuite/svg/coords-trans-02-t.svg	pass	9961	1368	8593
svgs/W3C_SVG_11_TestSuite/svg/coords-trans-03-t.svg	pass	5473	1381	4092
svgs/W3C_SVG_11_TestSuite/svg/coords-trans-04-t.svg	pass	4908	1083	3825
svgs/W3C_SVG_11_TestSuite/svg/coords-trans-05-t.svg	pass	4953	1102	3851
svgs/W3C_SVG_11_TestSuite/svg/coords-trans-06-t.svg	pass	4192	1107	3085
svgs/W3C_SVG_11_TestSuite/svg/coords-trans-07-t.svg	pass	3913	1183	2730
svgs/W3C_SVG_11_TestSuite/svg/coords-trans-08-t.svg	pass	4128	1320	2808
svgs/W3C_SVG_11_TestSuite/svg/coords-trans-09-t.svg	pass	4892	1829	3063
svgs/W3C_SVG_11_TestSuite/svg/coords-trans-10-f.svg	pass	4346	1648	2698
svgs/W3C_SVG_11_TestSuite/svg/coords-trans-11-f.svg	pass	4354	1654	2700
svgs/W3C_SVG_11_TestSuite/svg/coords-trans-12-f.svg	pass	4405	1655	2750
svgs/W3C_SVG_11_TestSuite/svg/coords-trans-13-f.svg	pass	4286	1637	2649
svgs/W3C_SVG_11_TestSuite/svg/coords-trans-14-f.svg	pass	4458	1749	2709
svgs/W3C_SVG_11_TestSuite/svg/coords-transformattr-01-f.svg	pass	5001	1880	3121
svgs/W3C_SVG_11_TestSuite/svg/coords-transformattr-02-f.svg	pass	4527	1586	2941
svgs/W3C_SVG_11_TestSuite/svg/coords-transformattr-03-f.svg	pass	3794	1172	2622
svgs/W3C_SVG_11_TestSuite/svg/coords-transformattr-04-f.svg	pass	3551	1160	2391
svgs/W3C_SVG_11_TestSuite/svg/coords-transformattr-05-f.svg	pass	4382	1278	3104
svgs/W3C_SVG_11_TestSuite/svg/coords-units-01-b.svg	pass	11342	4114	7228
svgs/W3C_SVG_11_TestSuite/svg/coords-units-02-b.svg	pass	8314	1813	6501
svgs/W3C_SVG_11_TestSuite/svg/coords-units-03-b.svg	mismatch	9072	2217	6855
svgs/W3C_SVG_11_TestSuite/svg/coords-viewattr-01-b.svg	pass	8509	8446	63
svgs/W3C_SVG_11_TestSuite/svg/coords-viewattr-02-b.svg	pass	53178	50431	2747
svgs/W3C_SVG_11_TestSuite/svg/coords-viewattr-03-b.svg	pass	6064	3698	2366
svgs/W3C_SVG_11_TestSuite/svg/coords-viewattr-04-f.svg	pass	7005	4684	2321
svgs/W3C_SVG_11_TestSuite/svg/extend-namespace-01-f.svg	pass	8597	1845	6752
svgs/W3C_SVG_11_TestSuite/svg/filters-background-01-f.svg	pass	8484	3168	5316
svgs/W3C_SVG_11_TestSuite/svg/filters-blend-01-b.svg	pass	6769	3486	3283
svgs/W3C_SVG_11_TestSuite/svg/filters-color-01-b.svg	pass	6533	2970	3563
svgs/W3C_SVG_11_TestSuite/svg/filters-color-02-b.svg	pass	5593	1719	3874
svgs/W3C_SVG_11_TestSuite/svg/filters-composite-02-b.svg	pass	9284	5263	4021
svgs/W3C_SVG_11_TestSuite/svg/filters-composite-03-f.svg	pass	4521	2042	2479
svgs/W3C_SVG_11_TestSuite/svg/filters-composite-04-f.svg	pass	4314	2338	1976
svgs/W3C_SVG_11_TestSuite/svg/filters-comptran-01-b.svg	pass	6826	3109	3717
svgs/W3C_SVG_11_TestSuite/svg/filters-conv-01-f.svg	pass	6835	3548	3287
svgs/W3C_SVG_11_TestSuite/svg/filters-conv-02-f.svg	pass	4243	2031	2212
svgs/W3C_SVG_11_TestSuite/svg/filters-conv-03-f.svg	pass	5246	2746	2500
svgs/W3C_SVG_11_TestSuite/svg/filters-conv-04-f.svg	pass	8527	3140	5387
svgs/W3C_SVG_11_TestSuite/svg/filters-diffuse-01-f.svg	pass	8988	4234	4754
svgs/W3C_SVG_11_TestSuite/svg/filters-displace-01-f.svg	mismatch	7173	3120	4053
svgs/W3C_SVG_11_TestSuite/svg/filters-displace-02-f.svg	pass	5267	1800	3467
svgs/W3C_SVG_11_TestSuite/svg/filters-example-01-b.svg	pass	5037	1741	3296
svgs/W3C_SVG_11_TestSuite/svg/filters-felem-01-b.svg	pass	4743	1634	3109
svgs/W3C_SVG_11_TestSuite/svg/filters-felem-02-f.svg	pass	6255	3527	2728
svgs/W3C_SVG_11_TestSuite/svg/filters-gauss-01-b.svg	pass	4927	1553	3374
svgs/W3C_SVG_11_TestSuite/svg/filters-gauss-02-f.svg	pass	4010	1500	2510
svgs/W3C_SVG_11_TestSuite/svg/filters-gauss-03-f.svg	pass	3036	1117	1919
svgs/W3C_SVG_11_TestSuite/svg/filters-image-01-b.svg	pass	3094	1113	1981
svgs/W3C_SVG_11_TestSuite/svg/filters-image-02-b.svg	pass	3817	1436	2381
svgs/W3C_SVG_11_TestSuite/svg/filters-image-03-f.svg	pass	8286	2672	5614
svgs/W3C_SVG_11_TestSuite/svg/filters-image-04-f.svg	pass	6359	3043	3316
svgs/W3C_SVG_11_TestSuite/svg/filters-image-05-f.svg	pass	10170	5171	4999
svgs/W3C_SVG_11_TestSuite/svg/filters-light-01-f.svg	pass	11316	6088	5228
svgs/W3C_SVG_11_TestSuite/svg/filters-light-02-f.svg	pass	5061	2408	2653
svgs/W3C_SVG_11_TestSuite/svg/filters-light-03-f.svg	pass	6747	2993	3754
svgs/W3C_SVG_11_TestSuite/svg/filters-light-05-f.svg	pass	14645	7432	7213
svgs/W3C_SVG_11_TestSuite/svg/filters-morph-01-f.svg	pass	6101	2940	3161
svgs/W3C_SVG_11_TestSuite/svg/filters-offset-01-b.svg	pass	5516	1884	3632
svgs/W3C_SVG_11_TestSuite/svg/filters-offset-02-b.svg	pass	4148	2030	2118
svgs/W3C_SVG_11_TestSuite/svg/filters-overview-01-b.svg	pass	8871	4425	4446
svgs/W3C_SVG_11_TestSuite/svg/filters-overview-02-b.svg	pass	9644	5173	4471
svgs/W3C_SVG_11_TestSuite/svg/filters-overview-03-b.svg	pass	8962	4906	4056
svgs/W3C_SVG_11_TestSuite/svg/filters-specular-01-f.svg	pass	12017	5822	6195
svgs/W3C_SVG_11_TestSuite/svg/filters-tile-01-b.svg	pass	4736	1344	3392
svgs/W3C_SVG_11_TestSuite/svg/filters-turb-01-f.svg	pass	5779	2966	2813
svgs/W3C_SVG_11_TestSuite/svg/filters-turb-02-f.svg	pass	7575	4099	3476
svgs/W3C_SVG_11_TestSuite/svg/fonts-desc-01-t.svg	pass	5673	1143	4530
svgs/W3C_SVG_11_TestSuite/svg/fonts-desc-02-t.svg	pass	7873	1589	6284
svgs/W3C_SVG_11_TestSuite/svg/fonts-desc-03-t.svg	pass	6131	1154	4977
svgs/W3C_SVG_11_TestSuite/svg/fonts-desc-04-t.svg	pass	7704	1462	6242
svgs/W3C_SVG_11_TestSuite/svg/fonts-desc-05-t.svg	pass	7907	1930	5977
svgs/W3C_SVG_11_TestSuite/svg/fonts-elem-01-t.svg	pass	11660	5011	6649
svgs/W3C_SVG_11_TestSuite/svg/fonts-elem-02-t.svg	pass	13985	8067	5918
svgs/W3C_SVG_11_TestSuite/svg/fonts-elem-03-b.svg	pass	8679	5021	3658
svgs/W3C_SVG_11_TestSuite/svg/fonts-elem-04-b.svg	pass	8624	5334	3290
svgs/W3C_SVG_11_TestSuite/svg/fonts-elem-05-t.svg	pass	6873	2011	4862
svgs/W3C_SVG_11_TestSuite/svg/fonts-elem-06-t.svg	pass	5987	1608	4379
svgs/W3C_SVG_11_TestSuite/svg/fonts-elem-07-b.svg	pass	12091	7549	4542
svgs/W3C_SVG_11_TestSuite/svg/fonts-glyph-02-t.svg	pass	7417	928	6489
svgs/W3C_SVG_11_TestSuite/svg/fonts-glyph-03-t.svg	pass	4332	1133	3199
svgs/W3C_SVG_11_TestSuite/svg/fonts-glyph-04-t.svg	pass	3808	874	2934
svgs/W3C_SVG_11_TestSuite/svg/fonts-kern-01-t.svg	mismatch	14696	4589	10107
svgs/W3C_SVG_11_TestSuite/svg/fonts-overview-201-t.svg	pass	7027	1282	5745
svgs/W3C_SVG_11_TestSuite/svg/imp-path-01-f.svg	pass	2870	1174	1696
svgs/W3C_SVG_11_TestSuite/svg/interact-cursor-01-f.svg	pass	8733	3474	5259
svgs/W3C_SVG_11_TestSuite/svg/interact-dom-01-b.svg	pass	5967	2842	3125
svgs/W3C_SVG_11_TestSuite/svg/interact-events-01-b.svg	pass	6264	1911	4353
svgs/W3C_SVG_11_TestSuite/svg/interact-events-02-b.svg	pass	3816	1669	2147
svgs/W3C_SVG_11_TestSuite/svg/interact-events-202-f.svg	pass	4040	1637	2403
svgs/W3C_SVG_11_TestSuite/svg/interact-events-203-t.svg	pass	6589	2842	3747
svgs/W3C_SVG_11_TestSuite/svg/interact-order-01-b.svg	pass	4974	1724	3250
svgs/W3C_SVG_11_TestSuite/svg/interact-order-02-b.svg	pass	4738	1720	3018
svgs/W3C_SVG_11_TestSuite/svg/interact-order-03-b.svg	pass	4562	1716	2846
svgs/W3C_SVG_11_TestSuite/svg/interact-pevents-01-b.svg	mismatch	12139	8527	3612
svgs/W3C_SVG_11_TestSuite/svg/interact-pevents-03-b.svg	pass	12221	2004	10217
svgs/W3C_SVG_11_TestSuite/svg/interact-pevents-04-t.svg	pass	12416	2075	10341
svgs/W3C_SVG_11_TestSuite/svg/interact-pevents-05-b.svg	pass	9190	1436	7754
svgs/W3C_SVG_11_TestSuite/svg/interact-pevents-07-t.svg	pass	7310	4684	2626
svgs/W3C_SVG_11_TestSuite/svg/interact-pevents-08-f.svg	pass	14175	8976	5199
svgs/W3C_SVG_11_TestSuite/svg/interact-pevents-09-f.svg	pass	13782	8883	4899
svgs/W3C_SVG_11_TestSuite/svg/interact-pevents-10-f.svg	pass	3891	1387	2504
svgs/W3C_SVG_11_TestSuite/svg/interact-pointer-01-t.svg	pass	3991	1848	2143
svgs/W3C_SVG_11_TestSuite/svg/interact-pointer-02-t.svg	pass	3957	1842	2115
svgs/W3C_SVG_11_TestSuite/svg/interact-pointer-03-t.svg	pass	3868	1647	2221
svgs/W3C_SVG_11_TestSuite/svg/interact-pointer-04-f.svg	pass	4104	2019	2085
svgs/W3C_SVG_11_TestSuite/svg/interact-zoom-01-t.svg	pass	3656	1095	2561
svgs/W3C_SVG_11_TestSuite/svg/interact-zoom-02-t.svg	pass	3660	1107	2553
svgs/W3C_SVG_11_TestSuite/svg/interact-zoom-03-t.svg	pass	3719	1191	2528
svgs/W3C_SVG_11_TestSuite/svg/linking-a-01-b.svg	pass	4209	962	3247
svgs/W3C_SVG_11_TestSuite/svg/linking-a-03-b.svg	pass	4316	984	3332
svgs/W3C_SVG_11_TestSuite/svg/linking-a-04-t.svg	pass	6414	1448	4966
svgs/W3C_SVG_11_TestSuite/svg/linking-a-05-t.svg	pass	5740	1973	3767
svgs/W3C_SVG_11_TestSuite/svg/linking-a-07-t.svg	pass	5860	1910	3950
svgs/W3C_SVG_11_TestSuite/svg/linking-a-08-t.svg	pass	3214	1042	2172
svgs/W3C_SVG_11_TestSuite/svg/linking-a-09-b.svg	mismatch	3418	1194	2224
svgs/W3C_SVG_11_TestSuite/svg/linking-a-10-f.svg	pass	4392	1878	2514
svgs/W3C_SVG_11_TestSuite/svg/linking-frag-01-f.svg	pass	3761	1581	2180
svgs/W3C_SVG_11_TestSuite/svg/linking-uri-01-b.svg	pass	8847	2805	6042
svgs/W3C_SVG_11_TestSuite/svg/linking-uri-02-b.svg	pass	9537	2892	6645
svgs/W3C_SVG_11_TestSuite/svg/linking-uri-03-t.svg	pass	5464	1988	3476
svgs/W3C_SVG_11_TestSuite/svg/masking-filter-01-f.svg	pass	4003	1326	2677
svgs/W3C_SVG_11_TestSuite/svg/masking-intro-01-f.svg	pass	4354	1713	2641
svgs/W3C_SVG_11_TestSuite/svg/masking-mask-01-b.svg	pass	7247	2773	4474
svgs/W3C_SVG_11_TestSuite/svg/masking-mask-02-f.svg	pass	2805	887	1918
svgs/W3C_SVG_11_TestSuite/svg/masking-opacity-01-b.svg	pass	5995	2147	3848
svgs/W3C_SVG_11_TestSuite/svg/masking-path-01-b.svg	pass	5047	1550	3497
svgs/W3C_SVG_11_TestSuite/svg/masking-path-02-b.svg	pass	4541	1504	3037
svgs/W3C_SVG_11_TestSuite/svg/masking-path-03-b.svg	pass	6772	2188	4584
svgs/W3C_SVG_11_TestSuite/svg/masking-path-04-b.svg	pass	3995	1339	2656
svgs/W3C_SVG_11_TestSuite/svg/masking-path-05-f.svg	pass	4088	1313	2775
svgs/W3C_SVG_11_TestSuite/svg/masking-path-06-b.svg	pass	3862	1822	2040
svgs/W3C_SVG_11_TestSuite/svg/masking-path-07-b.svg	pass	6905	2235	4670
svgs/W3C_SVG_11_TestSuite/svg/masking-path-08-b.svg	pass	5760	2765	2995
svgs/W3C_SVG_11_TestSuite/svg/masking-path-09-b.svg	pass	3211	1327	1884
svgs/W3C_SVG_11_TestSuite/svg/masking-path-10-b.svg	pass	5544	2602	2942
svgs/W3C_SVG_11_TestSuite/svg/masking-path-11-b.svg	pass	3116	1084	2032
svgs/W3C_SVG_11_TestSuite/svg/masking-path-12-f.svg	pass	3855	1914	1941
svgs/W3C_SVG_11_TestSuite/svg/masking-path-13-f.svg	pass	2801	761	2040
svgs/W3C_SVG_11_TestSuite/svg/masking-path-14-f.svg	pass	4238	1171	3067
svgs/W3C_SVG_11_TestSuite/svg/metadata-example-01-t.svg	pass	21675	18236	3439
svgs/W3C_SVG_11_TestSuite/svg/painting-control-01-f.svg	pass	5238	2189	3049
svgs/W3C_SVG_11_TestSuite/svg/painting-control-02-f.svg	pass	3497	1128	2369
svgs/W3C_SVG_11_TestSuite/svg/painting-control-03-f.svg	pass	3400	994	2406
svgs/W3C_SVG_11_TestSuite/svg/painting-control-04-f.svg	pass	2939	930	2009
svgs/W3C_SVG_11_TestSuite/svg/painting-control-05-f.svg	pass	5839	1719	4120
svgs/W3C_SVG_11_TestSuite/svg/painting-control-06-f.svg	pass	3408	915	2493
svgs/W3C_SVG_11_TestSuite/svg/painting-fill-01-t.svg	pass	3551	1103	2448
svgs/W3C_SVG_11_TestSuite/svg/painting-fill-02-t.svg	pass	3711	1265	2446
svgs/W3C_SVG_11_TestSuite/svg/painting-fill-03-t.svg	pass	3488	1139	2349
svgs/W3C_SVG_11_TestSuite/svg/painting-fill-04-t.svg	pass	4352	1051	3301
svgs/W3C_SVG_11_TestSuite/svg/painting-fill-05-b.svg	pass	4502	1475	3027
svgs/W3C_SVG_11_TestSuite/svg/painting-marker-01-f.svg	pass	10160	2842	7318
svgs/W3C_SVG_11_TestSuite/svg/painting-marker-02-f.svg	pass	13254	4086	9168
svgs/W3C_SVG_11_TestSuite/svg/painting-marker-03-f.svg	pass	5040	2011	3029
svgs/W3C_SVG_11_TestSuite/svg/painting-marker-04-f.svg	pass	4984	1962	3022
svgs/W3C_SVG_11_TestSuite/svg/painting-marker-05-f.svg	pass	12550	8296	4254
svgs/W3C_SVG_11_TestSuite/svg/painting-marker-06-f.svg	pass	9894	2807	7087
svgs/W3C_SVG_11_TestSuite/svg/painting-marker-07-f.svg	pass	3322	1080	2242
svgs/W3C_SVG_11_TestSuite/svg/painting-marker-properties-01-f.svg	pass	4618	2014	2604
svgs/W3C_SVG_11_TestSuite/svg/painting-render-01-b.svg	pass	8956	4000	4956
svgs/W3C_SVG_11_TestSuite/svg/painting-render-02-b.svg	pass	4742	1749	2993
svgs/W3C_SVG_11_TestSuite/svg/painting-stroke-01-t.svg	pass	3899	1115	2784
svgs/W3C_SVG_11_TestSuite/svg/painting-stroke-02-t.svg	pass	3727	1182	2545
svgs/W3C_SVG_11_TestSuite/svg/painting-stroke-03-t.svg	pass	3758	1214	2544
svgs/W3C_SVG_11_TestSuite/svg/painting-stroke-04-t.svg	pass	3827	1280	2547
svgs/W3C_SVG_11_TestSuite/svg/painting-stroke-05-t.svg	pass	5369	2366	3003
svgs/W3C_SVG_11_TestSuite/svg/painting-stroke-06-t.svg	pass	4032	1324	2708
svgs/W3C_SVG_11_TestSuite/svg/painting-stroke-07-t.svg	pass	3855	1240	2615
svgs/W3C_SVG_11_TestSuite/svg/painting-stroke-08-t.svg	pass	4737	2153	2584
svgs/W3C_SVG_11_TestSuite/svg/painting-stroke-09-t.svg	pass	3245	872	2373
svgs/W3C_SVG_11_TestSuite/svg/painting-stroke-10-t.svg	pass	3559	1270	2289
svgs/W3C_SVG_11_TestSuite/svg/paths-data-01-t.svg	pass	11078	2589	8489
svgs/W3C_SVG_11_TestSuite/svg/paths-data-02-t.svg	pass	8577	2525	6052
svgs/W3C_SVG_11_TestSuite/svg/paths-data-03-f.svg	pass	8433	2300	6133
svgs/W3C_SVG_11_TestSuite/svg/paths-data-04-t.svg	pass	5482	1742	3740
svgs/W3C_SVG_11_TestSuite/svg/paths-data-05-t.svg	pass	5328	1665	3663
svgs/W3C_SVG_11_TestSuite/svg/paths-data-06-t.svg	pass	5520	1651	3869
svgs/W3C_SVG_11_TestSuite/svg/paths-data-07-t.svg	pass	5448	1655	3793
svgs/W3C_SVG_11_TestSuite/svg/paths-data-08-t.svg	pass	5355	1614	3741
svgs/W3C_SVG_11_TestSuite/svg/paths-data-09-t.svg	pass	5268	1485	3783
svgs/W3C_SVG_11_TestSuite/svg/paths-data-10-t.svg	pass	5896	2996	2900
svgs/W3C_SVG_11_TestSuite/svg/paths-data-12-t.svg	pass	3945	1134	2811
svgs/W3C_SVG_11_TestSuite/svg/paths-data-13-t.svg	pass	3149	852	2297
svgs/W3C_SVG_11_TestSuite/svg/paths-data-14-t.svg	pass	3628	993	2635
svgs/W3C_SVG_11_TestSuite/svg/paths-data-15-t.svg	pass	3555	999	2556
svgs/W3C_SVG_11_TestSuite/svg/paths-data-16-t.svg	pass	3273	1083	2190
svgs/W3C_SVG_11_TestSuite/svg/paths-data-17-f.svg	pass	3309	1019	2290
svgs/W3C_SVG_11_TestSuite/svg/paths-data-18-f.svg	pass	4726	2166	2560
svgs/W3C_SVG_11_TestSuite/svg/paths-data-19-f.svg	pass	5939	2358	3581
svgs/W3C_SVG_11_TestSuite/svg/paths-data-20-f.svg	pass	4243	1642	2601
svgs/W3C_SVG_11_TestSuite/svg/paths-dom-01-f.svg	pass	6828	4212	2616
svgs/W3C_SVG_11_TestSuite/svg/paths-dom-02-f.svg	pass	9645	7205	2440
svgs/W3C_SVG_11_TestSuite/svg/pservers-grad-01-b.svg	pass	3902	1256	2646
svgs/W3C_SVG_11_TestSuite/svg/pservers-grad-02-b.svg	pass	4696	1325	3371
svgs/W3C_SVG_11_TestSuite/svg/pservers-grad-03-b.svg	pass	4428	1345	3083
svgs/W3C_SVG_11_TestSuite/svg/pservers-grad-04-b.svg	pass	5034	1659	3375
svgs/W3C_SVG_11_TestSuite/svg/pservers-grad-05-b.svg	pass	5501	1766	3735
svgs/W3C_SVG_11_TestSuite/svg/pservers-grad-06-b.svg	pass	6668	1868	4800
svgs/W3C_SVG_11_TestSuite/svg/pservers-grad-07-b.svg	pass	5130	1258	3872
svgs/W3C_SVG_11_TestSuite/svg/pservers-grad-08-b.svg	pass	5472	1612	3860
svgs/W3C_SVG_11_TestSuite/svg/pservers-grad-09-b.svg	pass	6779	1481	5298
svgs/W3C_SVG_11_TestSuite/svg/pservers-grad-10-b.svg	pass	5644	1763	3881
svgs/W3C_SVG_11_TestSuite/svg/pservers-grad-11-b.svg	pass	7514	2276	5238
svgs/W3C_SVG_11_TestSuite/svg/pservers-grad-12-b.svg	pass	6758	2051	4707
svgs/W3C_SVG_11_TestSuite/svg/pservers-grad-13-b.svg	pass	9242	5843	3399
svgs/W3C_SVG_11_TestSuite/svg/pservers-grad-14-b.svg	pass	6443	3230	3213
svgs/W3C_SVG_11_TestSuite/svg/pservers-grad-15-b.svg	pass	3773	1129	2644
svgs/W3C_SVG_11_TestSuite/svg/pservers-grad-16-b.svg	pass	4408	1371	3037
svgs/W3C_SVG_11_TestSuite/svg/pservers-grad-17-b.svg	pass	5433	1993	3440
svgs/W3C_SVG_11_TestSuite/svg/pservers-grad-20-b.svg	pass	4961	1991	2970
svgs/W3C_SVG_11_TestSuite/svg/pservers-grad-21-b.svg	pass	6614	3270	3344
svgs/W3C_SVG_11_TestSuite/svg/pservers-grad-22-b.svg	pass	4269	2014	2255
svgs/W3C_SVG_11_TestSuite/svg/pservers-grad-23-f.svg	pass	3835	1266	2569
svgs/W3C_SVG_11_TestSuite/svg/pservers-grad-24-f.svg	pass	3598	1163	2435
svgs/W3C_SVG_11_TestSuite/svg/pservers-grad-stops-01-f.svg	pass	3846	1613	2233
svgs/W3C_SVG_11_TestSuite/svg/pservers-pattern-01-b.svg	pass	6524	2366	4158
svgs/W3C_SVG_11_TestSuite/svg/pservers-pattern-02-f.svg	pass	2939	964	1975
svgs/W3C_SVG_11_TestSuite/svg/pservers-pattern-03-f.svg	pass	4585	1872	2713
svgs/W3C_SVG_11_TestSuite/svg/pservers-pattern-04-f.svg	pass	3652	1141	2511
svgs/W3C_SVG_11_TestSuite/svg/pservers-pattern-05-f.svg	pass	3492	1322	2170
svgs/W3C_SVG_11_TestSuite/svg/pservers-pattern-06-f.svg	pass	3273	1068	2205
svgs/W3C_SVG_11_TestSuite/svg/pservers-pattern-07-f.svg	pass	3419	1442	1977
svgs/W3C_SVG_11_TestSuite/svg/pservers-pattern-08-f.svg	pass	3413	1381	2032
svgs/W3C_SVG_11_TestSuite/svg/pservers-pattern-09-f.svg	pass	3684	1420	2264
svgs/W3C_SVG_11_TestSuite/svg/render-elems-01-t.svg	pass	3337	978	2359
svgs/W3C_SVG_11_TestSuite/svg/render-elems-02-t.svg	pass	3403	1054	2349
svgs/W3C_SVG_11_TestSuite/svg/render-elems-03-t.svg	pass	3513	1062	2451
svgs/W3C_SVG_11_TestSuite/svg/render-elems-06-t.svg	pass	3658	1222	2436
svgs/W3C_SVG_11_TestSuite/svg/render-elems-07-t.svg	pass	3619	1239	2380
svgs/W3C_SVG_11_TestSuite/svg/render-elems-08-t.svg	pass	3684	1299	2385
svgs/W3C_SVG_11_TestSuite/svg/render-groups-01-b.svg	pass	6746	1585	5161
svgs/W3C_SVG_11_TestSuite/svg/render-groups-03-t.svg	pass	6038	1551	4487
svgs/W3C_SVG_11_TestSuite/svg/script-handle-01-b.svg	pass	4514	1629	2885
svgs/W3C_SVG_11_TestSuite/svg/script-handle-02-b.svg	pass	5731	2523	3208
svgs/W3C_SVG_11_TestSuite/svg/script-handle-03-b.svg	pass	5504	2279	3225
svgs/W3C_SVG_11_TestSuite/svg/script-handle-04-b.svg	pass	5585	2299	3286
svgs/W3C_SVG_11_TestSuite/svg/script-specify-01-f.svg	pass	3581	1550	2031
svgs/W3C_SVG_11_TestSuite/svg/script-specify-02-f.svg	pass	3614	1377	2237
svgs/W3C_SVG_11_TestSuite/svg/shapes-circle-01-t.svg	pass	3192	1173	2019
svgs/W3C_SVG_11_TestSuite/svg/shapes-circle-02-t.svg	pass	3235	895	2340
svgs/W3C_SVG_11_TestSuite/svg/shapes-ellipse-01-t.svg	pass	4439	1268	3171
svgs/W3C_SVG_11_TestSuite/svg/shapes-ellipse-02-t.svg	pass	3197	868	2329
svgs/W3C_SVG_11_TestSuite/svg/shapes-ellipse-03-f.svg	pass	3815	1008	2807
svgs/W3C_SVG_11_TestSuite/svg/shapes-grammar-01-f.svg	pass	3330	1078	2252
svgs/W3C_SVG_11_TestSuite/svg/shapes-intro-01-t.svg	pass	6517	1435	5082
svgs/W3C_SVG_11_TestSuite/svg/shapes-intro-02-f.svg	pass	4849	2167	2682
svgs/W3C_SVG_11_TestSuite/svg/shapes-line-01-t.svg	pass	4390	1488	2902
svgs/W3C_SVG_11_TestSuite/svg/shapes-line-02-f.svg	pass	2758	853	1905
svgs/W3C_SVG_11_TestSuite/svg/shapes-polygon-01-t.svg	pass	4842	1329	3513
svgs/W3C_SVG_11_TestSuite/svg/shapes-polygon-02-t.svg	pass	4184	1550	2634
svgs/W3C_SVG_11_TestSuite/svg/shapes-polygon-03-t.svg	pass	3159	1088	2071
svgs/W3C_SVG_11_TestSuite/svg/shapes-polyline-01-t.svg	pass	5435	1312	4123
svgs/W3C_SVG_11_TestSuite/svg/shapes-polyline-02-t.svg	pass	4328	1468	2860
svgs/W3C_SVG_11_TestSuite/svg/shapes-rect-01-t.svg	pass	4641	1338	3303
svgs/W3C_SVG_11_TestSuite/svg/shapes-rect-02-t.svg	pass	3380	941	2439
svgs/W3C_SVG_11_TestSuite/svg/shapes-rect-03-t.svg	pass	6546	3719	2827
svgs/W3C_SVG_11_TestSuite/svg/shapes-rect-04-f.svg	pass	3396	1041	2355
svgs/W3C_SVG_11_TestSuite/svg/shapes-rect-05-f.svg	pass	4015	1173	2842
svgs/W3C_SVG_11_TestSuite/svg/shapes-rect-06-f.svg	pass	3562	1308	2254
svgs/W3C_SVG_11_TestSuite/svg/shapes-rect-07-f.svg	pass	2921	1012	1909
svgs/W3C_SVG_11_TestSuite/svg/struct-cond-01-t.svg	pass	3230	967	2263
svgs/W3C_SVG_11_TestSuite/svg/struct-cond-02-t.svg	pass	24993	14477	10516
svgs/W3C_SVG_11_TestSuite/svg/struct-cond-03-t.svg	mismatch	4189	1355	2834
svgs/W3C_SVG_11_TestSuite/svg/struct-cond-overview-02-f.svg	pass	4062	1595	2467
svgs/W3C_SVG_11_TestSuite/svg/struct-cond-overview-03-f.svg	pass	3347	1239	2108
svgs/W3C_SVG_11_TestSuite/svg/struct-cond-overview-04-f.svg	pass	3443	1218	2225
svgs/W3C_SVG_11_TestSuite/svg/struct-cond-overview-05-f.svg	pass	3821	1499	2322
svgs/W3C_SVG_11_TestSuite/svg/struct-defs-01-t.svg	pass	3513	807	2706
svgs/W3C_SVG_11_TestSuite/svg/struct-dom-01-b.svg	pass	8647	3587	5060
svgs/W3C_SVG_11_TestSuite/svg/struct-dom-02-b.svg	pass	5409	2783	2626
svgs/W3C_SVG_11_TestSuite/svg/struct-dom-03-b.svg	pass	5426	2806	2620
svgs/W3C_SVG_11_TestSuite/svg/struct-dom-04-b.svg	pass	6246	3612	2634
svgs/W3C_SVG_11_TestSuite/svg/struct-dom-05-b.svg	pass	6229	3595	2634
svgs/W3C_SVG_11_TestSuite/svg/struct-dom-06-b.svg	pass	5048	2193	2855
svgs/W3C_SVG_11_TestSuite/svg/struct-dom-07-f.svg	pass	4499	2358	2141
svgs/W3C_SVG_11_TestSuite/svg/struct-dom-08-f.svg	pass	3546	1493	2053
svgs/W3C_SVG_11_TestSuite/svg/struct-dom-11-f.svg	pass	5653	3404	2249
svgs/W3C_SVG_11_TestSuite/svg/struct-dom-12-b.svg	pass	4324	1357	2967
svgs/W3C_SVG_11_TestSuite/svg/struct-dom-13-f.svg	pass	5400	3395	2005
svgs/W3C_SVG_11_TestSuite/svg/struct-dom-14-f.svg	pass	5211	1301	3910
svgs/W3C_SVG_11_TestSuite/svg/struct-dom-15-f.svg	pass	6660	1396	5264
svgs/W3C_SVG_11_TestSuite/svg/struct-dom-16-f.svg	pass	5992	3775	2217
svgs/W3C_SVG_11_TestSuite/svg/struct-dom-17-f.svg	pass	4712	2630	2082
svgs/W3C_SVG_11_TestSuite/svg/struct-dom-18-f.svg	pass	6931	4426	2505
svgs/W3C_SVG_11_TestSuite/svg/struct-dom-19-f.svg	pass	4342	2243	2099
svgs/W3C_SVG_11_TestSuite/svg/struct-dom-20-f.svg	pass	7282	1516	5766
svgs/W3C_SVG_11_TestSuite/svg/struct-frag-01-t.svg	pass	2438	537	1901
svgs/W3C_SVG_11_TestSuite/svg/struct-frag-02-t.svg	pass	3554	958	2596
svgs/W3C_SVG_11_TestSuite/svg/struct-frag-03-t.svg	pass	3611	931	2680
svgs/W3C_SVG_11_TestSuite/svg/struct-frag-04-t.svg	pass	3590	917	2673
svgs/W3C_SVG_11_TestSuite/svg/struct-frag-05-t.svg	pass	4942	1429	3513
svgs/W3C_SVG_11_TestSuite/svg/struct-frag-06-t.svg	pass	4767	1422	3345
svgs/W3C_SVG_11_TestSuite/svg/struct-group-01-t.svg	pass	4231	1087	3144
svgs/W3C_SVG_11_TestSuite/svg/struct-group-02-b.svg	pass	4436	1176	3260
svgs/W3C_SVG_11_TestSuite/svg/struct-group-03-t.svg	pass	12165	6411	5754
svgs/W3C_SVG_11_TestSuite/svg/struct-image-01-t.svg	pass	3289	998	2291
svgs/W3C_SVG_11_TestSuite/svg/struct-image-02-b.svg	pass	5000	1881	3119
svgs/W3C_SVG_11_TestSuite/svg/struct-image-03-t.svg	pass	3538	1294	2244
svgs/W3C_SVG_11_TestSuite/svg/struct-image-04-t.svg	pass	32937	30592	2345
svgs/W3C_SVG_11_TestSuite/svg/struct-image-05-b.svg	pass	3096	883	2213
svgs/W3C_SVG_11_TestSuite/svg/struct-image-06-t.svg	pass	5562	2020	3542
svgs/W3C_SVG_11_TestSuite/svg/struct-image-07-t.svg	pass	3932	1586	2346
svgs/W3C_SVG_11_TestSuite/svg/struct-image-08-t.svg	pass	3159	1169	1990
svgs/W3C_SVG_11_TestSuite/svg/struct-image-09-t.svg	pass	3161	1184	1977
svgs/W3C_SVG_11_TestSuite/svg/struct-image-10-t.svg	pass	3157	1163	1994
svgs/W3C_SVG_11_TestSuite/svg/struct-image-11-b.svg	pass	3607	1853	1754
svgs/W3C_SVG_11_TestSuite/svg/struct-image-12-b.svg	pass	3837	1506	2331
svgs/W3C_SVG_11_TestSuite/svg/struct-image-13-f.svg	pass	5522	2604	2918
svgs/W3C_SVG_11_TestSuite/svg/struct-image-14-f.svg	pass	5517	2600	2917
svgs/W3C_SVG_11_TestSuite/svg/struct-image-15-f.svg	pass	6635	2841	3794
svgs/W3C_SVG_11_TestSuite/svg/struct-image-16-f.svg	pass	2706	904	1802
svgs/W3C_SVG_11_TestSuite/svg/struct-image-17-b.svg	pass	3156	1237	1919
svgs/W3C_SVG_11_TestSuite/svg/struct-image-18-f.svg	pass	3152	1256	1896
svgs/W3C_SVG_11_TestSuite/svg/struct-image-19-f.svg	pass	3368	1340	2028
svgs/W3C_SVG_11_TestSuite/svg/struct-svg-01-f.svg	pass	4862	2818	2044
svgs/W3C_SVG_11_TestSuite/svg/struct-svg-02-f.svg	pass	6768	5046	1722
svgs/W3C_SVG_11_TestSuite/svg/struct-svg-03-f.svg	pass	3111	1324	1787
svgs/W3C_SVG_11_TestSuite/svg/struct-symbol-01-b.svg	pass	5049	1308	3741
svgs/W3C_SVG_11_TestSuite/svg/struct-use-01-t.svg	pass	5603	2602	3001
svgs/W3C_SVG_11_TestSuite/svg/struct-use-03-t.svg	pass	3756	1220	2536
svgs/W3C_SVG_11_TestSuite/svg/struct-use-04-b.svg	pass	3406	1175	2231
svgs/W3C_SVG_11_TestSuite/svg/struct-use-05-b.svg	pass	4910	1462	3448
svgs/W3C_SVG_11_TestSuite/svg/struct-use-06-b.svg	pass	3514	1298	2216
svgs/W3C_SVG_11_TestSuite/svg/struct-use-07-b.svg	pass	4399	1903	2496
svgs/W3C_SVG_11_TestSuite/svg/struct-use-08-b.svg	pass	3876	1707	2169
svgs/W3C_SVG_11_TestSuite/svg/struct-use-09-b.svg	pass	3852	1750	2102
svgs/W3C_SVG_11_TestSuite/svg/struct-use-12-f.svg	pass	5877	1765	4112
svgs/W3C_SVG_11_TestSuite/svg/struct-use-13-f.svg	pass	3834	1556	2278
svgs/W3C_SVG_11_TestSuite/svg/struct-use-14-f.svg	pass	3551	1622	1929
svgs/W3C_SVG_11_TestSuite/svg/struct-use-15-f.svg	pass	4024	1824	2200
svgs/W3C_SVG_11_TestSuite/svg/styling-class-01-f.svg	pass	3363	1060	2303
svgs/W3C_SVG_11_TestSuite/svg/styling-css-02-b.svg	pass	4137	1369	2768
svgs/W3C_SVG_11_TestSuite/svg/styling-css-03-b.svg	pass	5246	1553	3693
svgs/W3C_SVG_11_TestSuite/svg/styling-css-05-b.svg	pass	3815	1202	2613
svgs/W3C_SVG_11_TestSuite/svg/styling-css-06-b.svg	pass	29103	1650	27453
svgs/W3C_SVG_11_TestSuite/svg/styling-css-07-f.svg	pass	2899	792	2107
svgs/W3C_SVG_11_TestSuite/svg/styling-css-09-f.svg	pass	4404	1737	2667
svgs/W3C_SVG_11_TestSuite/svg/styling-css-10-f.svg	pass	3559	1430	2129
svgs/W3C_SVG_11_TestSuite/svg/styling-elem-01-b.svg	pass	3519	1241	2278
svgs/W3C_SVG_11_TestSuite/svg/styling-inherit-01-b.svg	pass	4258	1294	2964
svgs/W3C_SVG_11_TestSuite/svg/styling-pres-01-t.svg	pass	3395	970	2425
svgs/W3C_SVG_11_TestSuite/svg/styling-pres-02-f.svg	pass	9352	5016	4336
svgs/W3C_SVG_11_TestSuite/svg/styling-pres-03-f.svg	pass	2773	1041	1732
svgs/W3C_SVG_11_TestSuite/svg/styling-pres-05-f.svg	pass	3615	1761	1854
svgs/W3C_SVG_11_TestSuite/svg/svgdom-over-01-f.svg	pass	8040	6180	1860
svgs/W3C_SVG_11_TestSuite/svg/text-align-01-b.svg	pass	4138	1501	2637
svgs/W3C_SVG_11_TestSuite/svg/text-align-02-b.svg	pass	3974	1377	2597
svgs/W3C_SVG_11_TestSuite/svg/text-align-03-b.svg	pass	3996	1209	2787
svgs/W3C_SVG_11_TestSuite/svg/text-align-04-b.svg	pass	4939	1586	3353
svgs/W3C_SVG_11_TestSuite/svg/text-align-05-b.svg	pass	3981	1258	2723
svgs/W3C_SVG_11_TestSuite/svg/text-align-06-b.svg	pass	4743	1499	3244
svgs/W3C_SVG_11_TestSuite/svg/text-align-07-t.svg	pass	4698	1539	3159
svgs/W3C_SVG_11_TestSuite/svg/text-align-08-b.svg	pass	4808	1538	3270
svgs/W3C_SVG_11_TestSuite/svg/text-altglyph-01-b.svg	pass	6770	1928	4842
svgs/W3C_SVG_11_TestSuite/svg/text-altglyph-02-b.svg	pass	17278	11485	5793
svgs/W3C_SVG_11_TestSuite/svg/text-altglyph-03-b.svg	pass	18401	12562	5839
svgs/W3C_SVG_11_TestSuite/svg/text-bidi-01-t.svg	pass	3174	1196	1978
svgs/W3C_SVG_11_TestSuite/svg/text-deco-01-b.svg	pass	4100	1368	2732
svgs/W3C_SVG_11_TestSuite/svg/text-dom-01-f.svg	pass	13929	8110	5819
svgs/W3C_SVG_11_TestSuite/svg/text-dom-02-f.svg	pass	5572	2735	2837
svgs/W3C_SVG_11_TestSuite/svg/text-dom-03-f.svg	pass	5410	2766	2644
svgs/W3C_SVG_11_TestSuite/svg/text-dom-04-f.svg	pass	6746	4716	2030
svgs/W3C_SVG_11_TestSuite/svg/text-dom-05-f.svg	pass	7071	4339	2732
svgs/W3C_SVG_11_TestSuite/svg/text-fonts-01-t.svg	pass	5250	1615	3635
svgs/W3C_SVG_11_TestSuite/svg/text-fonts-02-t.svg	pass	4914	1560	3354
svgs/W3C_SVG_11_TestSuite/svg/text-fonts-03-t.svg	pass	7279	1438	5841
svgs/W3C_SVG_11_TestSuite/svg/text-fonts-04-t.svg	pass	4212	1432	2780
svgs/W3C_SVG_11_TestSuite/svg/text-fonts-05-f.svg	pass	2980	1126	1854
svgs/W3C_SVG_11_TestSuite/svg/text-fonts-202-t.svg	pass	5151	1670	3481
svgs/W3C_SVG_11_TestSuite/svg/text-fonts-203-t.svg	pass	6498	1684	4814
svgs/W3C_SVG_11_TestSuite/svg/text-fonts-204-t.svg	pass	6129	2832	3297
svgs/W3C_SVG_11_TestSuite/svg/text-intro-01-t.svg	pass	5081	1577	3504
svgs/W3C_SVG_11_TestSuite/svg/text-intro-02-b.svg	pass	4605	1736	2869
svgs/W3C_SVG_11_TestSuite/svg/text-intro-03-b.svg	pass	4721	1257	3464
svgs/W3C_SVG_11_TestSuite/svg/text-intro-04-t.svg	pass	4247	1516	2731
svgs/W3C_SVG_11_TestSuite/svg/text-intro-05-t.svg	pass	4109	1143	2966
svgs/W3C_SVG_11_TestSuite/svg/text-intro-06-t.svg	pass	4750	1301	3449
svgs/W3C_SVG_11_TestSuite/svg/text-intro-07-t.svg	pass	3219	991	2228
svgs/W3C_SVG_11_TestSuite/svg/text-intro-09-b.svg	pass	4677	1932	2745
svgs/W3C_SVG_11_TestSuite/svg/text-intro-10-f.svg	pass	4219	1364	2855
svgs/W3C_SVG_11_TestSuite/svg/text-intro-11-t.svg	pass	4700	1471	3229
svgs/W3C_SVG_11_TestSuite/svg/text-intro-12-t.svg	pass	4444	1566	2878
svgs/W3C_SVG_11_TestSuite/svg/text-path-01-b.svg	pass	4935	2328	2607
svgs/W3C_SVG_11_TestSuite/svg/text-path-02-b.svg	pass	4941	2255	2686
svgs/W3C_SVG_11_TestSuite/svg/text-spacing-01-b.svg	pass	3784	1086	2698
svgs/W3C_SVG_11_TestSuite/svg/text-text-01-b.svg	pass	10257	3275	6982
svgs/W3C_SVG_11_TestSuite/svg/text-text-03-b.svg	pass	5248	1617	3631
svgs/W3C_SVG_11_TestSuite/svg/text-text-04-t.svg	pass	11509	6530	4979
svgs/W3C_SVG_11_TestSuite/svg/text-text-05-t.svg	pass	8364	4669	3695
svgs/W3C_SVG_11_TestSuite/svg/text-text-06-t.svg	pass	7434	3180	4254
svgs/W3C_SVG_11_TestSuite/svg/text-text-07-t.svg	pass	4255	1105	3150
svgs/W3C_SVG_11_TestSuite/svg/text-text-08-b.svg	pass	3766	983	2783
svgs/W3C_SVG_11_TestSuite/svg/text-text-09-t.svg	pass	4579	1017	3562
svgs/W3C_SVG_11_TestSuite/svg/text-text-10-t.svg	mismatch	4553	2709	1844
svgs/W3C_SVG_11_TestSuite/svg/text-text-11-t.svg	mismatch	4903	2692	2211
svgs/W3C_SVG_11_TestSuite/svg/text-text-12-t.svg	pass	8863	5159	3704
svgs/W3C_SVG_11_TestSuite/svg/text-tref-01-b.svg	pass	3737	1218	2519
svgs/W3C_SVG_11_TestSuite/svg/text-tref-02-b.svg	pass	3698	1089	2609
svgs/W3C_SVG_11_TestSuite/svg/text-tref-03-b.svg	pass	3749	1288	2461
svgs/W3C_SVG_11_TestSuite/svg/text-tselect-01-b.svg	pass	4184	1539	2645
svgs/W3C_SVG_11_TestSuite/svg/text-tselect-02-f.svg	pass	6469	1873	4596
svgs/W3C_SVG_11_TestSuite/svg/text-tselect-03-f.svg	pass	6855	2036	4819
svgs/W3C_SVG_11_TestSuite/svg/text-tspan-01-b.svg	pass	6447	2397	4050
svgs/W3C_SVG_11_TestSuite/svg/text-tspan-02-b.svg	pass	6546	2319	4227
svgs/W3C_SVG_11_TestSuite/svg/text-ws-01-t.svg	pass	5664	1685	3979
svgs/W3C_SVG_11_TestSuite/svg/text-ws-02-t.svg	pass	5769	1757	4012
svgs/W3C_SVG_11_TestSuite/svg/text-ws-03-t.svg	pass	4026	1744	2282
svgs/W3C_SVG_11_TestSuite/svg/types-basic-01-f.svg	pass	3521	1237	2284
svgs/W3C_SVG_11_TestSuite/svg/types-basic-02-f.svg	pass	4451	1882	2569
svgs/W3C_SVG_11_TestSuite/svg/types-dom-01-b.svg	mismatch	6560	3665	2895
svgs/W3C_SVG_11_TestSuite/svg/types-dom-02-f.svg	pass	6180	3339	2841
svgs/W3C_SVG_11_TestSuite/svg/types-dom-03-b.svg	pass	3502	1476	2026
svgs/W3C_SVG_11_TestSuite/svg/types-dom-04-b.svg	pass	9585	6323	3262
svgs/W3C_SVG_11_TestSuite/svg/types-dom-05-b.svg	pass	5146	2936	2210
svgs/W3C_SVG_11_TestSuite/svg/types-dom-06-f.svg	pass	5190	1512	3678
svgs/W3C_SVG_11_TestSuite/svg/types-dom-07-f.svg	pass	6288	3533	2755
svgs/W3C_SVG_11_TestSuite/svg/types-dom-08-f.svg	pass	8417	6463	1954
svgs/W3C_SVG_11_TestSuite/svg/types-dom-svgfittoviewbox-01-f.svg	pass	4126	2373	1753
svgs/W3C_SVG_11_TestSuite/svg/types-dom-svglengthlist-01-f.svg	pass	4788	2784	2004
svgs/W3C_SVG_11_TestSuite/svg/types-dom-svgnumberlist-01-f.svg	pass	4799	2790	2009
svgs/W3C_SVG_11_TestSuite/svg/types-dom-svgstringlist-01-f.svg	pass	4628	2657	1971
svgs/W3C_SVG_11_TestSuite/svg/types-dom-svgtransformable-01-f.svg	pass	3830	2314	1516
svgs/oxygen-icons-5.113.0/scalable/actions/application-exit.svg	pass	36889	14254	22635
svgs/oxygen-icons-5.113.0/scalable/actions/appointment-new.svg	pass	89047	37580	51467
svgs/oxygen-icons-5.113.0/scalable/actions/arrow-down-double.svg	pass	38955	10271	28684
svgs/oxygen-icons-5.113.0/scalable/actions/arrow-down.svg	pass	35427	8191	27236
svgs/oxygen-icons-5.113.0/scalable/actions/arrow-left-double.svg	pass	38742	10007	28735
svgs/oxygen-icons-5.113.0/scalable/actions/arrow-left.svg	pass	35373	8045	27328
svgs/oxygen-icons-5.113.0/scalable/actions/arrow-right-double.svg	pass	42806	10156	32650
svgs/oxygen-icons-5.113.0/scalable/actions/arrow-right.svg	pass	35374	8118	27256
svgs/oxygen-icons-5.113.0/scalable/actions/arrow-up-double.svg	pass	38950	10242	28708
svgs/oxygen-icons-5.113.0/scalable/actions/arrow-up.svg	pass	35419	8192	27227
svgs/oxygen-icons-5.113.0/scalable/actions/bookmark-new-list.svg	pass	126573	52619	73954
svgs/oxygen-icons-5.113.0/scalable/actions/bookmark-new.svg	pass	29036	9641	19395
svgs/oxygen-icons-5.113.0/scalable/actions/bookmark-toolbar.svg	pass	93905	23153	70752
svgs/oxygen-icons-5.113.0/scalable/actions/call-start.svg	pass	43839	7959	35880
svgs/oxygen-icons-5.113.0/scalable/actions/call-stop.svg	pass	60538	7744	52794
svgs/oxygen-icons-5.113.0/scalable/actions/character-set.svg	pass	7814	3287	4527
svgs/oxygen-icons-5.113.0/scalable/actions/chronometer.svg	pass	152377	96171	56206
svgs/oxygen-icons-5.113.0/scalable/actions/configure-shortcuts.svg	pass	172156	27536	144620
svgs/oxygen-icons-5.113.0/scalable/actions/configure-toolbars.svg	pass	104914	36152	68762
svgs/oxygen-icons-5.113.0/scalable/actions/configure.svg	pass	177750	30156	147594
svgs/oxygen-icons-5.113.0/scalable/actions/contact-new.svg	pass	247470	116597	130873
svgs/oxygen-icons-5.113.0/scalable/actions/dashboard-show.svg	pass	251893	128458	123435
svgs/oxygen-icons-5.113.0/scalable/actions/dialog-cancel.svg	pass	32985	13156	19829
svgs/oxygen-icons-5.113.0/scalable/actions/dialog-close.svg	pass	12793	4469	8324
svgs/oxygen-icons-5.113.0/scalable/actions/dialog-ok-apply.svg	pass	19900	9109	10791
svgs/oxygen-icons-5.113.0/scalable/actions/dialog-ok.svg	pass	20670	9298	11372
svgs/oxygen-icons-5.113.0/scalable/actions/document-close.svg	pass	13577	8749	4828
svgs/oxygen-icons-5.113.0/scalable/actions/document-decrypt.svg	pass	276159	181234	94925
svgs/oxygen-icons-5.113.0/scalable/actions/document-edit.svg	pass	559805	17316	542489
svgs/oxygen-icons-5.113.0/scalable/actions/document-encrypt.svg	pass	275209	181213	93996
svgs/oxygen-icons-5.113.0/scalable/actions/document-new.svg	pass	18127	8171	9956
svgs/oxygen-icons-5.113.0/scalable/actions/document-open-recent.svg	pass	22278	9700	12578
svgs/oxygen-icons-5.113.0/scalable/actions/document-preview-archive.svg	pass	182972	34439	148533
svgs/oxygen-icons-5.113.0/scalable/actions/document-preview.svg	pass	135881	29744	106137
svgs/oxygen-icons-5.113.0/scalable/actions/document-print-direct.svg	pass	73592	31343	42249
svgs/oxygen-icons-5.113.0/scalable/actions/document-print-frame.svg	pass	364728	23434	341294
svgs/oxygen-icons-5.113.0/scalable/actions/document-print-preview.svg	mismatch	413415	35910	377505
svgs/oxygen-icons-5.113.0/scalable/actions/document-print.svg	pass	358767	21809	336958
svgs/oxygen-icons-5.113.0/scalable/actions/document-properties.svg	pass	44223	18399	25824
svgs/oxygen-icons-5.113.0/scalable/actions/document-revert.svg	pass	45762	21654	24108
svgs/oxygen-icons-5.113.0/scalable/actions/document-save-all.svg	pass	2364155	1490492	873663
svgs/oxygen-icons-5.113.0/scalable/actions/document-save-as.svg	pass	1189733	762017	427716
svgs/oxygen-icons-5.113.0/scalable/actions/document-save.svg	pass	1116723	748961	367762
svgs/oxygen-icons-5.113.0/scalable/actions/document-sign.svg	pass	70281	21939	48342
svgs/oxygen-icons-5.113.0/scalable/actions/draw-brush.svg	pass	27358	13509	13849
svgs/oxygen-icons-5.113.0/scalable/actions/draw-eraser.svg	pass	88020	14278	73742
svgs/oxygen-icons-5.113.0/scalable/actions/draw-freehand.svg	pass	56327	13957	42370
svgs/oxygen-icons-5.113.0/scalable/actions/draw-text.svg	pass	10064	1395	8669
svgs/oxygen-icons-5.113.0/scalable/actions/edit-bomb.svg	pass	134577	18587	115990
svgs/oxygen-icons-5.113.0/scalable/actions/edit-clear-history.svg	pass	53368	22698	30670
svgs/oxygen-icons-5.113.0/scalable/actions/edit-clear-locationbar-ltr.svg	pass	27797	9507	18290
svgs/oxygen-icons-5.113.0/scalable/actions/edit-clear-locationbar-rtl.svg	pass	27070	9228	17842
svgs/oxygen-icons-5.113.0/scalable/actions/edit-clear.svg	pass	252756	39298	213458
svgs/oxygen-icons-5.113.0/scalable/actions/edit-copy.svg	pass	14791	3422	11369
svgs/oxygen-icons-5.113.0/scalable/actions/edit-cut.svg	pass	44432	17582	26850
svgs/oxygen-icons-5.113.0/scalable/actions/edit-delete-shred.svg	pass	367707	20667	347040
svgs/oxygen-icons-5.113.0/scalable/actions/edit-delete.svg	pass	183151	12912	170239
svgs/oxygen-icons-5.113.0/scalable/actions/edit-find-mail.svg	pass	118019	65525	52494
svgs/oxygen-icons-5.113.0/scalable/actions/edit-find-user.svg	pass	364049	92266	271783
svgs/oxygen-icons-5.113.0/scalable/actions/edit-find.svg	pass	151850	64615	87235
svgs/oxygen-icons-5.113.0/scalable/actions/edit-paste.svg	pass	113986	16104	97882
svgs/oxygen-icons-5.113.0/scalable/actions/edit-redo.svg	pass	37276	18375	18901
svgs/oxygen-icons-5.113.0/scalable/actions/edit-rename.svg	pass	35606	2723	32883
svgs/oxygen-icons-5.113.0/scalable/actions/edit-undo.svg	pass	35899	17365	18534
svgs/oxygen-icons-5.113.0/scalable/actions/feed-subscribe.svg	pass	27936	15414	12522
svgs/oxygen-icons-5.113.0/scalable/actions/fill-color.svg	pass	54175	23613	30562
svgs/oxygen-icons-5.113.0/scalable/actions/flag-black.svg	pass	29081	15903	13178
svgs/oxygen-icons-5.113.0/scalable/actions/flag-blue.svg	pass	32790	16970	15820
svgs/oxygen-icons-5.113.0/scalable/actions/flag-green.svg	pass	31882	16538	15344
svgs/oxygen-icons-5.113.0/scalable/actions/flag-red.svg	pass	31597	16971	14626
svgs/oxygen-icons-5.113.0/scalable/actions/flag-yellow.svg	pass	31600	16971	14629
svgs/oxygen-icons-5.113.0/scalable/actions/flag.svg	pass	31882	16538	15344
svgs/oxygen-icons-5.113.0/scalable/actions/fork.svg	pass	35047	18442	16605
svgs/oxygen-icons-5.113.0/scalable/actions/format-fill-color.svg	pass	54175	23613	30562
svgs/oxygen-icons-5.113.0/scalable/actions/format-stroke-color.svg	pass	103713	20341	83372
svgs/oxygen-icons-5.113.0/scalable/actions/format-text-color.svg	pass	91476	4015	87461
svgs/oxygen-icons-5.113.0/scalable/actions/games-config-background.svg	pass	1058528	551579	506949
svgs/oxygen-icons-5.113.0/scalable/actions/games-config-board.svg	pass	35109	15254	19855
svgs/oxygen-icons-5.113.0/scalable/actions/games-config-custom.svg	pass	310571	93031	217540
svgs/oxygen-icons-5.113.0/scalable/actions/games-config-options.svg	pass	257720	74520	183200
svgs/oxygen-icons-5.113.0/scalable/actions/games-config-theme.svg	pass	377538	73041	304497
svgs/oxygen-icons-5.113.0/scalable/actions/games-config-tiles.svg	pass	19584	9353	10231
svgs/oxygen-icons-5.113.0/scalable/actions/games-difficult.svg	pass	196571	3808	192763
svgs/oxygen-icons-5.113.0/scalable/actions/games-endturn.svg	pass	192120	1398	190722
svgs/oxygen-icons-5.113.0/scalable/actions/games-hint.svg	pass	386677	29855	356822
svgs/oxygen-icons-5.113.0/scalable/actions/games-solve.svg	pass	102636	54638	47998
svgs/oxygen-icons-5.113.0/scalable/actions/get-hot-new-stuff.svg	pass	31246	13235	18011
svgs/oxygen-icons-5.113.0/scalable/actions/go-bottom.svg	pass	88049	16355	71694
svgs/oxygen-icons-5.113.0/scalable/actions/go-down-search.svg	pass	63388	7645	55743
svgs/oxygen-icons-5.113.0/scalable/actions/go-down.svg	pass	44323	11195	33128
svgs/oxygen-icons-5.113.0/scalable/actions/go-first-view-page.svg	pass	97481	23693	73788
svgs/oxygen-icons-5.113.0/scalable/actions/go-first-view.svg	pass	42182	11479	30703
svgs/oxygen-icons-5.113.0/scalable/actions/go-first.svg	pass	108477	14665	93812
svgs/oxygen-icons-5.113.0/scalable/actions/go-home.svg	pass	34902	14793	20109
svgs/oxygen-icons-5.113.0/scalable/actions/go-jump-today.svg	pass	91819	35826	55993
svgs/oxygen-icons-5.113.0/scalable/actions/go-jump.svg	pass	5969	2542	3427
svgs/oxygen-icons-5.113.0/scalable/actions/go-last-view-page.svg	pass	97374	23654	73720
svgs/oxygen-icons-5.113.0/scalable/actions/go-last-view.svg	pass	37858	11794	26064
svgs/oxygen-icons-5.113.0/scalable/actions/go-last.svg	pass	129883	16066	113817
svgs/oxygen-icons-5.113.0/scalable/actions/go-next-view-page.svg	pass	84367	17158	67209
svgs/oxygen-icons-5.113.0/scalable/actions/go-next-view.svg	pass	11202	5962	5240
svgs/oxygen-icons-5.113.0/scalable/actions/go-next.svg	pass	33638	10410	23228
svgs/oxygen-icons-5.113.0/scalable/actions/go-previous-view-page.svg	pass	84215	17137	67078
svgs/oxygen-icons-5.113.0/scalable/actions/go-previous-view.svg	pass	10350	5418	4932
svgs/oxygen-icons-5.113.0/scalable/actions/go-previous.svg	pass	36316	9274	27042
svgs/oxygen-icons-5.113.0/scalable/actions/go-top.svg	pass	116030	15702	100328
svgs/oxygen-icons-5.113.0/scalable/actions/go-up-search.svg	pass	58217	7687	50530
svgs/oxygen-icons-5.113.0/scalable/actions/go-up.svg	pass	38711	10407	28304
svgs/oxygen-icons-5.113.0/scalable/actions/help-contextual.svg	pass	463658	101661	361997
svgs/oxygen-icons-5.113.0/scalable/actions/help-hint.svg	pass	51296	28691	22605
svgs/oxygen-icons-5.113.0/scalable/actions/hidef/archive-insert-directory.svg	pass	173769	127126	46643
svgs/oxygen-icons-5.113.0/scalable/actions/hidef/continue-data-project.svg	pass	83679	44268	39411
svgs/oxygen-icons-5.113.0/scalable/actions/hidef/folder-new.svg	pass	173769	127126	46643
svgs/oxygen-icons-5.113.0/scalable/actions/hidef/tools-media-optical-copy.svg	pass	54938	29230	25708
svgs/oxygen-icons-5.113.0/scalable/actions/hidef/tools-media-optical-erase.svg	pass	125854	25149	100705
svgs/oxygen-icons-5.113.0/scalable/actions/hidef/tools-media-optical-format.svg	pass	60907	32890	28017
svgs/oxygen-icons-5.113.0/scalable/actions/hidef/tools-rip-audio-cd.svg	pass	168814	50859	117955
svgs/oxygen-icons-5.113.0/scalable/actions/hidef/tools-rip-video-cd.svg	pass	484245	285895	198350
svgs/oxygen-icons-5.113.0/scalable/actions/hidef/tools-rip-video-dvd.svg	pass	1702938	507077	1195861
svgs/oxygen-icons-5.113.0/scalable/actions/im-ban-kick-user.svg	mismatch	105229	49502	55727
svgs/oxygen-icons-5.113.0/scalable/actions/im-ban-user.svg	mismatch	60900	26407	34493
svgs/oxygen-icons-5.113.0/scalable/actions/im-invisible-user.svg	pass	172968	27249	145719
svgs/oxygen-icons-5.113.0/scalable/actions/im-kick-user.svg	pass	52997	24158	28839
svgs/oxygen-icons-5.113.0/scalable/actions/im-user-away.svg	pass	158079	24302	133777
svgs/oxygen-icons-5.113.0/scalable/actions/im-user-busy.svg	pass	65295	35119	30176
svgs/oxygen-icons-5.113.0/scalable/actions/im-user-offline.svg	pass	44503	22752	21751
svgs/oxygen-icons-5.113.0/scalable/actions/im-user.svg	pass	143209	14126	129083
svgs/oxygen-icons-5.113.0/scalable/actions/insert-horizontal-rule.svg	pass	219790	13832	205958
svgs/oxygen-icons-5.113.0/scalable/actions/insert-image.svg	pass	930007	562517	367490
svgs/oxygen-icons-5.113.0/scalable/actions/insert-link.svg	pass	195009	16798	178211
svgs/oxygen-icons-5.113.0/scalable/actions/insert-table.svg	pass	41601	16386	25215
svgs/oxygen-icons-5.113.0/scalable/actions/insert-text.svg	pass	38379	14178	24201
svgs/oxygen-icons-5.113.0/scalable/actions/irc-close-channel.svg	mismatch	66512	34156	32356
svgs/oxygen-icons-5.113.0/scalable/actions/irc-join-channel.svg	pass	273405	36200	237205
svgs/oxygen-icons-5.113.0/scalable/actions/irc-operator.svg	pass	92010	44933	47077
svgs/oxygen-icons-5.113.0/scalable/actions/irc-remove-operator.svg	mismatch	151239	57086	94153
svgs/oxygen-icons-5.113.0/scalable/actions/irc-unvoice.svg	mismatch	60869	28884	31985
svgs/oxygen-icons-5.113.0/scalable/actions/irc-voice.svg	pass	31855	16286	15569
svgs/oxygen-icons-5.113.0/scalable/actions/key-enter.svg	pass	141876	8399	133477
svgs/oxygen-icons-5.113.0/scalable/actions/layer-visible-off.svg	pass	32870	14153	18717
svgs/oxygen-icons-5.113.0/scalable/actions/layer-visible-on.svg	pass	55282	14124	41158
svgs/oxygen-icons-5.113.0/scalable/actions/list-add-font.svg	pass	240280	15458	224822
svgs/oxygen-icons-5.113.0/scalable/actions/list-add-user.svg	pass	149830	37821	112009
svgs/oxygen-icons-5.113.0/scalable/actions/list-add.svg	mismatch	21650	10836	10814
svgs/oxygen-icons-5.113.0/scalable/actions/list-remove-user.svg	mismatch	194208	37616	156592
svgs/oxygen-icons-5.113.0/scalable/actions/list-remove.svg	mismatch	14594	6637	7957
svgs/oxygen-icons-5.113.0/scalable/actions/mail-flag.svg	pass	67716	37931	29785
svgs/oxygen-icons-5.113.0/scalable/actions/mail-mark-junk.svg	pass	110844	31865	78979
svgs/oxygen-icons-5.113.0/scalable/actions/mail-mark-task.svg	pass	62361	35620	26741
svgs/oxygen-icons-5.113.0/scalable/actions/mail-receive.svg	pass	57033	13888	43145
svgs/oxygen-icons-5.113.0/scalable/actions/mail-send.svg	mismatch	29737	13637	16100
svgs/oxygen-icons-5.113.0/scalable/actions/media-eject.svg	pass	8207	3054	5153
svgs/oxygen-icons-5.113.0/scalable/actions/media-playback-pause.svg	pass	8309	3065	5244
svgs/oxygen-icons-5.113.0/scalable/actions/media-playback-start.svg	pass	7618	2757	4861
svgs/oxygen-icons-5.113.0/scalable/actions/media-playback-stop.svg	pass	7730	2779	4951
svgs/oxygen-icons-5.113.0/scalable/actions/media-record.svg	pass	7773	2876	4897
svgs/oxygen-icons-5.113.0/scalable/actions/media-seek-backward.svg	pass	8809	3045	5764
svgs/oxygen-icons-5.113.0/scalable/actions/media-seek-forward.svg	pass	8125	3042	5083
svgs/oxygen-icons-5.113.0/scalable/actions/media-skip-backward.svg	pass	8208	3050	5158
svgs/oxygen-icons-5.113.0/scalable/actions/media-skip-forward.svg	pass	8202	3044	5158
svgs/oxygen-icons-5.113.0/scalable/actions/network-connect.svg	pass	61992	21048	40944
svgs/oxygen-icons-5.113.0/scalable/actions/network-disconnect.svg	pass	44558	16713	27845
svgs/oxygen-icons-5.113.0/scalable/actions/object-flip-horizontal.svg	pass	73516	6301	67215
svgs/oxygen-icons-5.113.0/scalable/actions/object-flip-vertical.svg	pass	73491	5996	67495
svgs/oxygen-icons-5.113.0/scalable/actions/office-chart-area-focus-peak-node.svg	pass	15748	7285	8463
svgs/oxygen-icons-5.113.0/scalable/actions/office-chart-area-percentage.svg	pass	22543	8230	14313
svgs/oxygen-icons-5.113.0/scalable/actions/office-chart-area-stacked.svg	pass	11935	6047	5888
svgs/oxygen-icons-5.113.0/scalable/actions/office-chart-area.svg	pass	13312	6005	7307
svgs/oxygen-icons-5.113.0/scalable/actions/office-chart-bar-percentage.svg	pass	152820	12742	140078
svgs/oxygen-icons-5.113.0/scalable/actions/office-chart-bar-stacked.svg	pass	144944	11949	132995
svgs/oxygen-icons-5.113.0/scalable/actions/office-chart-bar.svg	pass	139563	7397	132166
svgs/oxygen-icons-5.113.0/scalable/actions/office-chart-line-percentage.svg	pass	16128	5145	10983
svgs/oxygen-icons-5.113.0/scalable/actions/office-chart-line-stacked.svg	pass	8074	3844	4230
svgs/oxygen-icons-5.113.0/scalable/actions/office-chart-line.svg	pass	7762	3821	3941
svgs/oxygen-icons-5.113.0/scalable/actions/office-chart-pie.svg	pass	134677	16835	117842
svgs/oxygen-icons-5.113.0/scalable/actions/office-chart-polar-stacked.svg	pass	12113	4300	7813
svgs/oxygen-icons-5.113.0/scalable/actions/office-chart-polar.svg	pass	69730	2547	67183
svgs/oxygen-icons-5.113.0/scalable/actions/office-chart-ring.svg	pass	34227	9859	24368
svgs/oxygen-icons-5.113.0/scalable/actions/office-chart-scatter.svg	pass	73219	5110	68109
svgs/oxygen-icons-5.113.0/scalable/actions/player-time.svg	pass	156674	97945	58729
svgs/oxygen-icons-5.113.0/scalable/actions/player-volume.svg	mismatch	24632	10233	14399
svgs/oxygen-icons-5.113.0/scalable/actions/process-stop.svg	pass	18090	9156	8934
svgs/oxygen-icons-5.113.0/scalable/actions/quickopen-file.svg	pass	47735	15004	32731
svgs/oxygen-icons-5.113.0/scalable/actions/quickopen.svg	pass	40310	11225	29085
svgs/oxygen-icons-5.113.0/scalable/actions/rating.svg	pass	36369	16464	19905
svgs/oxygen-icons-5.113.0/scalable/actions/resource-group.svg	pass	186562	146970	39592
svgs/oxygen-icons-5.113.0/scalable/actions/roll.svg	pass	38552	15590	22962
svgs/oxygen-icons-5.113.0/scalable/actions/select-rectangular.svg	pass	36096	18452	17644
svgs/oxygen-icons-5.113.0/scalable/actions/services.svg	pass	32790	16970	15820
svgs/oxygen-icons-5.113.0/scalable/actions/show-menu.svg	pass	193812	1664	192148
svgs/oxygen-icons-5.113.0/scalable/actions/skg-chart-bubble.svg	pass	72227	3348	68879
svgs/oxygen-icons-5.113.0/scalable/actions/skrooge_credit_card.svg	pass	769475	447135	322340
svgs/oxygen-icons-5.113.0/scalable/actions/skrooge_less.svg	pass	7092	2670	4422
svgs/oxygen-icons-5.113.0/scalable/actions/skrooge_more.svg	pass	7080	2661	4419
svgs/oxygen-icons-5.113.0/scalable/actions/skrooge_much_less.svg	pass	7550	2673	4877
svgs/oxygen-icons-5.113.0/scalable/actions/skrooge_much_more.svg	pass	7298	2670	4628
svgs/oxygen-icons-5.113.0/scalable/actions/skrooge_type.svg	pass	31984	15479	16505
svgs/oxygen-icons-5.113.0/scalable/actions/small/16x16/acrobat.svg	pass	10962	3850	7112
svgs/oxygen-icons-5.113.0/scalable/actions/small/16x16/address-book-new.svg	pass	3008143	2327564	680579
svgs/oxygen-icons-5.113.0/scalable/actions/small/16x16/align-horizontal-center.svg	pass	10486	5097	5389
svgs/oxygen-icons-5.113.0/scalable/actions/small/16x16/align-horizontal-left-out.svg	pass	11707	5509	6198
svgs/oxygen-icons-5.113.0/scalable/actions/small/16x16/align-horizontal-left.svg	pass	9041	4005	5036
svgs/oxygen-icons-5.113.0/scalable/actions/small/16x16/align-horizontal-right-out.svg	pass	11752	5546	6206
svgs/oxygen-icons-5.113.0/scalable/actions/small/16x16/align-horizontal-right.svg	pass	9076	4039	5037
svgs/oxygen-icons-5.113.0/scalable/actions/small/16x16/align-vertical-bottom-out.svg	pass	11851	5653	6198
svgs/oxygen-icons-5.113.0/scalable/actions/small/16x16/align-vertical-bottom.svg	pass	9466	4358	5108
svgs/oxygen-icons-5.113.0/scalable/actions/small/16x16/align-vertical-center.svg	pass	10879	5451	5428
svgs/oxygen-icons-5.113.0/scalable/actions/small/16x16/align-vertical-top-out.svg	pass	38476	5650	32826
svgs/oxygen-icons-5.113.0/scalable/actions/small/16x16/align-vertical-top.svg	pass	35167	4357	30810
svgs/oxygen-icons-5.113.0/scalable/actions/small/16x16/application-exit.svg	pass	38044	14852	23192
svgs/oxygen-icons-5.113.0/scalable/actions/small/16x16/appointment-new.svg	pass	86846	36549	50297
svgs/oxygen-icons-5.113.0/scalable/actions/small/16x16/archive-extract.svg	pass	23071	8689	14382
svgs/oxygen-icons-5.113.0/scalable/actions/small/16x16/archive-insert-directory.svg	pass	1195796	126829	1068967
svgs/oxygen-icons-5.113.0/scalable/actions/small/16x16/archive-insert.svg	pass	31069	15645	15424
svgs/oxygen-icons-5.113.0/scalable/actions/small/16x16/archive-remove.svg	pass	19825	7910	11915
svgs/oxygen-icons-5.113.0/scalable/actions/small/16x16/arrow-down-double.svg	pass	39869	14813	25056
svgs/oxygen-icons-5.113.0/scalable/actions/small/16x16/arrow-down.svg	pass	33174	9646	23528
svgs/oxygen-icons-5.113.0/scalable/actions/small/16x16/arrow-left-double.svg	pass	33964	14203	19761
svgs/oxygen-icons-5.113.0/scalable/actions/small/16x16/arrow-left.svg	pass	32965	9326	23639
svgs/oxygen-icons-5.113.0/scalable/actions/small/16x16/arrow-right-double.svg	pass	39866	14833	25033
svgs/oxygen-icons-5.113.0/scalable/actions/small/16x16/arrow-right.svg	pass	37192	9646	27546
svgs/oxygen-icons-5.113.0/scalable/actions/small/16x16/arrow-up-double.svg	pass	39867	14834	25033
svgs/oxygen-icons-5.113.0/scalable/actions/small/16x16/arrow-up.svg	pass	33174	9611	23563
svgs/oxygen-icons-5.113.0/scalable/actions/small/16x16/bookmark-new-list.svg	pass	39283	19047	20236
svgs/oxygen-icons-5.113.0/scalable/actions/small/16x16/bookmark-new.svg	pass	36124	10391	25733
svgs/oxygen-icons-5.113.0/scalable/actions/small/16x16/bookmark-toolbar.svg	pass	213835	19724	194111
svgs/oxygen-icons-5.113.0/scalable/actions/small/16x16/bookmarks-organize.svg	pass	423836	397990	25846
svgs/oxygen-icons-5.113.0/scalable/actions/small/16x16/call-start.svg	pass	43838	7967	35871
svgs/oxygen-icons-5.113.0/scalable/actions/small/16x16/call-stop.svg	pass	60543	7741	52802
svgs/oxygen-icons-5.113.0/scalable/actions/small/16x16/character-set.svg	pass	7108	2206	4902
svgs/oxygen-icons-5.113.0/scalable/actions/small/16x16/checkbox.svg	pass	21764	5407	16357
svgs/oxygen-icons-5.113.0/scalable/actions/small/16x16/code-block.svg	pass	41591	8926	32665
svgs/oxygen-icons-5.113.0/scalable/actions/small/16x16/code-class.svg	pass	42815	10681	32134
svgs/oxygen-icons-5.113.0/scalable/actions/small/16x16/code-context.svg	pass	144895	5822	139073
svgs/oxygen-icons-5.113.0/scalable/actions/small/16x16/code-function.svg	pass	35954	6186	29768
svgs/oxygen-icons-5.113.0/scalable/actions/small/16x16/code-typedef.svg	pass	39568	4239	35329
svgs/oxygen-icons-5.113.0/scalable/actions/small/16x16/code-variable.svg	pass	10442	4190	6252
svgs/oxygen-icons-5.113.0/scalable/actions/small/16x16/color-picker-black.svg	pass	76039	20399	55640
svgs/oxygen-icons-5.113.0/scalable/actions/small/16x16/color-picker-grey.svg	pass	38414	19914	18500
svgs/oxygen-icons-5.113.0/scalable/actions/small/16x16/color-picker-white.svg	pass	38407	19906	18501
svgs/oxygen-icons-5.113.0/scalable/actions/small/16x16/color-picker.svg	pass	45990	16749	29241
svgs/oxygen-icons-5.113.0/scalable/actions/small/16x16/configure-shortcuts.svg	pass	186133	30974	155159
svgs/oxygen-icons-5.113.0/scalable/actions/small/16x16/configure-toolbars.svg	pass	224512	30521	193991
svgs/oxygen-icons-5.113.0/scalable/actions/small/16x16/configure.svg	pass	174393	25845	148548
svgs/oxygen-icons-5.113.0/scalable/actions/small/16x16/contact-new.svg	pass	95277	41403	53874
svgs/oxygen-icons-5.113.0/scalable/actions/small/16x16/debug-execute-from-cursor.svg	pass	36960	2938	34022
svgs/oxygen-icons-5.113.0/scalable/actions/small/16x16/debug-execute-to-cursor.svg	pass	35706	2923	32783
svgs/oxygen-icons-5.113.0/scalable/actions/small/16x16/debug-run-cursor.svg	pass	266093	41623	224470
svgs/oxygen-icons-5.113.0/scalable/actions/small/16x16/debug-run.svg	pass	262765	40101	222664
svgs/oxygen-icons-5.113.0/scalable/actions/small/16x16/debug-step-instruction.svg	pass	38765	6726	32039
svgs/oxygen-icons-5.113.0/scalable/actions/small/16x16/debug-step-into-instruction.svg	pass	40278	7190	33088
svgs/oxygen-icons-5.113.0/scalable/actions/small/16x16/debug-step-into.svg	pass	39984	7142	32842
svgs/oxygen-icons-5.113.0/scalable/actions/small/16x16/debug-step-out.svg	pass	37987	6403	31584
svgs/oxygen-icons-5.113.0/scalable/actions/small/16x16/debug-step-over.svg	pass	38105	6500	31605
svgs/oxygen-icons-5.113.0/scalable/actions/small/16x16/dialog-cancel.svg	pass	149796	14978	134818
svgs/oxygen-icons-5.113.0/scalable/actions/small/16x16/dialog-ok-apply.svg	pass	18919	9645	9274
svgs/oxygen-icons-5.113.0/scalable/actions/small/16x16/dialog-ok.svg	pass	20655	9281	11374
svgs/oxygen-icons-5.113.0/scalable/actions/small/16x16/distribute-horizontal-center.svg	pass	51686	4732	46954
svgs/oxygen-icons-5.113.0/scalable/actions/small/16x16/distribute-horizontal-equal.svg	pass	51201	4674	46527
svgs/oxygen-icons-5.113.0/scalable/actions/small/16x16/distribute-horizontal-left.svg	pass	51528	4694	46834
svgs/oxygen-icons-5.113.0/scalable/actions/small/16x16/distribute-horizontal-margin.svg	pass	70258	4485	65773
svgs/oxygen-icons-5.113.0/scalable/actions/small/16x16/distribute-horizontal-page.svg	pass	36533	11177	25356
svgs/oxygen-icons-5.113.0/scalable/actions/small/16x16/distribute-horizontal-right.svg	pass	50993	4481	46512
svgs/oxygen-icons-5.113.0/scalable/actions/small/16x16/distribute-horizontal-x.svg	pass	9488	4208	5280
svgs/oxygen-icons-5.113.0/scalable/actions/small/16x16/distribute-vertical-bottom.svg	pass	51394	4793	46601
svgs/oxygen-icons-5.113.0/scalable/actions/small/16x16/distribute-vertical-center.svg	pass	12173	6260	5913
svgs/oxygen-icons-5.113.0/scalable/actions/small/16x16/distribute-vertical-equal.svg	pass	51621	4773	46848
svgs/oxygen-icons-5.113.0/scalable/actions/small/16x16/distribute-vertical-margin.svg	pass	10112	4477	5635
svgs/oxygen-icons-5.113.0/scalable/actions/small/16x16/distribute-vertical-page.svg	pass	20816	11229	9587
svgs/oxygen-icons-5.113.0/scalable/actions/small/16x16/distribute-vertical-top.svg	pass	10198	4792	5406
svgs/oxygen-icons-5.113.0/scalable/actions/small/16x16/distribute-vertical-y.svg	pass	9669	4366	5303
svgs/oxygen-icons-5.113.0/scalable/actions/small/16x16/document-decrypt.svg	pass	731595	480502	251093
svgs/oxygen-icons-5.113.0/scalable/actions/small/16x16/document-edit-decrypt-verify.svg	pass	129245	26887	102358
svgs/oxygen-icons-5.113.0/scalable/actions/small/16x16/document-edit-decrypt.svg	mismatch	83699	20919	62780
svgs/oxygen-icons-5.113.0/scalable/actions/small/16x16/document-edit-encrypt.svg	mismatch	82648	20458	62190
svgs/oxygen-icons-5.113.0/scalable/actions/small/16x16/document-edit-sign-encrypt.svg	pass	112036	15155	96881
svgs/oxygen-icons-5.113.0/scalable/actions/small/16x16/document-edit-sign.svg	mismatch	108606	27512	81094
svgs/oxygen-icons-5.113.0/scalable/actions/small/16x16/document-edit-verify.svg	mismatch	162120	53151	108969
svgs/oxygen-icons-5.113.0/scalable/actions/small/16x16/document-edit.svg	pass	38949	16753	22196
svgs/oxygen-icons-5.113.0/scalable/actions/small/16x16/document-encrypt.svg	pass	236546	149258	87288
svgs/oxygen-icons-5.113.0/scalable/actions/small/16x16/document-export-table.svg	pass	296350	15417	280933
svgs/oxygen-icons-5.113.0/scalable/actions/small/16x16/document-export.svg	pass	22456	8523	13933
svgs/oxygen-icons-5.113.0/scalable/actions/small/16x16/document-import.svg	pass	20910	8877	12033
svgs/oxygen-icons-5.113.0/scalable/actions/small/16x16/document-new.svg	pass	16509	6929	9580
svgs/oxygen-icons-5.113.0/scalable/actions/small/16x16/document-open-data.svg	pass	11932	4097	7835
svgs/oxygen-icons-5.113.0/scalable/actions/small/16x16/document-open-folder.svg	pass	1189133	123192	1065941
svgs/oxygen-icons-5.113.0/scalable/actions/small/16x16/document-open-recent.svg	pass	20924	9708	11216
svgs/oxygen-icons-5.113.0/scalable/actions/small/16x16/document-open-remote.svg	pass	1739365	458658	1280707
svgs/oxygen-icons-5.113.0/scalable/actions/small/16x16/document-open.svg	pass	1203554	130992	1072562
svgs/oxygen-icons-5.113.0/scalable/actions/small/16x16/document-preview.svg	pass	141027	28790	112237
svgs/oxygen-icons-5.113.0/scalable/actions/small/16x16/document-print-direct.svg	pass	416824	31728	385096
svgs/oxygen-icons-5.113.0/scalable/actions/small/16x16/document-print-frame.svg	pass	373069	22965	350104
svgs/oxygen-icons-5.113.0/scalable/actions/small/16x16/document-print-preview.svg	pass	419392	34354	385038
svgs/oxygen-icons-5.113.0/scalable/actions/small/16x16/document-print.svg	pass	367224	21401	345823
svgs/oxygen-icons-5.113.0/scalable/actions/small/16x16/document-properties.svg	pass	86697	17458	69239
svgs/oxygen-icons-5.113.0/scalable/actions/small/16x16/document-revert.svg	pass	45606	21012	24594
svgs/oxygen-icons-5.113.0/scalable/actions/small/16x16/document-save-all.svg	pass	33157	11909	21248
svgs/oxygen-icons-5.113.0/scalable/actions/small/16x16/document-save-as.svg	pass	60829	24545	36284
svgs/oxygen-icons-5.113.0/scalable/actions/small/16x16/document-save.svg	pass	28696	12358	16338
svgs/oxygen-icons-5.113.0/scalable/actions/small/16x16/document-sign.svg	pass	70196	22045	48151
svgs/oxygen-icons-5.113.0/scalable/actions/small/16x16/document-swap.svg	pass	19618	2725	16893
svgs/oxygen-icons-5.113.0/scalable/actions/small/16x16/documentation.svg	pass	18209	7725	10484
svgs/oxygen-icons-5.113.0/scalable/actions/small/16x16/documentinfo.svg	pass	54065	11231	42834
svgs/oxygen-icons-5.113.0/scalable/actions/small/16x16/download-later.svg	pass	87585	11783	75802
svgs/oxygen-icons-5.113.0/scalable/actions/small/16x16/download.svg	pass	671396	340275	331121
svgs/oxygen-icons-5.113.0/scalable/actions/small/16x16/draw-arrow-back.svg	pass	6355	2556	3799
svgs/oxygen-icons-5.113.0/scalable/actions/small/16x16/draw-arrow-down.svg	pass	6504	2595	3909
svgs/oxygen-icons-5.113.0/scalable/actions/small/16x16/draw-arrow-forward.svg	pass	6438	2572	3866
svgs/oxygen-icons-5.113.0/scalable/actions/small/16x16/draw-arrow-up.svg	pass	6577	2599	3978
svgs/oxygen-icons-5.113.0/scalable/actions/small/16x16/draw-bezier-curves.svg	pass	5744	1892	3852
svgs/oxygen-icons-5.113.0/scalable/actions/small/16x16/draw-brush.svg	pass	37758	14312	23446
svgs/oxygen-icons-5.113.0/scalable/actions/small/16x16/draw-circle.svg	pass	6101	2247	3854
svgs/oxygen-icons-5.113.0/scalable/actions/small/16x16/draw-cross.svg	pass	6536	2729	3807
svgs/oxygen-icons-5.113.0/scalable/actions/small/16x16/draw-donut.svg	pass	6516	2664	3852
svgs/oxygen-icons-5.113.0/scalable/actions/small/16x16/draw-ellipse.svg	pass	6130	2273	3857
svgs/oxygen-icons-5.113.0/scalable/actions/small/16x16/draw-eraser.svg	pass	78620	5348	73272
svgs/oxygen-icons-5.113.0/scalable/actions/small/16x16/draw-freehand.svg	pass	33954	15443	18511
svgs/oxygen-icons-5.113.0/scalable/actions/small/16x16/draw-halfcircle1.svg	pass	5667	1896	3771
svgs/oxygen-icons-5.113.0/scalable/actions/small/16x16/draw-halfcircle2.png.svg	pass	5719	1944	3775
svgs/oxygen-icons-5.113.0/scalable/actions/small/16x16/draw-halfcircle3.svg	pass	5942	2025	3917
svgs/oxygen-icons-5.113.0/scalable/actions/small/16x16/draw-halfcircle4.svg	pass	5908	1979	3929
svgs/oxygen-icons-5.113.0/scalable/actions/small/16x16/draw-line.svg	pass	3770	873	2897
svgs/oxygen-icons-5.113.0/scalable/actions/small/16x16/draw-path.svg	pass	39342	10017	29325
svgs/oxygen-icons-5.113.0/scalable/actions/small/16x16/draw-polygon.svg	pass	5829	1948	3881
svgs/oxygen-icons-5.113.0/scalable/actions/small/16x16/draw-polyline.png.svg	pass	36515	2017	34498
svgs/oxygen-icons-5.113.0/scalable/actions/small/16x16/draw-rectangle.svg	pass	35499	2201	33298
svgs/oxygen-icons-5.113.0/scalable/actions/small/16x16/draw-spiral.svg	pass	4948	1166	3782
svgs/oxygen-icons-5.113.0/scalable/actions/small/16x16/draw-square-inverted-corners.svg	pass	6604	2730	3874
svgs/oxygen-icons-5.113.0/scalable/actions/small/16x16/draw-star.svg	pass	5955	2036	3919
svgs/oxygen-icons-5.113.0/scalable/actions/small/16x16/draw-text.svg	pass	8322	1793	6529
svgs/oxygen-icons-5.113.0/scalable/actions/small/16x16/draw-triangle.svg	pass	5579	1944	3635
svgs/oxygen-icons-5.113.0/scalable/actions/small/16x16/draw-triangle1.svg	pass	35280	1928	33352
svgs/oxygen-icons-5.113.0/scalable/actions/small/16x16/draw-triangle2.svg	pass	5915	1961	3954
svgs/oxygen-icons-5.113.0/scalable/actions/small/16x16/draw-triangle3.svg	pass	5925	1971	3954
svgs/oxygen-icons-5.113.0/scalable/actions/small/16x16/draw-triangle4.svg	pass	5914	1976	3938
svgs/oxygen-icons-5.113.0/scalable/actions/small/16x16/edit-clear-history.svg	pass	44867	20567	24300
svgs/oxygen-icons-5.113.0/scalable/actions/small/16x16/edit-clear-list.svg	pass	155222	13923	141299
svgs/oxygen-icons-5.113.0/scalable/actions/small/16x16/edit-clear-locationbar-rtl.svg	pass	95383	7247	88136
svgs/oxygen-icons-5.113.0/scalable/actions/small/16x16/edit-clear.svg	pass	252178	38184	213994
svgs/oxygen-icons-5.113.0/scalable/actions/small/16x16/edit-copy.svg	pass	83990	8425	75565
svgs/oxygen-icons-5.113.0/scalable/actions/small/16x16/edit-cut.svg	pass	28362	2063	26299
svgs/oxygen-icons-5.113.0/scalable/actions/small/16x16/edit-find-mail.svg	pass	124325	22794	101531
svgs/oxygen-icons-5.113.0/scalable/actions/small/16x16/edit-find-project.svg	pass	148845	17137	131708
svgs/oxygen-icons-5.113.0/scalable/actions/small/16x16/edit-find-replace.svg	pass	43136	21998	21138
svgs/oxygen-icons-5.113.0/scalable/actions/small/16x16/edit-find-user.svg	pass	353706	67034	286672
svgs/oxygen-icons-5.113.0/scalable/actions/small/16x16/edit-find.svg	pass	93414	17334	76080
svgs/oxygen-icons-5.113.0/scalable/actions/small/16x16/edit-guides.svg	pass	26555	3800	22755
svgs/oxygen-icons-5.113.0/scalable/actions/small/16x16/edit-image-face-add.svg	mismatch	201127	47113	154014
svgs/oxygen-icons-5.113.0/scalable/actions/small/16x16/edit-image-face-detect.svg	pass	17625	3351	14274
svgs/oxygen-icons-5.113.0/scalable/actions/small/16x16/edit-image-face-recognize.svg	mismatch	170370	46525	123845
svgs/oxygen-icons-5.113.0/scalable/actions/small/16x16/edit-image-face-show.svg	mismatch	160692	42572	118120
svgs/oxygen-icons-5.113.0/scalable/actions/small/16x16/edit-link.svg	pass	105764	20361	85403
svgs/oxygen-icons-5.113.0/scalable/actions/small/16x16/edit-node.svg	pass	14025	6373	7652
svgs/oxygen-icons-5.113.0/scalable/actions/small/16x16/edit-paste.svg	pass	87484	13526	73958
svgs/oxygen-icons-5.113.0/scalable/actions/small/16x16/edit-redo.svg	pass	37257	18377	18880
svgs/oxygen-icons-5.113.0/scalable/actions/small/16x16/edit-rename.svg	pass	34310	1963	32347
svgs/oxygen-icons-5.113.0/scalable/actions/small/16x16/edit-select-all.svg	pass	275499	145598	129901
svgs/oxygen-icons-5.113.0/scalable/actions/small/16x16/edit-select-none.svg	pass	286365	148609	137756
svgs/oxygen-icons-5.113.0/scalable/actions/small/16x16/edit-select.svg	pass	25146	2721	22425
svgs/oxygen-icons-5.113.0/scalable/actions/small/16x16/edit-table-cell-merge.svg	pass	476968	6219	470749
svgs/oxygen-icons-5.113.0/scalable/actions/small/16x16/edit-table-cell-split.svg	pass	477214	5888	471326
svgs/oxygen-icons-5.113.0/scalable/actions/small/16x16/edit-table-delete-column.svg	pass	486490	8942	477548
svgs/oxygen-icons-5.113.0/scalable/actions/small/16x16/edit-table-insert-column-left.svg	pass	800512	14858	785654
svgs/oxygen-icons-5.113.0/scalable/actions/small/16x16/edit-table-insert-column-right.svg	pass	809285	15016	794269
svgs/oxygen-icons-5.113.0/scalable/actions/small/16x16/edit-table-insert-row-above.svg	pass	961179	14902	946277
svgs/oxygen-icons-5.113.0/scalable/actions/small/16x16/edit-table-insert-row-below.svg	pass	961117	14882	946235
svgs/oxygen-icons-5.113.0/scalable/actions/small/16x16/edit-text-frame-update.svg	pass	12210	3885	8325
svgs/oxygen-icons-5.113.0/scalable/actions/small/16x16/edit-undo.svg	pass	37637	18334	19303
svgs/oxygen-icons-5.113.0/scalable/actions/small/16x16/folder-new.svg	pass	1195796	126829	1068967
svgs/oxygen-icons-5.113.0/scalable/actions/small/16x16/folder-sync.svg	pass	20709	3631	17078
svgs/oxygen-icons-5.113.0/scalable/actions/small/16x16/format-add-node.svg	pass	32149	11718	20431
svgs/oxygen-icons-5.113.0/scalable/actions/small/16x16/format-break-node.svg	pass	15283	5237	10046
svgs/oxygen-icons-5.113.0/scalable/actions/small/16x16/format-connect-node.svg	pass	18355	6970	11385
svgs/oxygen-icons-5.113.0/scalable/actions/small/16x16/format-disconnect-node.svg	pass	17387	6971	10416
svgs/oxygen-icons-5.113.0/scalable/actions/small/16x16/format-join-node.svg	pass	14100	5369	8731
svgs/oxygen-icons-5.113.0/scalable/actions/small/16x16/format-remove-node.svg	pass	36215	11843	24372
svgs/oxygen-icons-5.113.0/scalable/actions/small/16x16/games-achievements.svg	pass	644184	141026	503158
svgs/oxygen-icons-5.113.0/scalable/actions/small/16x16/games-highscores.svg	pass	291550	144415	147135
svgs/oxygen-icons-5.113.0/scalable/actions/small/16x16/go-down-search.svg	pass	9786	2518	7268
svgs/oxygen-icons-5.113.0/scalable/actions/small/16x16/go-down.svg	pass	28340	4771	23569
svgs/oxygen-icons-5.113.0/scalable/actions/small/16x16/go-first-view-page.svg	pass	105628	24984	80644
svgs/oxygen-icons-5.113.0/scalable/actions/small/16x16/go-first-view.svg	pass	16522	9052	7470
svgs/oxygen-icons-5.113.0/scalable/actions/small/16x16/go-home.svg	pass	25586	6512	19074
svgs/oxygen-icons-5.113.0/scalable/actions/small/16x16/go-jump-declaration.svg	pass	58802	13853	44949
svgs/oxygen-icons-5.113.0/scalable/actions/small/16x16/go-jump-definition.svg	pass	102430	3169	99261
svgs/oxygen-icons-5.113.0/scalable/actions/small/16x16/go-jump-locationbar.svg	pass	637592	337996	299596
svgs/oxygen-icons-5.113.0/scalable/actions/small/16x16/go-jump-today.svg	pass	98586	36564	62022
svgs/oxygen-icons-5.113.0/scalable/actions/small/16x16/go-last-view-page.svg	pass	105308	24940	80368
svgs/oxygen-icons-5.113.0/scalable/actions/small/16x16/go-last-view.svg	pass	20008	9093	10915
svgs/oxygen-icons-5.113.0/scalable/actions/small/16x16/go-next-context.svg	pass	20518	8239	12279
svgs/oxygen-icons-5.113.0/scalable/actions/small/16x16/go-next-use.svg	pass	37146	5343	31803
svgs/oxygen-icons-5.113.0/scalable/actions/small/16x16/go-next-view-page.svg	pass	40254	17878	22376
svgs/oxygen-icons-5.113.0/scalable/actions/small/16x16/go-next-view.svg	pass	4411	2589	1822
svgs/oxygen-icons-5.113.0/scalable/actions/small/16x16/go-next.svg	pass	27608	4799	22809
svgs/oxygen-icons-5.113.0/scalable/actions/small/16x16/go-parent-folder.svg	pass	10860	3883	6977
svgs/oxygen-icons-5.113.0/scalable/actions/small/16x16/go-previous-context.svg	pass	17064	7491	9573
svgs/oxygen-icons-5.113.0/scalable/actions/small/16x16/go-previous-use.svg	pass	110763	5477	105286
svgs/oxygen-icons-5.113.0/scalable/actions/small/16x16/go-previous-view-page.svg	pass	40315	17714	22601
svgs/oxygen-icons-5.113.0/scalable/actions/small/16x16/go-previous-view.svg	pass	4528	2655	1873
svgs/oxygen-icons-5.113.0/scalable/actions/small/16x16/go-previous.svg	pass	25144	4830	20314
svgs/oxygen-icons-5.113.0/scalable/actions/small/16x16/go-up-search.svg	pass	10427	2563	7864
svgs/oxygen-icons-5.113.0/scalable/actions/small/16x16/go-up.svg	pass	27563	4938	22625
svgs/oxygen-icons-5.113.0/scalable/actions/small/16x16/help-about.svg	pass	107230	11420	95810
svgs/oxygen-icons-5.113.0/scalable/actions/small/16x16/help-contents.svg	pass	805625	577756	227869
svgs/oxygen-icons-5.113.0/scalable/actions/small/16x16/help-contextual.svg	pass	317877	14827	303050
svgs/oxygen-icons-5.113.0/scalable/actions/small/16x16/help-donate.svg	pass	144998	13629	131369
svgs/oxygen-icons-5.113.0/scalable/actions/small/16x16/help-feedback.svg	pass	118766	16898	101868
svgs/oxygen-icons-5.113.0/scalable/actions/small/16x16/im-aim.svg	pass	35478	14509	20969
svgs/oxygen-icons-5.113.0/scalable/actions/small/16x16/im-ban-kick-user.svg	pass	108592	51751	56841
svgs/oxygen-icons-5.113.0/scalable/actions/small/16x16/im-ban-user.svg	mismatch	61236	29852	31384
svgs/oxygen-icons-5.113.0/scalable/actions/small/16x16/im-facebook.svg	pass	9873	3931	5942
svgs/oxygen-icons-5.113.0/scalable/actions/small/16x16/im-icq.svg	pass	74460	25041	49419
svgs/oxygen-icons-5.113.0/scalable/actions/small/16x16/im-identi.ca.svg	pass	37892	21463	16429
svgs/oxygen-icons-5.113.0/scalable/actions/small/16x16/im-jabber.svg	pass	52295	16314	35981
svgs/oxygen-icons-5.113.0/scalable/actions/small/16x16/im-kick-user.svg	pass	241592	29412	212180
svgs/oxygen-icons-5.113.0/scalable/actions/small/16x16/im-msn.svg	pass	78634	26018	52616
svgs/oxygen-icons-5.113.0/scalable/actions/small/16x16/im-qq.svg	pass	56948	18851	38097
svgs/oxygen-icons-5.113.0/scalable/actions/small/16x16/im-skype.svg	pass	43838	7967	35871
svgs/oxygen-icons-5.113.0/scalable/actions/small/16x16/im-twitter.svg	pass	12972	3884	9088
svgs/oxygen-icons-5.113.0/scalable/actions/small/16x16/im-user-busy.svg	pass	67312	35856	31456
svgs/oxygen-icons-5.113.0/scalable/actions/small/16x16/im-yahoo.svg	mismatch	57148	20778	36370
svgs/oxygen-icons-5.113.0/scalable/actions/small/16x16/insert-button.svg	pass	10267	4620	5647
svgs/oxygen-icons-5.113.0/scalable/actions/small/16x16/insert-horizontal-rule.svg	pass	220786	13866	206920
svgs/oxygen-icons-5.113.0/scalable/actions/small/16x16/insert-image.svg	pass	929941	562414	367527
svgs/oxygen-icons-5.113.0/scalable/actions/small/16x16/insert-link.svg	pass	199645	17080	182565
svgs/oxygen-icons-5.113.0/scalable/actions/small/16x16/insert-table.svg	pass	40085	16014	24071
svgs/oxygen-icons-5.113.0/scalable/actions/small/16x16/insert-text.svg	pass	37509	14051	23458
svgs/oxygen-icons-5.113.0/scalable/actions/small/16x16/irc-close-channel.svg	mismatch	67137	36701	30436
svgs/oxygen-icons-5.113.0/scalable/actions/small/16x16/irc-join-channel.svg	pass	273900	34175	239725
svgs/oxygen-icons-5.113.0/scalable/actions/small/16x16/irc-operator.svg	pass	92794	45214	47580
svgs/oxygen-icons-5.113.0/scalable/actions/small/16x16/irc-remove-operator.svg	mismatch	114104	41354	72750
svgs/oxygen-icons-5.113.0/scalable/actions/small/16x16/irc-unvoice.svg	mismatch	60877	28925	31952
svgs/oxygen-icons-5.113.0/scalable/actions/small/16x16/irc-voice.svg	pass	31871	16308	15563
svgs/oxygen-icons-5.113.0/scalable/actions/small/16x16/key-enter.svg	pass	144802	3535	141267
svgs/oxygen-icons-5.113.0/scalable/actions/small/16x16/kmix-master.svg	pass	12677	4464	8213
svgs/oxygen-icons-5.113.0/scalable/actions/small/16x16/list-add-font.svg	pass	229879	16086	213793
svgs/oxygen-icons-5.113.0/scalable/actions/small/16x16/list-add-user.svg	mismatch	193773	54354	139419
svgs/oxygen-icons-5.113.0/scalable/actions/small/16x16/list-add.svg	pass	21018	10341	10677
svgs/oxygen-icons-5.113.0/scalable/actions/small/16x16/list-remove.svg	pass	14011	6107	7904
svgs/oxygen-icons-5.113.0/scalable/actions/small/16x16/list-resource-add.svg	pass	173197	146024	27173
svgs/oxygen-icons-5.113.0/scalable/actions/small/16x16/mail-encrypted-full.svg	mismatch	26885	10086	16799
svgs/oxygen-icons-5.113.0/scalable/actions/small/16x16/mail-encrypted-part.svg	mismatch	86063	10801	75262
svgs/oxygen-icons-5.113.0/scalable/actions/small/16x16/mail-encrypted.svg	mismatch	26858	9939	16919
svgs/oxygen-icons-5.113.0/scalable/actions/small/16x16/mail-flag.svg	pass	70424	37675	32749
svgs/oxygen-icons-5.113.0/scalable/actions/small/16x16/mail-forward.svg	pass	89131	4611	84520
svgs/oxygen-icons-5.113.0/scalable/actions/small/16x16/mail-invitation.svg	pass	194129	10755	183374
svgs/oxygen-icons-5.113.0/scalable/actions/small/16x16/mail-mark-important.svg	pass	516143	10207	505936
svgs/oxygen-icons-5.113.0/scalable/actions/small/16x16/mail-mark-junk.svg	pass	515083	6480	508603
svgs/oxygen-icons-5.113.0/scalable/actions/small/16x16/mail-mark-notjunk.svg	pass	19671	8514	11157
svgs/oxygen-icons-5.113.0/scalable/actions/small/16x16/mail-mark-read.svg	pass	88602	13300	75302
svgs/oxygen-icons-5.113.0/scalable/actions/small/16x16/mail-mark-unread-new.svg	pass	807929	8273	799656
svgs/oxygen-icons-5.113.0/scalable/actions/small/16x16/mail-mark-unread.svg	pass	69643	4736	64907
svgs/oxygen-icons-5.113.0/scalable/actions/small/16x16/mail-meeting-request-reply.svg	pass	63988	5462	58526
svgs/oxygen-icons-5.113.0/scalable/actions/small/16x16/mail-message-new-list.svg	pass	143399	18210	125189
svgs/oxygen-icons-5.113.0/scalable/actions/small/16x16/mail-message-new.svg	pass	141892	19606	122286
svgs/oxygen-icons-5.113.0/scalable/actions/small/16x16/mail-queue.svg	pass	79675	5850	73825
svgs/oxygen-icons-5.113.0/scalable/actions/small/16x16/mail-receive.svg	pass	152805	5931	146874
svgs/oxygen-icons-5.113.0/scalable/actions/small/16x16/mail-replied.svg	pass	145769	14504	131265
svgs/oxygen-icons-5.113.0/scalable/actions/small/16x16/mail-reply-all.svg	pass	69295	5958	63337
svgs/oxygen-icons-5.113.0/scalable/actions/small/16x16/mail-reply-custom-all.svg	pass	59978	2989	56989
svgs/oxygen-icons-5.113.0/scalable/actions/small/16x16/mail-reply-custom.svg	pass	59693	2839	56854
svgs/oxygen-icons-5.113.0/scalable/actions/small/16x16/mail-reply-list.svg	pass	257203	16967	240236
svgs/oxygen-icons-5.113.0/scalable/actions/small/16x16/mail-reply-sender.svg	pass	65002	5481	59521
svgs/oxygen-icons-5.113.0/scalable/actions/small/16x16/mail-send.svg	pass	30219	11498	18721
svgs/oxygen-icons-5.113.0/scalable/actions/small/16x16/mail-signature-unknown.svg	mismatch	27267	11055	16212
svgs/oxygen-icons-5.113.0/scalable/actions/small/16x16/mail-signed-full.svg	mismatch	7495	3033	4462
svgs/oxygen-icons-5.113.0/scalable/actions/small/16x16/mail-signed-part.svg	mismatch	8240	3383	4857
svgs/oxygen-icons-5.113.0/scalable/actions/small/16x16/mail-signed-verified.svg	pass	94919	24734	70185
svgs/oxygen-icons-5.113.0/scalable/actions/small/16x16/mail-signed.svg	mismatch	7099	3044	4055
svgs/oxygen-icons-5.113.0/scalable/actions/small/16x16/mail-tagged.svg	mismatch	8775	3119	5656
svgs/oxygen-icons-5.113.0/scalable/actions/small/16x16/measure.svg	pass	11919	4172	7747
svgs/oxygen-icons-5.113.0/scalable/actions/small/16x16/meeting-participant-no-response.svg	pass	339202	149387	189815
svgs/oxygen-icons-5.113.0/scalable/actions/small/16x16/meeting-participant-request-response.svg	pass	339311	149155	190156
svgs/oxygen-icons-5.113.0/scalable/actions/small/16x16/milestone.svg	pass	365120	118361	246759
svgs/oxygen-icons-5.113.0/scalable/actions/small/16x16/network-connect.svg	pass	61370	20335	41035
svgs/oxygen-icons-5.113.0/scalable/actions/small/16x16/news-subscribe.svg	pass	176559	18619	157940
svgs/oxygen-icons-5.113.0/scalable/actions/small/16x16/news-unsubscribe.svg	pass	360667	20534	340133
svgs/oxygen-icons-5.113.0/scalable/actions/small/16x16/object-flip-horizontal.svg	pass	64172	8892	55280
svgs/oxygen-icons-5.113.0/scalable/actions/small/16x16/object-flip-vertical.svg	pass	47172	5501	41671
svgs/oxygen-icons-5.113.0/scalable/actions/small/16x16/object-group.svg	pass	33560	5734	27826
svgs/oxygen-icons-5.113.0/scalable/actions/small/16x16/object-order-back.svg	pass	84368	5605	78763
svgs/oxygen-icons-5.113.0/scalable/actions/small/16x16/object-order-front.svg	pass	35754	5605	30149
svgs/oxygen-icons-5.113.0/scalable/actions/small/16x16/object-order-lower.svg	pass	45051	17045	28006
svgs/oxygen-icons-5.113.0/scalable/actions/small/16x16/object-order-raise.svg	pass	26619	4218	22401
svgs/oxygen-icons-5.113.0/scalable/actions/small/16x16/object-rotate-left.svg	pass	5926	2154	3772
svgs/oxygen-icons-5.113.0/scalable/actions/small/16x16/object-rotate-right.svg	pass	5247	2109	3138
svgs/oxygen-icons-5.113.0/scalable/actions/small/16x16/object-ungroup.svg	pass	29476	5764	23712
svgs/oxygen-icons-5.113.0/scalable/actions/small/16x16/office-chart-area-focus-peak-node.svg	pass	11207	4798	6409
svgs/oxygen-icons-5.113.0/scalable/actions/small/16x16/office-chart-area-percentage.svg	pass	15087	5631	9456
svgs/oxygen-icons-5.113.0/scalable/actions/small/16x16/office-chart-area-stacked.svg	pass	10889	5394	5495
svgs/oxygen-icons-5.113.0/scalable/actions/small/16x16/office-chart-area.svg	pass	10818	4548	6270
svgs/oxygen-icons-5.113.0/scalable/actions/small/16x16/office-chart-bar-percentage.svg	pass	147730	9319	138411
svgs/oxygen-icons-5.113.0/scalable/actions/small/16x16/office-chart-bar-stacked.svg	pass	83529	8808	74721
svgs/oxygen-icons-5.113.0/scalable/actions/small/16x16/office-chart-bar.svg	pass	74114	5586	68528
svgs/oxygen-icons-5.113.0/scalable/actions/small/16x16/office-chart-line-percentage.svg	pass	73147	4549	68598
svgs/oxygen-icons-5.113.0/scalable/actions/small/16x16/office-chart-line-stacked.svg	pass	71516	3409	68107
svgs/oxygen-icons-5.113.0/scalable/actions/small/16x16/office-chart-line.svg	pass	71494	3406	68088
svgs/oxygen-icons-5.113.0/scalable/actions/small/16x16/office-chart-pie.svg	pass	137831	18973	118858
svgs/oxygen-icons-5.113.0/scalable/actions/small/16x16/office-chart-polar-stacked.svg	pass	11503	3247	8256
svgs/oxygen-icons-5.113.0/scalable/actions/small/16x16/office-chart-polar.svg	pass	69032	2229	66803
svgs/oxygen-icons-5.113.0/scalable/actions/small/16x16/office-chart-scatter.svg	pass	70631	4135	66496
svgs/oxygen-icons-5.113.0/scalable/actions/small/16x16/page-2sides.svg	pass	6935	2865	4070
svgs/oxygen-icons-5.113.0/scalable/actions/small/16x16/page-3sides.svg	pass	6415	2586	3829
svgs/oxygen-icons-5.113.0/scalable/actions/small/16x16/page-4sides.svg	pass	9356	4431	4925
svgs/oxygen-icons-5.113.0/scalable/actions/small/16x16/page-simple.svg	pass	35097	1607	33490
svgs/oxygen-icons-5.113.0/scalable/actions/small/16x16/page-zoom.svg	pass	98595	17780	80815
svgs/oxygen-icons-5.113.0/scalable/actions/small/16x16/pdf-annotations.svg	pass	21465	5875	15590
svgs/oxygen-icons-5.113.0/scalable/actions/small/16x16/preferences-activities.svg	pass	520924	13053	507871
svgs/oxygen-icons-5.113.0/scalable/actions/small/16x16/preflight-verifier.svg	pass	852314	554386	297928
svgs/oxygen-icons-5.113.0/scalable/actions/small/16x16/process-stop.svg	pass	18598	9361	9237
svgs/oxygen-icons-5.113.0/scalable/actions/small/16x16/project-development-close-all.svg	pass	51095	6484	44611
svgs/oxygen-icons-5.113.0/scalable/actions/small/16x16/project-development-close.svg	pass	47735	4685	43050
svgs/oxygen-icons-5.113.0/scalable/actions/small/16x16/project-development-new-template.svg	pass	110151	6023	104128
svgs/oxygen-icons-5.113.0/scalable/actions/small/16x16/project-development.svg	pass	81021	5829	75192
svgs/oxygen-icons-5.113.0/scalable/actions/small/16x16/project-open.svg	pass	1094569	126224	968345
svgs/oxygen-icons-5.113.0/scalable/actions/small/16x16/quickopen-class.svg	pass	62146	18460	43686
svgs/oxygen-icons-5.113.0/scalable/actions/small/16x16/quickopen-file.svg	pass	30821	15254	15567
svgs/oxygen-icons-5.113.0/scalable/actions/small/16x16/quickopen-function.svg	pass	96853	17051	79802
svgs/oxygen-icons-5.113.0/scalable/actions/small/16x16/quickopen.svg	pass	27518	10615	16903
svgs/oxygen-icons-5.113.0/scalable/actions/small/16x16/rating.svg	pass	42525	19638	22887
svgs/oxygen-icons-5.113.0/scalable/actions/small/16x16/resource-calendar-child-insert.svg	pass	55730	13333	42397
svgs/oxygen-icons-5.113.0/scalable/actions/small/16x16/resource-calendar-child.svg	pass	47920	9809	38111
svgs/oxygen-icons-5.113.0/scalable/actions/small/16x16/resource-calendar-insert.svg	pass	93267	38020	55247
svgs/oxygen-icons-5.113.0/scalable/actions/small/16x16/resource-group-new.svg	pass	208471	150476	57995
svgs/oxygen-icons-5.113.0/scalable/actions/small/16x16/run-build-clean.svg	pass	256810	61585	195225
svgs/oxygen-icons-5.113.0/scalable/actions/small/16x16/run-build-configure.svg	pass	279991	62717	217274
svgs/oxygen-icons-5.113.0/scalable/actions/small/16x16/run-build-file.svg	pass	417973	45162	372811
svgs/oxygen-icons-5.113.0/scalable/actions/small/16x16/run-build-install-root.svg	pass	227535	43416	184119
svgs/oxygen-icons-5.113.0/scalable/actions/small/16x16/run-build-install.svg	pass	355713	44793	310920
svgs/oxygen-icons-5.113.0/scalable/actions/small/16x16/run-build-prune.svg	pass	286342	81699	204643
svgs/oxygen-icons-5.113.0/scalable/actions/small/16x16/run-build.svg	pass	225307	38991	186316
svgs/oxygen-icons-5.113.0/scalable/actions/small/16x16/select-rectangular.svg	pass	37435	16720	20715
svgs/oxygen-icons-5.113.0/scalable/actions/small/16x16/show-menu.svg	pass	4961	1664	3297
svgs/oxygen-icons-5.113.0/scalable/actions/small/16x16/snap-extension.svg	pass	30333	14339	15994
svgs/oxygen-icons-5.113.0/scalable/actions/small/16x16/snap-guideline.svg	pass	18995	6635	12360
svgs/oxygen-icons-5.113.0/scalable/actions/small/16x16/snap-intersection.svg	pass	14134	5510	8624
svgs/oxygen-icons-5.113.0/scalable/actions/small/16x16/snap-node.svg	pass	23689	11289	12400
svgs/oxygen-icons-5.113.0/scalable/actions/small/16x16/snap-orthogonal.svg	pass	16594	5402	11192
svgs/oxygen-icons-5.113.0/scalable/actions/small/16x16/story-editor.svg	pass	42376	21069	21307
svgs/oxygen-icons-5.113.0/scalable/actions/small/16x16/stroke-cap-butt.svg	pass	7597	2930	4667
svgs/oxygen-icons-5.113.0/scalable/actions/small/16x16/stroke-cap-round.svg	pass	8277	3345	4932
svgs/oxygen-icons-5.113.0/scalable/actions/small/16x16/stroke-cap-square.png.svg	pass	9041	3141	5900
svgs/oxygen-icons-5.113.0/scalable/actions/small/16x16/stroke-join-bevel.svg	pass	15609	3834	11775
svgs/oxygen-icons-5.113.0/scalable/actions/small/16x16/stroke-join-miter.svg	pass	9018	3825	5193
svgs/oxygen-icons-5.113.0/scalable/actions/small/16x16/stroke-join-round.svg	pass	9504	4200	5304
svgs/oxygen-icons-5.113.0/scalable/actions/small/16x16/system-run.svg	pass	337278	19208	318070
svgs/oxygen-icons-5.113.0/scalable/actions/small/16x16/system-search.svg	pass	120205	23546	96659
svgs/oxygen-icons-5.113.0/scalable/actions/small/16x16/tab-close.svg	pass	206040	15647	190393
svgs/oxygen-icons-5.113.0/scalable/actions/small/16x16/tab-detach.svg	pass	39461	7601	31860
svgs/oxygen-icons-5.113.0/scalable/actions/small/16x16/tab-duplicate.svg	pass	43141	6357	36784
svgs/oxygen-icons-5.113.0/scalable/actions/small/16x16/tab-new-background.svg	pass	18320	6000	12320
svgs/oxygen-icons-5.113.0/scalable/actions/small/16x16/tab-new.svg	pass	48819	8416	40403
svgs/oxygen-icons-5.113.0/scalable/actions/small/16x16/text-completion.svg	pass	41699	6169	35530
svgs/oxygen-icons-5.113.0/scalable/actions/small/16x16/text-field.svg	pass	6208	2004	4204
svgs/oxygen-icons-5.113.0/scalable/actions/small/16x16/text-frame-link.svg	pass	16102	6982	9120
svgs/oxygen-icons-5.113.0/scalable/actions/small/16x16/text-frame-unlink.svg	pass	15960	6826	9134
svgs/oxygen-icons-5.113.0/scalable/actions/small/16x16/text-speak.svg	pass	13650	7278	6372
svgs/oxygen-icons-5.113.0/scalable/actions/small/16x16/tool-animator.svg	pass	27487	12788	14699
svgs/oxygen-icons-5.113.0/scalable/actions/small/16x16/tools-check-spelling.svg	pass	25108	12283	12825
svgs/oxygen-icons-5.113.0/scalable/actions/small/16x16/tools-media-optical-burn-image.svg	pass	884024	140332	743692
svgs/oxygen-icons-5.113.0/scalable/actions/small/16x16/tools-media-optical-burn.svg	pass	845007	140594	704413
svgs/oxygen-icons-5.113.0/scalable/actions/small/16x16/tools-media-optical-copy.svg	pass	1670117	242206	1427911
svgs/oxygen-icons-5.113.0/scalable/actions/small/16x16/tools-media-optical-erase.svg	pass	173389	19105	154284
svgs/oxygen-icons-5.113.0/scalable/actions/small/16x16/tools-media-optical-format.svg	pass	62135	32913	29222
svgs/oxygen-icons-5.113.0/scalable/actions/small/16x16/tools-rip-audio-cd.svg	pass	855654	131570	724084
svgs/oxygen-icons-5.113.0/scalable/actions/small/16x16/tools-rip-video-cd.svg	pass	48380	25366	23014
svgs/oxygen-icons-5.113.0/scalable/actions/small/16x16/tools-rip-video-dvd.svg	pass	62660	27011	35649
svgs/oxygen-icons-5.113.0/scalable/actions/small/16x16/transform-crop-and-resize.svg	pass	169135	14485	154650
svgs/oxygen-icons-5.113.0/scalable/actions/small/16x16/transform-crop.svg	pass	168848	14234	154614
svgs/oxygen-icons-5.113.0/scalable/actions/small/16x16/transform-rotate.svg	pass	11283	5264	6019
svgs/oxygen-icons-5.113.0/scalable/actions/small/16x16/transform-scale.svg	pass	17564	5198	12366
svgs/oxygen-icons-5.113.0/scalable/actions/small/16x16/transform-shear-down.svg	pass	10108	4406	5702
svgs/oxygen-icons-5.113.0/scalable/actions/small/16x16/transform-shear-left.svg	pass	10081	4400	5681
svgs/oxygen-icons-5.113.0/scalable/actions/small/16x16/transform-shear-right.svg	pass	10307	4358	5949
svgs/oxygen-icons-5.113.0/scalable/actions/small/16x16/transform-shear-up.svg	pass	10105	4409	5696
svgs/oxygen-icons-5.113.0/scalable/actions/small/16x16/trash-empty.svg	pass	253726	10403	243323
svgs/oxygen-icons-5.113.0/scalable/actions/small/16x16/user-group-delete.svg	pass	949594	139794	809800
svgs/oxygen-icons-5.113.0/scalable/actions/small/16x16/user-group-new.svg	pass	560501	92058	468443
svgs/oxygen-icons-5.113.0/scalable/actions/small/16x16/user-group-properties.svg	pass	892720	152377	740343
svgs/oxygen-icons-5.113.0/scalable/actions/small/16x16/user-properties.svg	pass	342736	63986	278750
svgs/oxygen-icons-5.113.0/scalable/actions/small/16x16/view-barcode-add.svg	pass	210459	7456	203003
svgs/oxygen-icons-5.113.0/scalable/actions/small/16x16/view-barcode.svg	pass	70368	2980	67388
svgs/oxygen-icons-5.113.0/scalable/actions/small/16x16/view-calendar-agenda.svg	pass	42867	7283	35584
svgs/oxygen-icons-5.113.0/scalable/actions/small/16x16/view-calendar-birthday.svg	pass	21241	9459	11782
svgs/oxygen-icons-5.113.0/scalable/actions/small/16x16/view-calendar-day.svg	pass	71585	35538	36047
svgs/oxygen-icons-5.113.0/scalable/actions/small/16x16/view-calendar-holiday.svg	pass	16452	5875	10577
svgs/oxygen-icons-5.113.0/scalable/actions/small/16x16/view-calendar-journal.svg	pass	284784	37337	247447
svgs/oxygen-icons-5.113.0/scalable/actions/small/16x16/view-calendar-list.svg	pass	78190	9947	68243
svgs/oxygen-icons-5.113.0/scalable/actions/small/16x16/view-calendar-month.svg	pass	92647	47295	45352
svgs/oxygen-icons-5.113.0/scalable/actions/small/16x16/view-calendar-special-occasion.svg	pass	96785	48356	48429
svgs/oxygen-icons-5.113.0/scalable/actions/small/16x16/view-calendar-tasks.svg	pass	99216	15573	83643
svgs/oxygen-icons-5.113.0/scalable/actions/small/16x16/view-calendar-time-spent.svg	pass	231904	50182	181722
svgs/oxygen-icons-5.113.0/scalable/actions/small/16x16/view-calendar-timeline.svg	pass	40203	3640	36563
svgs/oxygen-icons-5.113.0/scalable/actions/small/16x16/view-calendar-upcoming-days.svg	pass	73641	36820	36821
svgs/oxygen-icons-5.113.0/scalable/actions/small/16x16/view-calendar-upcoming-events.svg	pass	77039	35055	41984
svgs/oxygen-icons-5.113.0/scalable/actions/small/16x16/view-calendar-wedding-anniversary.svg	pass	33105	10786	22319
svgs/oxygen-icons-5.113.0/scalable/actions/small/16x16/view-calendar-week.svg	pass	77755	39384	38371
svgs/oxygen-icons-5.113.0/scalable/actions/small/16x16/view-calendar-whatsnext.svg	pass	196539	56186	140353
svgs/oxygen-icons-5.113.0/scalable/actions/small/16x16/view-calendar-workweek.svg	pass	75697	38102	37595
svgs/oxygen-icons-5.113.0/scalable/actions/small/16x16/view-calendar.svg	pass	84710	34929	49781
svgs/oxygen-icons-5.113.0/scalable/actions/small/16x16/view-certificate-add.svg	pass	976297	59551	916746
svgs/oxygen-icons-5.113.0/scalable/actions/small/16x16/view-certificate-export-secret.svg	pass	228108	41177	186931
svgs/oxygen-icons-5.113.0/scalable/actions/small/16x16/view-certificate-export-server.svg	pass	918510	384242	534268
svgs/oxygen-icons-5.113.0/scalable/actions/small/16x16/view-certificate-export.svg	pass	178545	50976	127569
svgs/oxygen-icons-5.113.0/scalable/actions/small/16x16/view-certificate-import.svg	pass	333584	19538	314046
svgs/oxygen-icons-5.113.0/scalable/actions/small/16x16/view-certificate-server-configure.svg	pass	1183916	408319	775597
svgs/oxygen-icons-5.113.0/scalable/actions/small/16x16/view-certificate-sign.svg	pass	233261	26023	207238
svgs/oxygen-icons-5.113.0/scalable/actions/small/16x16/view-certificate.svg	pass	183089	53312	129777
svgs/oxygen-icons-5.113.0/scalable/actions/small/16x16/view-choose.svg	pass	82670	6843	75827
svgs/oxygen-icons-5.113.0/scalable/actions/small/16x16/view-close.svg	pass	77750	2678	75072
svgs/oxygen-icons-5.113.0/scalable/actions/small/16x16/view-file-columns.svg	pass	76843	5846	70997
svgs/oxygen-icons-5.113.0/scalable/actions/small/16x16/view-filter.svg	pass	29025	10714	18311
svgs/oxygen-icons-5.113.0/scalable/actions/small/16x16/view-financial-forecast.svg	pass	16862	8683	8179
svgs/oxygen-icons-5.113.0/scalable/actions/small/16x16/view-form-action.svg	pass	98636	15889	82747
svgs/oxygen-icons-5.113.0/scalable/actions/small/16x16/view-form-table.svg	pass	36675	2401	34274
svgs/oxygen-icons-5.113.0/scalable/actions/small/16x16/view-form.svg	pass	77764	5947	71817
svgs/oxygen-icons-5.113.0/scalable/actions/small/16x16/view-fullscreen.svg	pass	290747	2028	288719
svgs/oxygen-icons-5.113.0/scalable/actions/small/16x16/view-grid.svg	pass	29069	3552	25517
svgs/oxygen-icons-5.113.0/scalable/actions/small/16x16/view-group.svg	pass	79492	7938	71554
svgs/oxygen-icons-5.113.0/scalable/actions/small/16x16/view-history.svg	pass	40836	19207	21629
svgs/oxygen-icons-5.113.0/scalable/actions/small/16x16/view-ldap-resource.svg	pass	1734692	886401	848291
svgs/oxygen-icons-5.113.0/scalable/actions/small/16x16/view-left-close.svg	pass	77567	6189	71378
svgs/oxygen-icons-5.113.0/scalable/actions/small/16x16/view-list-details.svg	pass	80621	7546	73075
svgs/oxygen-icons-5.113.0/scalable/actions/small/16x16/view-list-icons.svg	pass	81467	7254	74213
svgs/oxygen-icons-5.113.0/scalable/actions/small/16x16/view-list-text.svg	pass	76924	5546	71378
svgs/oxygen-icons-5.113.0/scalable/actions/small/16x16/view-list-tree.svg	pass	81339	6738	74601
svgs/oxygen-icons-5.113.0/scalable/actions/small/16x16/view-media-artist.svg	pass	8338	3169	5169
svgs/oxygen-icons-5.113.0/scalable/actions/small/16x16/view-media-lyrics.svg	pass	173353	31102	142251
svgs/oxygen-icons-5.113.0/scalable/actions/small/16x16/view-media-playlist.svg	pass	141311	24847	116464
svgs/oxygen-icons-5.113.0/scalable/actions/small/16x16/view-multiple-objects.svg	pass	11012	4003	7009
svgs/oxygen-icons-5.113.0/scalable/actions/small/16x16/view-pim-calendar.svg	pass	34358	3748	30610
svgs/oxygen-icons-5.113.0/scalable/actions/small/16x16/view-pim-contacts.svg	pass	76789	36349	40440
svgs/oxygen-icons-5.113.0/scalable/actions/small/16x16/view-pim-journal.svg	pass	100968	22849	78119
svgs/oxygen-icons-5.113.0/scalable/actions/small/16x16/view-pim-mail.svg	pass	214275	46397	167878
svgs/oxygen-icons-5.113.0/scalable/actions/small/16x16/view-pim-news.svg	pass	161386	9086	152300
svgs/oxygen-icons-5.113.0/scalable/actions/small/16x16/view-pim-notes.svg	pass	282069	3754	278315
svgs/oxygen-icons-5.113.0/scalable/actions/small/16x16/view-pim-tasks-pending.svg	pass	135729	30268	105461
svgs/oxygen-icons-5.113.0/scalable/actions/small/16x16/view-pim-tasks.svg	pass	122871	21918	100953
svgs/oxygen-icons-5.113.0/scalable/actions/small/16x16/view-presentation.svg	pass	90869	9810	81059
svgs/oxygen-icons-5.113.0/scalable/actions/small/16x16/view-preview.svg	pass	113152	38170	74982
svgs/oxygen-icons-5.113.0/scalable/actions/small/16x16/view-process-all-tree.svg	pass	18124	4077	14047
svgs/oxygen-icons-5.113.0/scalable/actions/small/16x16/view-process-all.svg	pass	17127	3223	13904
svgs/oxygen-icons-5.113.0/scalable/actions/small/16x16/view-process-own.svg	pass	95088	4766	90322
svgs/oxygen-icons-5.113.0/scalable/actions/small/16x16/view-process-system.svg	pass	19714	4505	15209
svgs/oxygen-icons-5.113.0/scalable/actions/small/16x16/view-process-users.svg	pass	22762	5922	16840
svgs/oxygen-icons-5.113.0/scalable/actions/small/16x16/view-refresh.svg	pass	60613	17754	42859
svgs/oxygen-icons-5.113.0/scalable/actions/small/16x16/view-resource-calendar.svg	pass	186911	36280	150631
svgs/oxygen-icons-5.113.0/scalable/actions/small/16x16/view-restore.svg	pass	291118	2270	288848
svgs/oxygen-icons-5.113.0/scalable/actions/small/16x16/view-right-close.svg	pass	77447	6261	71186
svgs/oxygen-icons-5.113.0/scalable/actions/small/16x16/view-right-new.svg	pass	77837	6493	71344
svgs/oxygen-icons-5.113.0/scalable/actions/small/16x16/view-sort-ascending.svg	pass	16849	6235	10614
svgs/oxygen-icons-5.113.0/scalable/actions/small/16x16/view-sort-descending.svg	pass	15693	6272	9421
svgs/oxygen-icons-5.113.0/scalable/actions/small/16x16/view-split-left-right.svg	pass	76181	5426	70755
svgs/oxygen-icons-5.113.0/scalable/actions/small/16x16/view-split-top-bottom.svg	pass	76174	5429	70745
svgs/oxygen-icons-5.113.0/scalable/actions/small/16x16/view-task-add.svg	pass	186091	21117	164974
svgs/oxygen-icons-5.113.0/scalable/actions/small/16x16/view-task-child-add.svg	pass	92290	12976	79314
svgs/oxygen-icons-5.113.0/scalable/actions/small/16x16/view-task-child.svg	pass	84394	9452	74942
svgs/oxygen-icons-5.113.0/scalable/actions/small/16x16/view-task.svg	pass	92051	17208	74843
svgs/oxygen-icons-5.113.0/scalable/actions/small/16x16/view-time-schedule-baselined-add.svg	pass	183677	13812	169865
svgs/oxygen-icons-5.113.0/scalable/actions/small/16x16/view-time-schedule-baselined-remove.svg	pass	207035	13301	193734
svgs/oxygen-icons-5.113.0/scalable/actions/small/16x16/view-time-schedule-baselined.svg	pass	158648	8831	149817
svgs/oxygen-icons-5.113.0/scalable/actions/small/16x16/view-time-schedule-calculus.svg	mismatch	75822	26486	49336
svgs/oxygen-icons-5.113.0/scalable/actions/small/16x16/view-time-schedule-child-insert.svg	pass	46871	9129	37742
svgs/oxygen-icons-5.113.0/scalable/actions/small/16x16/view-time-schedule-edit.svg	pass	72255	14822	57433
svgs/oxygen-icons-5.113.0/scalable/actions/small/16x16/view-time-schedule-insert.svg	pass	53734	8005	45729
svgs/oxygen-icons-5.113.0/scalable/actions/small/16x16/view-time-schedule.svg	pass	46295	4481	41814
svgs/oxygen-icons-5.113.0/scalable/actions/small/16x16/window-duplicate.svg	pass	82027	5925	76102
svgs/oxygen-icons-5.113.0/scalable/actions/small/16x16/window-new.svg	pass	83937	8615	75322
svgs/oxygen-icons-5.113.0/scalable/actions/small/16x16/zoom-1-to-2.svg	pass	105239	12667	92572
svgs/oxygen-icons-5.113.0/scalable/actions/small/16x16/zoom-2-to-1.svg	pass	105757	12945	92812
svgs/oxygen-icons-5.113.0/scalable/actions/small/16x16/zoom-draw.svg	pass	194877	13777	181100
svgs/oxygen-icons-5.113.0/scalable/actions/small/16x16/zoom-fit-best.svg	pass	36405	6091	30314
svgs/oxygen-icons-5.113.0/scalable/actions/small/16x16/zoom-fit-height.svg	pass	36939	6100	30839
svgs/oxygen-icons-5.113.0/scalable/actions/small/16x16/zoom-fit-width.svg	pass	37816	6082	31734
svgs/oxygen-icons-5.113.0/scalable/actions/small/16x16/zoom-in.svg	pass	104209	13608	90601
svgs/oxygen-icons-5.113.0/scalable/actions/small/16x16/zoom-next.svg	pass	101764	12347	89417
svgs/oxygen-icons-5.113.0/scalable/actions/small/16x16/zoom-original.svg	pass	103135	11725	91410
svgs/oxygen-icons-5.113.0/scalable/actions/small/16x16/zoom-out.svg	pass	103445	13248	90197
svgs/oxygen-icons-5.113.0/scalable/actions/small/16x16/zoom-previous.svg	pass	103988	12351	91637
svgs/oxygen-icons-5.113.0/scalable/actions/small/16x16/zoom-select.svg	pass	32453	13389	19064
svgs/oxygen-icons-5.113.0/scalable/actions/small/22x22/acrobat.svg	pass	9169	3951	5218
svgs/oxygen-icons-5.113.0/scalable/actions/small/22x22/address-book-new.svg	pass	3641288	2332799	1308489
svgs/oxygen-icons-5.113.0/scalable/actions/small/22x22/align-horizontal-center.svg	pass	9264	4095	5169
svgs/oxygen-icons-5.113.0/scalable/actions/small/22x22/align-horizontal-left-out.svg	pass	12301	5776	6525
svgs/oxygen-icons-5.113.0/scalable/actions/small/22x22/align-horizontal-left.svg	pass	9269	4114	5155
svgs/oxygen-icons-5.113.0/scalable/actions/small/22x22/align-horizontal-right-out.svg	pass	12269	5742	6527
svgs/oxygen-icons-5.113.0/scalable/actions/small/22x22/align-horizontal-right.svg	pass	9272	4110	5162
svgs/oxygen-icons-5.113.0/scalable/actions/small/22x22/align-vertical-bottom-out.svg	pass	12562	6016	6546
svgs/oxygen-icons-5.113.0/scalable/actions/small/22x22/align-vertical-bottom.svg	pass	9506	4285	5221
svgs/oxygen-icons-5.113.0/scalable/actions/small/22x22/align-vertical-center.svg	pass	9914	4592	5322
svgs/oxygen-icons-5.113.0/scalable/actions/small/22x22/align-vertical-top-out.svg	pass	12561	6001	6560
svgs/oxygen-icons-5.113.0/scalable/actions/small/22x22/align-vertical-top.png.svg	pass	9504	4285	5219
svgs/oxygen-icons-5.113.0/scalable/actions/small/22x22/application-exit.svg	pass	36507	12786	23721
svgs/oxygen-icons-5.113.0/scalable/actions/small/22x22/appointment-new.svg	pass	79345	36903	42442
svgs/oxygen-icons-5.113.0/scalable/actions/small/22x22/archive-extract.svg	pass	33810	9341	24469
svgs/oxygen-icons-5.113.0/scalable/actions/small/22x22/archive-insert-directory.svg	pass	1561659	126490	1435169
svgs/oxygen-icons-5.113.0/scalable/actions/small/22x22/archive-insert.svg	pass	31574	16510	15064
svgs/oxygen-icons-5.113.0/scalable/actions/small/22x22/archive-remove.svg	pass	172302	10912	161390
svgs/oxygen-icons-5.113.0/scalable/actions/small/22x22/arrow-down-double.svg	pass	39410	10715	28695
svgs/oxygen-icons-5.113.0/scalable/actions/small/22x22/arrow-left-double.svg	pass	39390	10661	28729
svgs/oxygen-icons-5.113.0/scalable/actions/small/22x22/arrow-right-double.svg	pass	39406	10720	28686
svgs/oxygen-icons-5.113.0/scalable/actions/small/22x22/arrow-up-double.svg	pass	39406	10682	28724
svgs/oxygen-icons-5.113.0/scalable/actions/small/22x22/bookmark-new-list.svg	pass	126460	52727	73733
svgs/oxygen-icons-5.113.0/scalable/actions/small/22x22/bookmark-new.svg	pass	39614	10081	29533
svgs/oxygen-icons-5.113.0/scalable/actions/small/22x22/bookmark-toolbar.svg	pass	219085	20602	198483
svgs/oxygen-icons-5.113.0/scalable/actions/small/22x22/bookmarks-organize.svg	pass	957602	503564	454038
svgs/oxygen-icons-5.113.0/scalable/actions/small/22x22/call-start.svg	pass	43845	7981	35864
svgs/oxygen-icons-5.113.0/scalable/actions/small/22x22/call-stop.svg	pass	60545	7746	52799
svgs/oxygen-icons-5.113.0/scalable/actions/small/22x22/character-set.svg	pass	9443	3867	5576
svgs/oxygen-icons-5.113.0/scalable/actions/small/22x22/checkbox.svg	pass	45311	11955	33356
svgs/oxygen-icons-5.113.0/scalable/actions/small/22x22/code-block.svg	pass	46809	10984	35825
svgs/oxygen-icons-5.113.0/scalable/actions/small/22x22/code-class.svg	pass	47681	12461	35220
svgs/oxygen-icons-5.113.0/scalable/actions/small/22x22/code-context.svg	pass	146672	7396	139276
svgs/oxygen-icons-5.113.0/scalable/actions/small/22x22/code-function.svg	pass	36220	6369	29851
svgs/oxygen-icons-5.113.0/scalable/actions/small/22x22/code-typedef.svg	pass	23398	5982	17416
svgs/oxygen-icons-5.113.0/scalable/actions/small/22x22/code-variable.svg	pass	38680	5399	33281
svgs/oxygen-icons-5.113.0/scalable/actions/small/22x22/color-picker-black.svg	pass	49195	19623	29572
svgs/oxygen-icons-5.113.0/scalable/actions/small/22x22/color-picker-grey.svg	pass	48316	19301	29015
svgs/oxygen-icons-5.113.0/scalable/actions/small/22x22/color-picker-white.svg	pass	48306	19293	29013
svgs/oxygen-icons-5.113.0/scalable/actions/small/22x22/color-picker.svg	pass	40950	16087	24863
svgs/oxygen-icons-5.113.0/scalable/actions/small/22x22/configure-toolbars.svg	pass	227189	31430	195759
svgs/oxygen-icons-5.113.0/scalable/actions/small/22x22/configure.svg	pass	175657	30584	145073
svgs/oxygen-icons-5.113.0/scalable/actions/small/22x22/contact-new.svg	pass	114133	50203	63930
svgs/oxygen-icons-5.113.0/scalable/actions/small/22x22/debug-execute-from-cursor.svg	pass	151490	5869	145621
svgs/oxygen-icons-5.113.0/scalable/actions/small/22x22/debug-execute-to-cursor.svg	pass	150700	5850	144850
svgs/oxygen-icons-5.113.0/scalable/actions/small/22x22/debug-run-cursor.svg	pass	422401	42911	379490
svgs/oxygen-icons-5.113.0/scalable/actions/small/22x22/debug-run.svg	pass	421178	41287	379891
svgs/oxygen-icons-5.113.0/scalable/actions/small/22x22/debug-step-instruction.svg	pass	124311	9189	115122
svgs/oxygen-icons-5.113.0/scalable/actions/small/22x22/debug-step-into-instruction.svg	pass	125490	9807	115683
svgs/oxygen-icons-5.113.0/scalable/actions/small/22x22/debug-step-into.svg	pass	125092	9661	115431
svgs/oxygen-icons-5.113.0/scalable/actions/small/22x22/debug-step-out.svg	pass	122257	8862	113395
svgs/oxygen-icons-5.113.0/scalable/actions/small/22x22/debug-step-over.svg	pass	123952	9053	114899
svgs/oxygen-icons-5.113.0/scalable/actions/small/22x22/dialog-cancel.svg	pass	4799	1637	3162
svgs/oxygen-icons-5.113.0/scalable/actions/small/22x22/dialog-ok-apply.svg	pass	18285	9108	9177
svgs/oxygen-icons-5.113.0/scalable/actions/small/22x22/dialog-ok.svg	pass	20655	9281	11374
svgs/oxygen-icons-5.113.0/scalable/actions/small/22x22/distribute-horizontal-center.svg	pass	51234	4698	46536
svgs/oxygen-icons-5.113.0/scalable/actions/small/22x22/distribute-horizontal-equal.svg	pass	51245	4693	46552
svgs/oxygen-icons-5.113.0/scalable/actions/small/22x22/distribute-horizontal-left.svg	pass	51255	4688	46567
svgs/oxygen-icons-5.113.0/scalable/actions/small/22x22/distribute-horizontal-margin.svg	pass	10210	3644	6566
svgs/oxygen-icons-5.113.0/scalable/actions/small/22x22/distribute-horizontal-page.svg	pass	19805	8492	11313
svgs/oxygen-icons-5.113.0/scalable/actions/small/22x22/distribute-horizontal-right.svg	pass	51232	4689	46543
svgs/oxygen-icons-5.113.0/scalable/actions/small/22x22/distribute-horizontal-x.svg	pass	9460	3719	5741
svgs/oxygen-icons-5.113.0/scalable/actions/small/22x22/distribute-vertical-bottom.svg	pass	51837	4926	46911
svgs/oxygen-icons-5.113.0/scalable/actions/small/22x22/distribute-vertical-center.svg	pass	11472	5593	5879
svgs/oxygen-icons-5.113.0/scalable/actions/small/22x22/distribute-vertical-equal.svg	pass	10001	4612	5389
svgs/oxygen-icons-5.113.0/scalable/actions/small/22x22/distribute-vertical-margin.svg	pass	9188	3618	5570
svgs/oxygen-icons-5.113.0/scalable/actions/small/22x22/distribute-vertical-page.svg	pass	29359	8511	20848
svgs/oxygen-icons-5.113.0/scalable/actions/small/22x22/distribute-vertical-top.svg	pass	51487	4922	46565
svgs/oxygen-icons-5.113.0/scalable/actions/small/22x22/distribute-vertical-y.svg	pass	11562	3812	7750
svgs/oxygen-icons-5.113.0/scalable/actions/small/22x22/document-decrypt.svg	pass	259582	169206	90376
svgs/oxygen-icons-5.113.0/scalable/actions/small/22x22/document-edit-decrypt-verify.svg	pass	133802	64655	69147
svgs/oxygen-icons-5.113.0/scalable/actions/small/22x22/document-edit-decrypt.svg	pass	121484	54023	67461
svgs/oxygen-icons-5.113.0/scalable/actions/small/22x22/document-edit-emcrypted.svg	pass	47020	10728	36292
svgs/oxygen-icons-5.113.0/scalable/actions/small/22x22/document-edit-encrypt.svg	pass	90232	41361	48871
svgs/oxygen-icons-5.113.0/scalable/actions/small/22x22/document-edit-sign-encrypt.svg	pass	113421	58733	54688
svgs/oxygen-icons-5.113.0/scalable/actions/small/22x22/document-edit-sign.svg	pass	172264	99066	73198
svgs/oxygen-icons-5.113.0/scalable/actions/small/22x22/document-edit-verify.svg	pass	203302	129581	73721
svgs/oxygen-icons-5.113.0/scalable/actions/small/22x22/document-edit.svg	pass	67288	17704	49584
svgs/oxygen-icons-5.113.0/scalable/actions/small/22x22/document-encrypt.svg	pass	263401	170174	93227
svgs/oxygen-icons-5.113.0/scalable/actions/small/22x22/document-export-table.svg	pass	149974	15455	134519
svgs/oxygen-icons-5.113.0/scalable/actions/small/22x22/document-export.svg	pass	32859	9083	23776
svgs/oxygen-icons-5.113.0/scalable/actions/small/22x22/document-import.svg	pass	32599	9454	23145
svgs/oxygen-icons-5.113.0/scalable/actions/small/22x22/document-new.svg	pass	17815	6631	11184
svgs/oxygen-icons-5.113.0/scalable/actions/small/22x22/document-open-folder.svg	pass	129652	116833	12819
svgs/oxygen-icons-5.113.0/scalable/actions/small/22x22/document-open-remote.svg	pass	800174	452348	347826
svgs/oxygen-icons-5.113.0/scalable/actions/small/22x22/document-open.svg	pass	144568	124581	19987
svgs/oxygen-icons-5.113.0/scalable/actions/small/22x22/document-preview-archive.svg	pass	658397	28965	629432
svgs/oxygen-icons-5.113.0/scalable/actions/small/22x22/document-preview.svg	pass	147014	25578	121436
svgs/oxygen-icons-5.113.0/scalable/actions/small/22x22/document-print-direct.svg	pass	78130	31446	46684
svgs/oxygen-icons-5.113.0/scalable/actions/small/22x22/document-print-frame.svg	pass	371576	23504	348072
svgs/oxygen-icons-5.113.0/scalable/actions/small/22x22/document-print-preview.svg	pass	75468	34081	41387
svgs/oxygen-icons-5.113.0/scalable/actions/small/22x22/document-print.svg	pass	365669	21858	343811
svgs/oxygen-icons-5.113.0/scalable/actions/small/22x22/document-properties.svg	pass	36178	18067	18111
svgs/oxygen-icons-5.113.0/scalable/actions/small/22x22/document-revert.svg	pass	46778	20362	26416
svgs/oxygen-icons-5.113.0/scalable/actions/small/22x22/document-save-all.svg	pass	548562	31844	516718
svgs/oxygen-icons-5.113.0/scalable/actions/small/22x22/document-save-as.svg	pass	50281	30239	20042
svgs/oxygen-icons-5.113.0/scalable/actions/small/22x22/document-save.svg	pass	519083	18237	500846
svgs/oxygen-icons-5.113.0/scalable/actions/small/22x22/documentation.svg	pass	24134	10342	13792
svgs/oxygen-icons-5.113.0/scalable/actions/small/22x22/download-later.svg	pass	95696	17870	77826
svgs/oxygen-icons-5.113.0/scalable/actions/small/22x22/download.svg	pass	667375	346491	320884
svgs/oxygen-icons-5.113.0/scalable/actions/small/22x22/draw-arrow-back.svg	pass	8002	2455	5547
svgs/oxygen-icons-5.113.0/scalable/actions/small/22x22/draw-arrow-down.svg	pass	7482	2600	4882
svgs/oxygen-icons-5.113.0/scalable/actions/small/22x22/draw-arrow-forward.svg	pass	9049	2468	6581
svgs/oxygen-icons-5.113.0/scalable/actions/small/22x22/draw-arrow-up.svg	pass	8407	2490	5917
svgs/oxygen-icons-5.113.0/scalable/actions/small/22x22/draw-bezier-curves.svg	pass	21124	4952	16172
svgs/oxygen-icons-5.113.0/scalable/actions/small/22x22/draw-brush.svg	pass	37758	14312	23446
svgs/oxygen-icons-5.113.0/scalable/actions/small/22x22/draw-circle.svg	pass	6101	2293	3808
svgs/oxygen-icons-5.113.0/scalable/actions/small/22x22/draw-cross.svg	pass	7040	2826	4214
svgs/oxygen-icons-5.113.0/scalable/actions/small/22x22/draw-donut.svg	pass	7325	2640	4685
svgs/oxygen-icons-5.113.0/scalable/actions/small/22x22/draw-ellipse.svg	pass	6179	1983	4196
svgs/oxygen-icons-5.113.0/scalable/actions/small/22x22/draw-eraser.svg	pass	98337	14906	83431
svgs/oxygen-icons-5.113.0/scalable/actions/small/22x22/draw-freehand.svg	pass	32393	14211	18182
svgs/oxygen-icons-5.113.0/scalable/actions/small/22x22/draw-halfcircle2.svg	pass	6025	1881	4144
svgs/oxygen-icons-5.113.0/scalable/actions/small/22x22/draw-halfcircle3.svg	pass	6366	1879	4487
svgs/oxygen-icons-5.113.0/scalable/actions/small/22x22/draw-halfcircle4.svg	pass	6843	1834	5009
svgs/oxygen-icons-5.113.0/scalable/actions/small/22x22/draw-path.svg	pass	39662	10308	29354
svgs/oxygen-icons-5.113.0/scalable/actions/small/22x22/draw-polygon.svg	pass	6074	1881	4193
svgs/oxygen-icons-5.113.0/scalable/actions/small/22x22/draw-polyline.svg	pass	36703	2107	34596
svgs/oxygen-icons-5.113.0/scalable/actions/small/22x22/draw-rectangle.svg	pass	35234	1918	33316
svgs/oxygen-icons-5.113.0/scalable/actions/small/22x22/draw-spiral.svg	pass	19186	3252	15934
svgs/oxygen-icons-5.113.0/scalable/actions/small/22x22/draw-square-inverted-corners.svg	pass	6111	2072	4039
svgs/oxygen-icons-5.113.0/scalable/actions/small/22x22/draw-star.svg	pass	5905	1972	3933
svgs/oxygen-icons-5.113.0/scalable/actions/small/22x22/draw-text.svg	pass	8551	1369	7182
svgs/oxygen-icons-5.113.0/scalable/actions/small/22x22/draw-triangle.svg	pass	5915	1896	4019
svgs/oxygen-icons-5.113.0/scalable/actions/small/22x22/draw-triangle1.svg	pass	35114	1949	33165
svgs/oxygen-icons-5.113.0/scalable/actions/small/22x22/draw-triangle2.svg	pass	5916	1901	4015
svgs/oxygen-icons-5.113.0/scalable/actions/small/22x22/draw-triangle3.svg	pass	5865	1879	3986
svgs/oxygen-icons-5.113.0/scalable/actions/small/22x22/draw-triangle4.svg	pass	6425	1914	4511
svgs/oxygen-icons-5.113.0/scalable/actions/small/22x22/edit-clear-history.svg	pass	53636	22597	31039
svgs/oxygen-icons-5.113.0/scalable/actions/small/22x22/edit-clear-list.svg	pass	204058	14639	189419
svgs/oxygen-icons-5.113.0/scalable/actions/small/22x22/edit-clear-locationbar-rtl.svg	pass	90795	7601	83194
svgs/oxygen-icons-5.113.0/scalable/actions/small/22x22/edit-clear.svg	pass	35380	2706	32674
svgs/oxygen-icons-5.113.0/scalable/actions/small/22x22/edit-copy.svg	pass	33215	4668	28547
svgs/oxygen-icons-5.113.0/scalable/actions/small/22x22/edit-cut.svg	pass	29722	3708	26014
svgs/oxygen-icons-5.113.0/scalable/actions/small/22x22/edit-delete.svg	pass	176871	5849	171022
svgs/oxygen-icons-5.113.0/scalable/actions/small/22x22/edit-find-mail.svg	pass	122708	22069	100639
svgs/oxygen-icons-5.113.0/scalable/actions/small/22x22/edit-find-project.svg	pass	169175	18171	151004
svgs/oxygen-icons-5.113.0/scalable/actions/small/22x22/edit-find-replace.svg	pass	157773	29688	128085
svgs/oxygen-icons-5.113.0/scalable/actions/small/22x22/edit-find.svg	pass	91456	16974	74482
svgs/oxygen-icons-5.113.0/scalable/actions/small/22x22/edit-guides.svg	pass	20019	4287	15732
svgs/oxygen-icons-5.113.0/scalable/actions/small/22x22/edit-image-face-add.svg	mismatch	761819	51495	710324
svgs/oxygen-icons-5.113.0/scalable/actions/small/22x22/edit-image-face-detect.svg	pass	17662	3392	14270
svgs/oxygen-icons-5.113.0/scalable/actions/small/22x22/edit-image-face-recognize.svg	mismatch	179953	46270	133683
svgs/oxygen-icons-5.113.0/scalable/actions/small/22x22/edit-image-face-show.svg	pass	173505	42710	130795
svgs/oxygen-icons-5.113.0/scalable/actions/small/22x22/edit-node.svg	pass	9649	4054	5595
svgs/oxygen-icons-5.113.0/scalable/actions/small/22x22/edit-paste.svg	pass	86598	14183	72415
svgs/oxygen-icons-5.113.0/scalable/actions/small/22x22/edit-redo.svg	pass	40380	20380	20000
svgs/oxygen-icons-5.113.0/scalable/actions/small/22x22/edit-rename.svg	pass	35380	2706	32674
svgs/oxygen-icons-5.113.0/scalable/actions/small/22x22/edit-select-all.svg	pass	216219	110469	105750
svgs/oxygen-icons-5.113.0/scalable/actions/small/22x22/edit-select-none.svg	mismatch	258721	126743	131978
svgs/oxygen-icons-5.113.0/scalable/actions/small/22x22/edit-select.svg	pass	25200	2718	22482
svgs/oxygen-icons-5.113.0/scalable/actions/small/22x22/edit-table-cell-merge.svg	pass	291442	5527	285915
svgs/oxygen-icons-5.113.0/scalable/actions/small/22x22/edit-table-cell-split.svg	pass	284607	5153	279454
svgs/oxygen-icons-5.113.0/scalable/actions/small/22x22/edit-table-delete-row.svg	pass	773969	19913	754056
svgs/oxygen-icons-5.113.0/scalable/actions/small/22x22/edit-table-insert-column-left.svg	pass	602285	15225	587060
svgs/oxygen-icons-5.113.0/scalable/actions/small/22x22/edit-table-insert-column-right.svg	pass	596216	15101	581115
svgs/oxygen-icons-5.113.0/scalable/actions/small/22x22/edit-table-insert-row-above.svg	pass	1189170	18896	1170274
svgs/oxygen-icons-5.113.0/scalable/actions/small/22x22/edit-table-insert-row-under.svg	pass	568052	15068	552984
svgs/oxygen-icons-5.113.0/scalable/actions/small/22x22/edit-text-frame-update.svg	pass	11280	4043	7237
svgs/oxygen-icons-5.113.0/scalable/actions/small/22x22/edit-undo.svg	pass	39545	19205	20340
svgs/oxygen-icons-5.113.0/scalable/actions/small/22x22/folder-new.svg	pass	1561633	126490	1435143
svgs/oxygen-icons-5.113.0/scalable/actions/small/22x22/folder-sync.svg	pass	260200	227312	32888
svgs/oxygen-icons-5.113.0/scalable/actions/small/22x22/format-add-node.svg	pass	26900	13117	13783
svgs/oxygen-icons-5.113.0/scalable/actions/small/22x22/format-break-node.svg	pass	16176	5782	10394
svgs/oxygen-icons-5.113.0/scalable/actions/small/22x22/format-connect-node.svg	pass	18762	7342	11420
svgs/oxygen-icons-5.113.0/scalable/actions/small/22x22/format-disconnect-node.svg	pass	17553	7062	10491
svgs/oxygen-icons-5.113.0/scalable/actions/small/22x22/format-join-node.svg	pass	14565	5797	8768
svgs/oxygen-icons-5.113.0/scalable/actions/small/22x22/format-remove-node.svg	pass	31890	12256	19634
svgs/oxygen-icons-5.113.0/scalable/actions/small/22x22/format-text-color.svg	pass	92142	4026	88116
svgs/oxygen-icons-5.113.0/scalable/actions/small/22x22/games-highscores.svg	pass	291822	144446	147376
svgs/oxygen-icons-5.113.0/scalable/actions/small/22x22/go-down-search.svg	pass	70309	7922	62387
svgs/oxygen-icons-5.113.0/scalable/actions/small/22x22/go-down.svg	pass	29625	8746	20879
svgs/oxygen-icons-5.113.0/scalable/actions/small/22x22/go-first-view-page.svg	pass	43492	23716	19776
svgs/oxygen-icons-5.113.0/scalable/actions/small/22x22/go-first-view.svg	pass	18291	9640	8651
svgs/oxygen-icons-5.113.0/scalable/actions/small/22x22/go-home.svg	pass	35366	16456	18910
svgs/oxygen-icons-5.113.0/scalable/actions/small/22x22/go-jump-declaration.svg	pass	65414	14189	51225
svgs/oxygen-icons-5.113.0/scalable/actions/small/22x22/go-jump-definition.svg	pass	125906	8829	117077
svgs/oxygen-icons-5.113.0/scalable/actions/small/22x22/go-jump-locationbar.svg	pass	752862	337996	414866
svgs/oxygen-icons-5.113.0/scalable/actions/small/22x22/go-jump-today.svg	pass	104752	38189	66563
svgs/oxygen-icons-5.113.0/scalable/actions/small/22x22/go-last-view-page.svg	pass	264420	24000	240420
svgs/oxygen-icons-5.113.0/scalable/actions/small/22x22/go-last-view.svg	pass	23838	9821	14017
svgs/oxygen-icons-5.113.0/scalable/actions/small/22x22/go-next-context.svg	pass	18003	7476	10527
svgs/oxygen-icons-5.113.0/scalable/actions/small/22x22/go-next-use.svg	pass	122801	8752	114049
svgs/oxygen-icons-5.113.0/scalable/actions/small/22x22/go-next-view-page.svg	pass	115551	16344	99207
svgs/oxygen-icons-5.113.0/scalable/actions/small/22x22/go-next-view.svg	pass	4431	2613	1818
svgs/oxygen-icons-5.113.0/scalable/actions/small/22x22/go-next.svg	pass	30417	10621	19796
svgs/oxygen-icons-5.113.0/scalable/actions/small/22x22/go-previous-context.svg	pass	16610	7336	9274
svgs/oxygen-icons-5.113.0/scalable/actions/small/22x22/go-previous-use.svg	pass	130224	8730	121494
svgs/oxygen-icons-5.113.0/scalable/actions/small/22x22/go-previous-view-page.svg	pass	115553	16305	99248
svgs/oxygen-icons-5.113.0/scalable/actions/small/22x22/go-previous-view.svg	pass	4590	2678	1912
svgs/oxygen-icons-5.113.0/scalable/actions/small/22x22/go-previous.svg	pass	22093	7874	14219
svgs/oxygen-icons-5.113.0/scalable/actions/small/22x22/go-up-search.svg	pass	69538	7881	61657
svgs/oxygen-icons-5.113.0/scalable/actions/small/22x22/go-up.svg	pass	26837	8254	18583
svgs/oxygen-icons-5.113.0/scalable/actions/small/22x22/help-about.svg	pass	44615	11391	33224
svgs/oxygen-icons-5.113.0/scalable/actions/small/22x22/help-contents.svg	pass	1347272	683149	664123
svgs/oxygen-icons-5.113.0/scalable/actions/small/22x22/help-donate.svg	pass	145006	13627	131379
svgs/oxygen-icons-5.113.0/scalable/actions/small/22x22/help-feedback.svg	pass	56183	16618	39565
svgs/oxygen-icons-5.113.0/scalable/actions/small/22x22/im-aim.svg	pass	33328	14530	18798
svgs/oxygen-icons-5.113.0/scalable/actions/small/22x22/im-facebook.svg	pass	9942	3974	5968
svgs/oxygen-icons-5.113.0/scalable/actions/small/22x22/im-gadugadu.svg	pass	27261	10881	16380
svgs/oxygen-icons-5.113.0/scalable/actions/small/22x22/im-google-talk.svg	pass	15583	7578	8005
svgs/oxygen-icons-5.113.0/scalable/actions/small/22x22/im-google.svg	mismatch	26530	12216	14314
svgs/oxygen-icons-5.113.0/scalable/actions/small/22x22/im-icq.svg	pass	70098	25840	44258
svgs/oxygen-icons-5.113.0/scalable/actions/small/22x22/im-identi.ca.svg	pass	35112	23522	11590
svgs/oxygen-icons-5.113.0/scalable/actions/small/22x22/im-jabber.svg	pass	53970	17119	36851
svgs/oxygen-icons-5.113.0/scalable/actions/small/22x22/im-msn.svg	pass	78642	26018	52624
svgs/oxygen-icons-5.113.0/scalable/actions/small/22x22/im-qq.svg	pass	55161	20447	34714
svgs/oxygen-icons-5.113.0/scalable/actions/small/22x22/im-skype.svg	pass	43845	7981	35864
svgs/oxygen-icons-5.113.0/scalable/actions/small/22x22/im-twitter.svg	pass	14236	5300	8936
svgs/oxygen-icons-5.113.0/scalable/actions/small/22x22/im-yahoo.svg	pass	56967	22954	34013
svgs/oxygen-icons-5.113.0/scalable/actions/small/22x22/insert-horizontal-rule.svg	pass	219408	13823	205585
svgs/oxygen-icons-5.113.0/scalable/actions/small/22x22/insert-image.svg	pass	932449	557772	374677
svgs/oxygen-icons-5.113.0/scalable/actions/small/22x22/insert-link.svg	pass	191750	16865	174885
svgs/oxygen-icons-5.113.0/scalable/actions/small/22x22/insert-table.svg	pass	31948	11235	20713
svgs/oxygen-icons-5.113.0/scalable/actions/small/22x22/insert-text.svg	pass	45010	9295	35715
svgs/oxygen-icons-5.113.0/scalable/actions/small/22x22/irc-close-channel.svg	mismatch	83618	35124	48494
svgs/oxygen-icons-5.113.0/scalable/actions/small/22x22/irc-join-channel.svg	pass	272320	32707	239613
svgs/oxygen-icons-5.113.0/scalable/actions/small/22x22/key-enter.svg	pass	140422	4156	136266
svgs/oxygen-icons-5.113.0/scalable/actions/small/22x22/list-add-font.svg	pass	230467	16438	214029
svgs/oxygen-icons-5.113.0/scalable/actions/small/22x22/list-add-user.svg	mismatch	193786	54342	139444
svgs/oxygen-icons-5.113.0/scalable/actions/small/22x22/list-add.svg	pass	21628	10496	11132
svgs/oxygen-icons-5.113.0/scalable/actions/small/22x22/list-remove.svg	pass	14909	6421	8488
svgs/oxygen-icons-5.113.0/scalable/actions/small/22x22/list-resource-add.svg	pass	359945	148114	211831
svgs/oxygen-icons-5.113.0/scalable/actions/small/22x22/mail-encrypted-full.svg	pass	85193	15537	69656
svgs/oxygen-icons-5.113.0/scalable/actions/small/22x22/mail-encrypted-part.svg	pass	83492	15869	67623
svgs/oxygen-icons-5.113.0/scalable/actions/small/22x22/mail-encrypted.svg	pass	99882	17141	82741
svgs/oxygen-icons-5.113.0/scalable/actions/small/22x22/mail-flag.svg	pass	71321	38091	33230
svgs/oxygen-icons-5.113.0/scalable/actions/small/22x22/mail-forward.svg	mismatch	126793	8879	117914
svgs/oxygen-icons-5.113.0/scalable/actions/small/22x22/mail-forwarded.svg	pass	242386	42199	200187
svgs/oxygen-icons-5.113.0/scalable/actions/small/22x22/mail-invitation.svg	pass	146829	12154	134675
svgs/oxygen-icons-5.113.0/scalable/actions/small/22x22/mail-mark-important.svg	pass	450353	9891	440462
svgs/oxygen-icons-5.113.0/scalable/actions/small/22x22/mail-mark-junk.svg	pass	450456	6204	444252
svgs/oxygen-icons-5.113.0/scalable/actions/small/22x22/mail-mark-notjunk.svg	pass	19690	8508	11182
svgs/oxygen-icons-5.113.0/scalable/actions/small/22x22/mail-mark-read.svg	pass	123123	37208	85915
svgs/oxygen-icons-5.113.0/scalable/actions/small/22x22/mail-mark-task.svg	pass	51604	20423	31181
svgs/oxygen-icons-5.113.0/scalable/actions/small/22x22/mail-mark-unread-new.svg	pass	303582	7786	295796
svgs/oxygen-icons-5.113.0/scalable/actions/small/22x22/mail-mark-unread.svg	pass	70187	4739	65448
svgs/oxygen-icons-5.113.0/scalable/actions/small/22x22/mail-meeting-request-reply.svg	pass	64946	5447	59499
svgs/oxygen-icons-5.113.0/scalable/actions/small/22x22/mail-message-new-list.svg	pass	182043	41274	140769
svgs/oxygen-icons-5.113.0/scalable/actions/small/22x22/mail-message-new.svg	pass	177921	41256	136665
svgs/oxygen-icons-5.113.0/scalable/actions/small/22x22/mail-queue.svg	mismatch	179958	8715	171243
svgs/oxygen-icons-5.113.0/scalable/actions/small/22x22/mail-receive.svg	mismatch	137149	12518	124631
svgs/oxygen-icons-5.113.0/scalable/actions/small/22x22/mail-replied.svg	pass	312691	42999	269692
svgs/oxygen-icons-5.113.0/scalable/actions/small/22x22/mail-reply-all.svg	pass	23404	10649	12755
svgs/oxygen-icons-5.113.0/scalable/actions/small/22x22/mail-reply-custom-all.svg	pass	119669	7233	112436
svgs/oxygen-icons-5.113.0/scalable/actions/small/22x22/mail-reply-custom.svg	pass	119384	7104	112280
svgs/oxygen-icons-5.113.0/scalable/actions/small/22x22/mail-reply-list.svg	pass	90447	16851	73596
svgs/oxygen-icons-5.113.0/scalable/actions/small/22x22/mail-reply-sender.svg	pass	75753	10289	65464
svgs/oxygen-icons-5.113.0/scalable/actions/small/22x22/mail-send.svg	pass	181179	5815	175364
svgs/oxygen-icons-5.113.0/scalable/actions/small/22x22/mail-signature-unknown.svg	pass	29481	13427	16054
svgs/oxygen-icons-5.113.0/scalable/actions/small/22x22/mail-signed-full.svg	pass	18033	5860	12173
svgs/oxygen-icons-5.113.0/scalable/actions/small/22x22/mail-signed-part.svg	pass	18632	6163	12469
svgs/oxygen-icons-5.113.0/scalable/actions/small/22x22/mail-signed-verified.svg	pass	30951	15099	15852
svgs/oxygen-icons-5.113.0/scalable/actions/small/22x22/mail-signed.svg	pass	17528	5454	12074
svgs/oxygen-icons-5.113.0/scalable/actions/small/22x22/mail-tagged.svg	pass	19930	8033	11897
svgs/oxygen-icons-5.113.0/scalable/actions/small/22x22/measure.svg	pass	10862	3894	6968
svgs/oxygen-icons-5.113.0/scalable/actions/small/22x22/meeting-participant-no-response.svg	pass	285041	149718	135323
svgs/oxygen-icons-5.113.0/scalable/actions/small/22x22/meeting-participant-request-response.svg	pass	341173	149544	191629
svgs/oxygen-icons-5.113.0/scalable/actions/small/22x22/milestone.svg	pass	498436	118096	380340
svgs/oxygen-icons-5.113.0/scalable/actions/small/22x22/mixer-ac97.svg	pass	151255	125842	25413
svgs/oxygen-icons-5.113.0/scalable/actions/small/22x22/mixer-capture-secondary.svg	pass	50011	5052	44959
svgs/oxygen-icons-5.113.0/scalable/actions/small/22x22/mixer-capture.svg	pass	49013	5387	43626
svgs/oxygen-icons-5.113.0/scalable/actions/small/22x22/mixer-cd.svg	mismatch	143446	13983	129463
svgs/oxygen-icons-5.113.0/scalable/actions/small/22x22/mixer-digital.svg	pass	56148	7404	48744
svgs/oxygen-icons-5.113.0/scalable/actions/small/22x22/mixer-front.svg	pass	20580	6390	14190
svgs/oxygen-icons-5.113.0/scalable/actions/small/22x22/mixer-headset.svg	pass	76815	38440	38375
svgs/oxygen-icons-5.113.0/scalable/actions/small/22x22/mixer-lfe.svg	pass	52335	11498	40837
svgs/oxygen-icons-5.113.0/scalable/actions/small/22x22/mixer-line.svg	pass	88306	17722	70584
svgs/oxygen-icons-5.113.0/scalable/actions/small/22x22/mixer-master.svg	pass	19068	6306	12762
svgs/oxygen-icons-5.113.0/scalable/actions/small/22x22/mixer-microphone-boost.svg	pass	56426	15087	41339
svgs/oxygen-icons-5.113.0/scalable/actions/small/22x22/mixer-microphone-front-boost.svg	pass	56660	15384	41276
svgs/oxygen-icons-5.113.0/scalable/actions/small/22x22/mixer-microphone-front.svg	pass	33150	11507	21643
svgs/oxygen-icons-5.113.0/scalable/actions/small/22x22/mixer-microphone.svg	pass	32557	11028	21529
svgs/oxygen-icons-5.113.0/scalable/actions/small/22x22/mixer-midi.svg	pass	85128	13727	71401
svgs/oxygen-icons-5.113.0/scalable/actions/small/22x22/mixer-pc-speaker.svg	pass	49933	2448	47485
svgs/oxygen-icons-5.113.0/scalable/actions/small/22x22/mixer-pcm-default.svg	pass	24737	1912	22825
svgs/oxygen-icons-5.113.0/scalable/actions/small/22x22/mixer-pcm.svg	pass	24692	2037	22655
svgs/oxygen-icons-5.113.0/scalable/actions/small/22x22/mixer-surround-center.svg	pass	28968	6330	22638
svgs/oxygen-icons-5.113.0/scalable/actions/small/22x22/mixer-surround.svg	pass	25531	4195	21336
svgs/oxygen-icons-5.113.0/scalable/actions/small/22x22/mixer-video.svg	pass	59929	11479	48450
svgs/oxygen-icons-5.113.0/scalable/actions/small/22x22/network-connect.svg	pass	72105	20947	51158
svgs/oxygen-icons-5.113.0/scalable/actions/small/22x22/news-subscribe.svg	pass	432617	17409	415208
svgs/oxygen-icons-5.113.0/scalable/actions/small/22x22/news-unsubscribe.svg	mismatch	308976	24946	284030
svgs/oxygen-icons-5.113.0/scalable/actions/small/22x22/object-flip-horizontal.svg	pass	73024	7667	65357
svgs/oxygen-icons-5.113.0/scalable/actions/small/22x22/object-flip-vertical.svg	pass	73117	7048	66069
svgs/oxygen-icons-5.113.0/scalable/actions/small/22x22/office-chart-area-focus-peak-node.svg	pass	22359	6350	16009
svgs/oxygen-icons-5.113.0/scalable/actions/small/22x22/office-chart-area-percentage.svg	pass	24502	7111	17391
svgs/oxygen-icons-5.113.0/scalable/actions/small/22x22/office-chart-area-stacked.svg	pass	13612	6124	7488
svgs/oxygen-icons-5.113.0/scalable/actions/small/22x22/office-chart-area.svg	pass	10307	5015	5292
svgs/oxygen-icons-5.113.0/scalable/actions/small/22x22/office-chart-bar-percentage.svg	pass	41744	13574	28170
svgs/oxygen-icons-5.113.0/scalable/actions/small/22x22/office-chart-bar-stacked.svg	pass	27831	12322	15509
svgs/oxygen-icons-5.113.0/scalable/actions/small/22x22/office-chart-bar.svg	pass	203456	7404	196052
svgs/oxygen-icons-5.113.0/scalable/actions/small/22x22/office-chart-line-percentage.svg	pass	19150	5509	13641
svgs/oxygen-icons-5.113.0/scalable/actions/small/22x22/office-chart-line-stacked.svg	pass	7627	3706	3921
svgs/oxygen-icons-5.113.0/scalable/actions/small/22x22/office-chart-line.svg	pass	200762	3708	197054
svgs/oxygen-icons-5.113.0/scalable/actions/small/22x22/office-chart-pie.svg	pass	136878	18197	118681
svgs/oxygen-icons-5.113.0/scalable/actions/small/22x22/office-chart-polar-stacked.svg	pass	75053	5179	69874
svgs/oxygen-icons-5.113.0/scalable/actions/small/22x22/office-chart-polar.svg	pass	69884	3251	66633
svgs/oxygen-icons-5.113.0/scalable/actions/small/22x22/office-chart-ring.svg	pass	38707	11567	27140
svgs/oxygen-icons-5.113.0/scalable/actions/small/22x22/office-chart-scatter.svg	pass	73025	4873	68152
svgs/oxygen-icons-5.113.0/scalable/actions/small/22x22/page-2sides.svg	pass	7128	2580	4548
svgs/oxygen-icons-5.113.0/scalable/actions/small/22x22/page-3sides.svg	pass	6345	2120	4225
svgs/oxygen-icons-5.113.0/scalable/actions/small/22x22/page-4sides.svg	pass	12959	3922	9037
svgs/oxygen-icons-5.113.0/scalable/actions/small/22x22/page-simple.svg	pass	34942	1376	33566
svgs/oxygen-icons-5.113.0/scalable/actions/small/22x22/page-zoom.svg	pass	102649	19448	83201
svgs/oxygen-icons-5.113.0/scalable/actions/small/22x22/preferences-activities.svg	pass	521082	13057	508025
svgs/oxygen-icons-5.113.0/scalable/actions/small/22x22/preflight-verifier.svg	pass	706430	451206	255224
svgs/oxygen-icons-5.113.0/scalable/actions/small/22x22/process-stop.svg	pass	18301	9437	8864
svgs/oxygen-icons-5.113.0/scalable/actions/small/22x22/project-development-close-all.svg	pass	258701	18294	240407
svgs/oxygen-icons-5.113.0/scalable/actions/small/22x22/project-development-new-template.svg	pass	184427	8315	176112
svgs/oxygen-icons-5.113.0/scalable/actions/small/22x22/project-development.svg	pass	56289	3968	52321
svgs/oxygen-icons-5.113.0/scalable/actions/small/22x22/project-open.svg	pass	1247257	127570	1119687
svgs/oxygen-icons-5.113.0/scalable/actions/small/22x22/quickopen-class.svg	pass	63657	19183	44474
svgs/oxygen-icons-5.113.0/scalable/actions/small/22x22/quickopen-file.svg	pass	45164	15869	29295
svgs/oxygen-icons-5.113.0/scalable/actions/small/22x22/quickopen-function.svg	pass	93048	17240	75808
svgs/oxygen-icons-5.113.0/scalable/actions/small/22x22/quickopen.svg	pass	26858	10621	16237
svgs/oxygen-icons-5.113.0/scalable/actions/small/22x22/rating.svg	pass	42535	19506	23029
svgs/oxygen-icons-5.113.0/scalable/actions/small/22x22/resource-calendar-child-insert.svg	pass	261848	46632	215216
svgs/oxygen-icons-5.113.0/scalable/actions/small/22x22/resource-calendar-child.svg	pass	256901	42599	214302
svgs/oxygen-icons-5.113.0/scalable/actions/small/22x22/resource-calendar-insert.svg	pass	259971	43783	216188
svgs/oxygen-icons-5.113.0/scalable/actions/small/22x22/resource-group-new.svg	pass	212146	151695	60451
svgs/oxygen-icons-5.113.0/scalable/actions/small/22x22/run-build-clean.svg	pass	290011	59921	230090
svgs/oxygen-icons-5.113.0/scalable/actions/small/22x22/run-build-configure.svg	pass	543446	61713	481733
svgs/oxygen-icons-5.113.0/scalable/actions/small/22x22/run-build-file.svg	pass	262075	41455	220620
svgs/oxygen-icons-5.113.0/scalable/actions/small/22x22/run-build-install-root.svg	pass	268192	47955	220237
svgs/oxygen-icons-5.113.0/scalable/actions/small/22x22/run-build-install.svg	pass	370033	48620	321413
svgs/oxygen-icons-5.113.0/scalable/actions/small/22x22/run-build-prune.svg	pass	316857	79968	236889
svgs/oxygen-icons-5.113.0/scalable/actions/small/22x22/run-build.svg	pass	253309	37482	215827
svgs/oxygen-icons-5.113.0/scalable/actions/small/22x22/select-rectangular.svg	pass	42793	18366	24427
svgs/oxygen-icons-5.113.0/scalable/actions/small/22x22/show-menu.svg	pass	195352	2194	193158
svgs/oxygen-icons-5.113.0/scalable/actions/small/22x22/snap-extension.svg	pass	16724	7291	9433
svgs/oxygen-icons-5.113.0/scalable/actions/small/22x22/snap-guideline.svg	pass	19318	8350	10968
svgs/oxygen-icons-5.113.0/scalable/actions/small/22x22/snap-intersection.svg	pass	12109	4438	7671
svgs/oxygen-icons-5.113.0/scalable/actions/small/22x22/snap-node.svg	pass	12678	5016	7662
svgs/oxygen-icons-5.113.0/scalable/actions/small/22x22/snap-orthogonal.svg	pass	16312	5657	10655
svgs/oxygen-icons-5.113.0/scalable/actions/small/22x22/story-editor.svg	pass	38007	18354	19653
svgs/oxygen-icons-5.113.0/scalable/actions/small/22x22/stroke-cap-butt.svg	pass	12384	3247	9137
svgs/oxygen-icons-5.113.0/scalable/actions/small/22x22/stroke-cap-round.svg	pass	12484	3215	9269
svgs/oxygen-icons-5.113.0/scalable/actions/small/22x22/stroke-cap-square.svg	pass	12401	3122	9279
svgs/oxygen-icons-5.113.0/scalable/actions/small/22x22/stroke-join-bevel.svg	pass	13524	3813	9711
svgs/oxygen-icons-5.113.0/scalable/actions/small/22x22/stroke-join-miter.svg	pass	13725	3971	9754
svgs/oxygen-icons-5.113.0/scalable/actions/small/22x22/stroke-join-round.svg	pass	21901	5250	16651
svgs/oxygen-icons-5.113.0/scalable/actions/small/22x22/system-search.svg	pass	92604	52570	40034
svgs/oxygen-icons-5.113.0/scalable/actions/small/22x22/tab-close.svg	pass	206400	15754	190646
svgs/oxygen-icons-5.113.0/scalable/actions/small/22x22/tab-detach.svg	pass	62447	6658	55789
svgs/oxygen-icons-5.113.0/scalable/actions/small/22x22/tab-duplicate.svg	pass	62071	6424	55647
svgs/oxygen-icons-5.113.0/scalable/actions/small/22x22/tab-new-background.svg	pass	20095	6487	13608
svgs/oxygen-icons-5.113.0/scalable/actions/small/22x22/tag-recents.svg	pass	48667	21238	27429
svgs/oxygen-icons-5.113.0/scalable/actions/small/22x22/text-directory.svg	pass	111138	46466	64672
svgs/oxygen-icons-5.113.0/scalable/actions/small/22x22/text-field.svg	pass	6136	2046	4090
svgs/oxygen-icons-5.113.0/scalable/actions/small/22x22/text-frame-link.svg	pass	17299	5233	12066
svgs/oxygen-icons-5.113.0/scalable/actions/small/22x22/text-frame-unlink.svg	pass	23363	5312	18051
svgs/oxygen-icons-5.113.0/scalable/actions/small/22x22/tool-animator.svg	pass	27586	12830	14756
svgs/oxygen-icons-5.113.0/scalable/actions/small/22x22/tools-check-spelling.svg	pass	31130	11553	19577
svgs/oxygen-icons-5.113.0/scalable/actions/small/22x22/tools-media-optical-burn-image.svg	pass	883910	140573	743337
svgs/oxygen-icons-5.113.0/scalable/actions/small/22x22/tools-media-optical-copy.svg	pass	1687498	242175	1445323
svgs/oxygen-icons-5.113.0/scalable/actions/small/22x22/tools-media-optical-erase.svg	pass	110259	21382	88877
svgs/oxygen-icons-5.113.0/scalable/actions/small/22x22/tools-media-optical-format.svg	pass	60963	32916	28047
svgs/oxygen-icons-5.113.0/scalable/actions/small/22x22/tools-rip-audio-cd.svgz.svg	pass	55882	30180	25702
svgs/oxygen-icons-5.113.0/scalable/actions/small/22x22/tools-rip-video-cd.svg	pass	77822	43170	34652
svgs/oxygen-icons-5.113.0/scalable/actions/small/22x22/tools-rip-video-dvd.svg	pass	92261	44795	47466
svgs/oxygen-icons-5.113.0/scalable/actions/small/22x22/transform-crop-and-resize.svg	pass	177242	18360	158882
svgs/oxygen-icons-5.113.0/scalable/actions/small/22x22/transform-crop.svg	pass	34440	18017	16423
svgs/oxygen-icons-5.113.0/scalable/actions/small/22x22/transform-rotate.svg	pass	16569	5490	11079
svgs/oxygen-icons-5.113.0/scalable/actions/small/22x22/transform-scale.svg	pass	18715	5860	12855
svgs/oxygen-icons-5.113.0/scalable/actions/small/22x22/transform-shear-down.svg	pass	13364	4400	8964
svgs/oxygen-icons-5.113.0/scalable/actions/small/22x22/transform-shear-right.svg	pass	12637	4194	8443
svgs/oxygen-icons-5.113.0/scalable/actions/small/22x22/transform-shear-up.svg	pass	13727	4222	9505
svgs/oxygen-icons-5.113.0/scalable/actions/small/22x22/trash-empty.svg	pass	253425	10002	243423
svgs/oxygen-icons-5.113.0/scalable/actions/small/22x22/user-group-delete.svg	pass	678798	92450	586348
svgs/oxygen-icons-5.113.0/scalable/actions/small/22x22/user-group-new.svg	pass	560434	92083	468351
svgs/oxygen-icons-5.113.0/scalable/actions/small/22x22/user-group-properties.svg	pass	553811	100251	453560
svgs/oxygen-icons-5.113.0/scalable/actions/small/22x22/view-bank.svg	pass	256021	17917	238104
svgs/oxygen-icons-5.113.0/scalable/actions/small/22x22/view-barcode-add.svg	pass	246233	9764	236469
svgs/oxygen-icons-5.113.0/scalable/actions/small/22x22/view-barcode.svg	pass	70415	3195	67220
svgs/oxygen-icons-5.113.0/scalable/actions/small/22x22/view-calendar-agenda.svg	pass	43197	7621	35576
svgs/oxygen-icons-5.113.0/scalable/actions/small/22x22/view-calendar-birthday.svg	pass	54849	25785	29064
svgs/oxygen-icons-5.113.0/scalable/actions/small/22x22/view-calendar-day.svg	pass	75482	37153	38329
svgs/oxygen-icons-5.113.0/scalable/actions/small/22x22/view-calendar-holiday.svg	pass	28932	7255	21677
svgs/oxygen-icons-5.113.0/scalable/actions/small/22x22/view-calendar-journal.svg	pass	337192	60814	276378
svgs/oxygen-icons-5.113.0/scalable/actions/small/22x22/view-calendar-list.svg	pass	78978	10441	68537
svgs/oxygen-icons-5.113.0/scalable/actions/small/22x22/view-calendar-month.svg	pass	107920	55320	52600
svgs/oxygen-icons-5.113.0/scalable/actions/small/22x22/view-calendar-special-occasion.svg	pass	97931	49348	48583
svgs/oxygen-icons-5.113.0/scalable/actions/small/22x22/view-calendar-tasks.svg	pass	128607	25138	103469
svgs/oxygen-icons-5.113.0/scalable/actions/small/22x22/view-calendar-time-spent.svg	pass	136535	21091	115444
svgs/oxygen-icons-5.113.0/scalable/actions/small/22x22/view-calendar-timeline.svg	pass	44137	6085	38052
svgs/oxygen-icons-5.113.0/scalable/actions/small/22x22/view-calendar-upcoming-days.svg	pass	77513	38305	39208
svgs/oxygen-icons-5.113.0/scalable/actions/small/22x22/view-calendar-upcoming-events.svg	pass	84723	36579	48144
svgs/oxygen-icons-5.113.0/scalable/actions/small/22x22/view-calendar-wedding-anniversary.svg	pass	25407	12197	13210
svgs/oxygen-icons-5.113.0/scalable/actions/small/22x22/view-calendar-week.svg	pass	81444	40617	40827
svgs/oxygen-icons-5.113.0/scalable/actions/small/22x22/view-calendar-whatsnext.svg	pass	308928	104472	204456
svgs/oxygen-icons-5.113.0/scalable/actions/small/22x22/view-calendar-workweek.svg	pass	79479	39461	40018
svgs/oxygen-icons-5.113.0/scalable/actions/small/22x22/view-calendar.svg	pass	88399	36644	51755
svgs/oxygen-icons-5.113.0/scalable/actions/small/22x22/view-certificate-add.svg	pass	782125	77463	704662
svgs/oxygen-icons-5.113.0/scalable/actions/small/22x22/view-certificate-export-secret.svg	pass	161904	42926	118978
svgs/oxygen-icons-5.113.0/scalable/actions/small/22x22/view-certificate-export-server.svg	pass	948682	402416	546266
svgs/oxygen-icons-5.113.0/scalable/actions/small/22x22/view-certificate-export.svg	pass	203495	69135	134360
svgs/oxygen-icons-5.113.0/scalable/actions/small/22x22/view-certificate-import.svg	pass	181581	43008	138573
svgs/oxygen-icons-5.113.0/scalable/actions/small/22x22/view-certificate-server-configure.svg	pass	978127	425393	552734
svgs/oxygen-icons-5.113.0/scalable/actions/small/22x22/view-certificate-sign.svg	pass	234686	84563	150123
svgs/oxygen-icons-5.113.0/scalable/actions/small/22x22/view-certificate.svg	pass	200915	67935	132980
svgs/oxygen-icons-5.113.0/scalable/actions/small/22x22/view-choose.svg	pass	88748	12113	76635
svgs/oxygen-icons-5.113.0/scalable/actions/small/22x22/view-close.svg	pass	83467	7126	76341
svgs/oxygen-icons-5.113.0/scalable/actions/small/22x22/view-conversation-balloon.svg	pass	41194	14760	26434
svgs/oxygen-icons-5.113.0/scalable/actions/small/22x22/view-file-columns.svg	pass	79864	8075	71789
svgs/oxygen-icons-5.113.0/scalable/actions/small/22x22/view-financial-forecast.svg	pass	20068	8830	11238
svgs/oxygen-icons-5.113.0/scalable/actions/small/22x22/view-form-action.svg	pass	105615	13490	92125
svgs/oxygen-icons-5.113.0/scalable/actions/small/22x22/view-form-table.svg	pass	54149	3160	50989
svgs/oxygen-icons-5.113.0/scalable/actions/small/22x22/view-form.svg	pass	63970	7674	56296
svgs/oxygen-icons-5.113.0/scalable/actions/small/22x22/view-fullscreen.svg	pass	500319	7101	493218
svgs/oxygen-icons-5.113.0/scalable/actions/small/22x22/view-grid.svg	pass	24989	4925	20064
svgs/oxygen-icons-5.113.0/scalable/actions/small/22x22/view-group.svg	pass	92380	12763	79617
svgs/oxygen-icons-5.113.0/scalable/actions/small/22x22/view-history.svg	pass	44803	21194	23609
svgs/oxygen-icons-5.113.0/scalable/actions/small/22x22/view-ldap-resource.svg	pass	1638797	849628	789169
svgs/oxygen-icons-5.113.0/scalable/actions/small/22x22/view-left-close.svg	pass	81357	8915	72442
svgs/oxygen-icons-5.113.0/scalable/actions/small/22x22/view-list-details.svg	pass	87886	11839	76047
svgs/oxygen-icons-5.113.0/scalable/actions/small/22x22/view-list-icons.svg	pass	81360	9411	71949
svgs/oxygen-icons-5.113.0/scalable/actions/small/22x22/view-list-text.svg	pass	83463	7868	75595
svgs/oxygen-icons-5.113.0/scalable/actions/small/22x22/view-list-tree.svg	pass	88007	11564	76443
svgs/oxygen-icons-5.113.0/scalable/actions/small/22x22/view-media-artist.svg	pass	8374	3147	5227
svgs/oxygen-icons-5.113.0/scalable/actions/small/22x22/view-media-equalizer.svg	pass	139587	9854	129733
svgs/oxygen-icons-5.113.0/scalable/actions/small/22x22/view-media-lyrics.svg	pass	181847	36868	144979
svgs/oxygen-icons-5.113.0/scalable/actions/small/22x22/view-media-playlist.svg	pass	130391	30188	100203
svgs/oxygen-icons-5.113.0/scalable/actions/small/22x22/view-multiple-objects.svg	pass	11824	3569	8255
svgs/oxygen-icons-5.113.0/scalable/actions/small/22x22/view-pim-calendar.svg	pass	220628	12092	208536
svgs/oxygen-icons-5.113.0/scalable/actions/small/22x22/view-pim-contacts.svg	pass	82191	42039	40152
svgs/oxygen-icons-5.113.0/scalable/actions/small/22x22/view-pim-journal.svg	pass	105505	15369	90136
svgs/oxygen-icons-5.113.0/scalable/actions/small/22x22/view-pim-mail.svg	pass	219456	48860	170596
svgs/oxygen-icons-5.113.0/scalable/actions/small/22x22/view-pim-news.svg	pass	423467	8521	414946
svgs/oxygen-icons-5.113.0/scalable/actions/small/22x22/view-pim-notes.svg	pass	43422	5893	37529
svgs/oxygen-icons-5.113.0/scalable/actions/small/22x22/view-pim-tasks-pending.svg	pass	148413	33967	114446
svgs/oxygen-icons-5.113.0/scalable/actions/small/22x22/view-pim-tasks.svg	pass	135241	25677	109564
svgs/oxygen-icons-5.113.0/scalable/actions/small/22x22/view-presentation.svg	pass	97102	10408	86694
svgs/oxygen-icons-5.113.0/scalable/actions/small/22x22/view-preview.svg	pass	126017	38772	87245
svgs/oxygen-icons-5.113.0/scalable/actions/small/22x22/view-refresh.svg	pass	60897	17884	43013
svgs/oxygen-icons-5.113.0/scalable/actions/small/22x22/view-resource-calendar.svg	pass	211319	38356	172963
svgs/oxygen-icons-5.113.0/scalable/actions/small/22x22/view-restore.svg	pass	500327	7102	493225
svgs/oxygen-icons-5.113.0/scalable/actions/small/22x22/view-right-close.svg	pass	81343	8875	72468
svgs/oxygen-icons-5.113.0/scalable/actions/small/22x22/view-right-new.svg	pass	81519	8902	72617
svgs/oxygen-icons-5.113.0/scalable/actions/small/22x22/view-sort-ascending.svg	pass	15848	6141	9707
svgs/oxygen-icons-5.113.0/scalable/actions/small/22x22/view-sort-descending.svg	pass	15851	6176	9675
svgs/oxygen-icons-5.113.0/scalable/actions/small/22x22/view-split-left-right.svg	pass	79270	7681	71589
svgs/oxygen-icons-5.113.0/scalable/actions/small/22x22/view-split-top-bottom.svg	pass	79297	7707	71590
svgs/oxygen-icons-5.113.0/scalable/actions/small/22x22/view-table-of-contents-ltr.svg	pass	36601	12473	24128
svgs/oxygen-icons-5.113.0/scalable/actions/small/22x22/view-table-of-contents-rtl.svg	pass	39725	12887	26838
svgs/oxygen-icons-5.113.0/scalable/actions/small/22x22/view-task-add.svg	pass	183349	22442	160907
svgs/oxygen-icons-5.113.0/scalable/actions/small/22x22/view-task-child-add.svg	pass	87700	14170	73530
svgs/oxygen-icons-5.113.0/scalable/actions/small/22x22/view-task-child.svg	pass	78304	9843	68461
svgs/oxygen-icons-5.113.0/scalable/actions/small/22x22/view-task.svg	pass	92120	17677	74443
svgs/oxygen-icons-5.113.0/scalable/actions/small/22x22/view-time-schedule-baselined-add.svg	pass	108591	24162	84429
svgs/oxygen-icons-5.113.0/scalable/actions/small/22x22/view-time-schedule-baselined-remove.svg	mismatch	159979	38236	121743
svgs/oxygen-icons-5.113.0/scalable/actions/small/22x22/view-time-schedule-baselined.svg	pass	98892	17909	80983
svgs/oxygen-icons-5.113.0/scalable/actions/small/22x22/view-time-schedule-calculus.svg	mismatch	160052	37707	122345
svgs/oxygen-icons-5.113.0/scalable/actions/small/22x22/view-time-schedule-child-insert.svg	pass	55567	11464	44103
svgs/oxygen-icons-5.113.0/scalable/actions/small/22x22/view-time-schedule-edit.svg	pass	67990	15872	52118
svgs/oxygen-icons-5.113.0/scalable/actions/small/22x22/view-time-schedule-insert.svg	pass	58007	9964	48043
svgs/oxygen-icons-5.113.0/scalable/actions/small/22x22/view-time-schedule.svg	pass	49021	5637	43384
svgs/oxygen-icons-5.113.0/scalable/actions/small/22x22/window-duplicate.svg	pass	272472	19273	253199
svgs/oxygen-icons-5.113.0/scalable/actions/small/22x22/window-new.svg	pass	97563	11032	86531
svgs/oxygen-icons-5.113.0/scalable/actions/small/22x22/zoom-1-to-2.svg	pass	110891	15418	95473
svgs/oxygen-icons-5.113.0/scalable/actions/small/22x22/zoom-2-to-1.svg	pass	110888	15427	95461
svgs/oxygen-icons-5.113.0/scalable/actions/small/22x22/zoom-draw.svg	pass	119532	13586	105946
svgs/oxygen-icons-5.113.0/scalable/actions/small/22x22/zoom-fit-best.svg	pass	37226	6827	30399
svgs/oxygen-icons-5.113.0/scalable/actions/small/22x22/zoom-fit-height.svg	pass	37730	6845	30885
svgs/oxygen-icons-5.113.0/scalable/actions/small/22x22/zoom-fit-width.svg	pass	37513	6831	30682
svgs/oxygen-icons-5.113.0/scalable/actions/small/22x22/zoom-in.svg	pass	109181	16493	92688
svgs/oxygen-icons-5.113.0/scalable/actions/small/22x22/zoom-next.svg	pass	105213	12885	92328
svgs/oxygen-icons-5.113.0/scalable/actions/small/22x22/zoom-original.svg	pass	110443	16265	94178
svgs/oxygen-icons-5.113.0/scalable/actions/small/22x22/zoom-out.svg	pass	107332	13802	93530
svgs/oxygen-icons-5.113.0/scalable/actions/small/22x22/zoom-previous.svg	pass	105204	12883	92321
svgs/oxygen-icons-5.113.0/scalable/actions/small/22x22/zoom-select.svg	pass	267946	17378	250568
svgs/oxygen-icons-5.113.0/scalable/actions/small/32x32/address-book-new.svg	pass	3207830	2329840	877990
svgs/oxygen-icons-5.113.0/scalable/actions/small/32x32/align-horizontal-bottom-out.svg	pass	12316	4195	8121
svgs/oxygen-icons-5.113.0/scalable/actions/small/32x32/align-horizontal-center.svg	pass	9420	3710	5710
svgs/oxygen-icons-5.113.0/scalable/actions/small/32x32/align-horizontal-left-out.svg	pass	12076	4018	8058
svgs/oxygen-icons-5.113.0/scalable/actions/small/32x32/align-horizontal-left.svg	pass	8388	3241	5147
svgs/oxygen-icons-5.113.0/scalable/actions/small/32x32/align-horizontal-right-out.svg	pass	15634	4022	11612
svgs/oxygen-icons-5.113.0/scalable/actions/small/32x32/align-horizontal-right.svg	pass	8393	3246	5147
svgs/oxygen-icons-5.113.0/scalable/actions/small/32x32/align-horizontal-top-out.svg	pass	12307	4198	8109
svgs/oxygen-icons-5.113.0/scalable/actions/small/32x32/align-vertical-bottom.svg	pass	8609	3459	5150
svgs/oxygen-icons-5.113.0/scalable/actions/small/32x32/align-vertical-center.svg	pass	9370	3924	5446
svgs/oxygen-icons-5.113.0/scalable/actions/small/32x32/align-vertical-top.svg	pass	8566	3434	5132
svgs/oxygen-icons-5.113.0/scalable/actions/small/32x32/archive-extract.svg	pass	24820	9003	15817
svgs/oxygen-icons-5.113.0/scalable/actions/small/32x32/archive-insert-directory.svg	pass	371932	125516	246416
svgs/oxygen-icons-5.113.0/scalable/actions/small/32x32/archive-insert.svg	pass	34848	15972	18876
svgs/oxygen-icons-5.113.0/scalable/actions/small/32x32/archive-remove.svg	pass	46347	19905	26442
svgs/oxygen-icons-5.113.0/scalable/actions/small/32x32/bookmark-new.svg	pass	29398	9673	19725
svgs/oxygen-icons-5.113.0/scalable/actions/small/32x32/bookmarks-organize.svg	pass	804928	396667	408261
svgs/oxygen-icons-5.113.0/scalable/actions/small/32x32/call-start.svg	pass	43818	7968	35850
svgs/oxygen-icons-5.113.0/scalable/actions/small/32x32/call-stop.svg	pass	60519	7741	52778
svgs/oxygen-icons-5.113.0/scalable/actions/small/32x32/checkbox.svg	pass	46260	11810	34450
svgs/oxygen-icons-5.113.0/scalable/actions/small/32x32/code-block.svg	pass	42765	10086	32679
svgs/oxygen-icons-5.113.0/scalable/actions/small/32x32/code-class.svg	pass	41100	9770	31330
svgs/oxygen-icons-5.113.0/scalable/actions/small/32x32/code-context.svg	pass	146896	6445	140451
svgs/oxygen-icons-5.113.0/scalable/actions/small/32x32/code-function.svg	pass	36662	6371	30291
svgs/oxygen-icons-5.113.0/scalable/actions/small/32x32/code-typedef.svg	pass	15255	7106	8149
svgs/oxygen-icons-5.113.0/scalable/actions/small/32x32/code-variable.svg	pass	11785	4992	6793
svgs/oxygen-icons-5.113.0/scalable/actions/small/32x32/color-picker-black.svg	pass	43036	21071	21965
svgs/oxygen-icons-5.113.0/scalable/actions/small/32x32/color-picker-grey.svg	pass	42720	20747	21973
svgs/oxygen-icons-5.113.0/scalable/actions/small/32x32/color-picker-white.svg	pass	41946	20360	21586
svgs/oxygen-icons-5.113.0/scalable/actions/small/32x32/color-picker.svg	pass	35073	17529	17544
svgs/oxygen-icons-5.113.0/scalable/actions/small/32x32/contact-new.svg	pass	275612	114068	161544
svgs/oxygen-icons-5.113.0/scalable/actions/small/32x32/dashboard-show.svg	pass	252831	129558	123273
svgs/oxygen-icons-5.113.0/scalable/actions/small/32x32/debug-execute-from-cursor.svg	pass	208163	7667	200496
svgs/oxygen-icons-5.113.0/scalable/actions/small/32x32/debug-execute-to-cursor.svg	pass	208154	7671	200483
svgs/oxygen-icons-5.113.0/scalable/actions/small/32x32/debug-run-cursor.svg	pass	511755	45670	466085
svgs/oxygen-icons-5.113.0/scalable/actions/small/32x32/debug-run.svg	pass	394332	42658	351674
svgs/oxygen-icons-5.113.0/scalable/actions/small/32x32/debug-step-instruction.svg	pass	69200	8225	60975
svgs/oxygen-icons-5.113.0/scalable/actions/small/32x32/debug-step-into-instruction.svg	pass	70254	8946	61308
svgs/oxygen-icons-5.113.0/scalable/actions/small/32x32/debug-step-into.svg	pass	69839	8743	61096
svgs/oxygen-icons-5.113.0/scalable/actions/small/32x32/debug-step-out.svg	pass	69247	8312	60935
svgs/oxygen-icons-5.113.0/scalable/actions/small/32x32/debug-step-over.svg	pass	68840	7980	60860
svgs/oxygen-icons-5.113.0/scalable/actions/small/32x32/distribute-horizontal-center.svg	pass	51460	4688	46772
svgs/oxygen-icons-5.113.0/scalable/actions/small/32x32/distribute-horizontal-equal.svg	pass	51445	4692	46753
svgs/oxygen-icons-5.113.0/scalable/actions/small/32x32/distribute-horizontal-left.svg	pass	51450	4689	46761
svgs/oxygen-icons-5.113.0/scalable/actions/small/32x32/distribute-horizontal-margin.svg	pass	8929	3417	5512
svgs/oxygen-icons-5.113.0/scalable/actions/small/32x32/distribute-horizontal-page.svg	pass	550041	8198	541843
svgs/oxygen-icons-5.113.0/scalable/actions/small/32x32/distribute-horizontal-right.svg	pass	51456	4689	46767
svgs/oxygen-icons-5.113.0/scalable/actions/small/32x32/distribute-horizontal-x.svg	pass	9915	3387	6528
svgs/oxygen-icons-5.113.0/scalable/actions/small/32x32/distribute-vertical-bottom.svg	pass	51860	4987	46873
svgs/oxygen-icons-5.113.0/scalable/actions/small/32x32/distribute-vertical-center.svg	pass	51858	4987	46871
svgs/oxygen-icons-5.113.0/scalable/actions/small/32x32/distribute-vertical-equal.svg	pass	51867	4988	46879
svgs/oxygen-icons-5.113.0/scalable/actions/small/32x32/distribute-vertical-margin.svg	pass	8914	3424	5490
svgs/oxygen-icons-5.113.0/scalable/actions/small/32x32/distribute-vertical-page.svg	pass	556979	8216	548763
svgs/oxygen-icons-5.113.0/scalable/actions/small/32x32/distribute-vertical-top.svg	pass	51851	4986	46865
svgs/oxygen-icons-5.113.0/scalable/actions/small/32x32/distribute-vertical-y.svg	pass	9081	3535	5546
svgs/oxygen-icons-5.113.0/scalable/actions/small/32x32/document-edit-decrypt-verify.svg	pass	112591	63108	49483
svgs/oxygen-icons-5.113.0/scalable/actions/small/32x32/document-edit-decrypt.svg	pass	140860	84530	56330
svgs/oxygen-icons-5.113.0/scalable/actions/small/32x32/document-edit-encrypt.svg	pass	648461	83507	564954
svgs/oxygen-icons-5.113.0/scalable/actions/small/32x32/document-edit-sign-encrypt.svg	pass	115400	68342	47058
svgs/oxygen-icons-5.113.0/scalable/actions/small/32x32/document-edit-sign.svg	pass	238828	146127	92701
svgs/oxygen-icons-5.113.0/scalable/actions/small/32x32/document-edit-verify.svg	pass	279673	183913	95760
svgs/oxygen-icons-5.113.0/scalable/actions/small/32x32/document-edit.svg	pass	559562	17561	542001
svgs/oxygen-icons-5.113.0/scalable/actions/small/32x32/document-encripted.svg	pass	42884	14701	28183
svgs/oxygen-icons-5.113.0/scalable/actions/small/32x32/document-export-table.svg	pass	130921	17623	113298
svgs/oxygen-icons-5.113.0/scalable/actions/small/32x32/document-export.svg	pass	24007	8877	15130
svgs/oxygen-icons-5.113.0/scalable/actions/small/32x32/document-import.svg	pass	27037	10509	16528
svgs/oxygen-icons-5.113.0/scalable/actions/small/32x32/document-open-folder.svg	pass	511128	236716	274412
svgs/oxygen-icons-5.113.0/scalable/actions/small/32x32/document-open-remote.svg	pass	1170433	565052	605381
svgs/oxygen-icons-5.113.0/scalable/actions/small/32x32/document-open.svg	pass	511956	236757	275199
svgs/oxygen-icons-5.113.0/scalable/actions/small/32x32/documentation.svg	mismatch	154645	50524	104121
svgs/oxygen-icons-5.113.0/scalable/actions/small/32x32/download-later.svg	pass	66413	17059	49354
svgs/oxygen-icons-5.113.0/scalable/actions/small/32x32/download.svg	pass	666874	345519	321355
svgs/oxygen-icons-5.113.0/scalable/actions/small/32x32/draw-arrow-back.svg	pass	7244	2527	4717
svgs/oxygen-icons-5.113.0/scalable/actions/small/32x32/draw-arrow-down.svg	pass	7136	2363	4773
svgs/oxygen-icons-5.113.0/scalable/actions/small/32x32/draw-arrow-forward.svg	pass	6456	2338	4118
svgs/oxygen-icons-5.113.0/scalable/actions/small/32x32/draw-arrow-up.svg	pass	6465	2363	4102
svgs/oxygen-icons-5.113.0/scalable/actions/small/32x32/draw-bezier-curves.svg	pass	16545	5805	10740
svgs/oxygen-icons-5.113.0/scalable/actions/small/32x32/draw-circle.svg	pass	6184	1993	4191
svgs/oxygen-icons-5.113.0/scalable/actions/small/32x32/draw-cross.svg	pass	6839	2760	4079
svgs/oxygen-icons-5.113.0/scalable/actions/small/32x32/draw-donut.svg	pass	7391	2612	4779
svgs/oxygen-icons-5.113.0/scalable/actions/small/32x32/draw-ellipse.svg	pass	6107	1981	4126
svgs/oxygen-icons-5.113.0/scalable/actions/small/32x32/draw-freehand.svg	pass	31643	13053	18590
svgs/oxygen-icons-5.113.0/scalable/actions/small/32x32/draw-halfcircle1.svg	pass	5960	1905	4055
svgs/oxygen-icons-5.113.0/scalable/actions/small/32x32/draw-halfcircle2.svg	pass	5962	1878	4084
svgs/oxygen-icons-5.113.0/scalable/actions/small/32x32/draw-halfcircle3.svg	pass	6216	1978	4238
svgs/oxygen-icons-5.113.0/scalable/actions/small/32x32/draw-halfcircle4.svg	pass	6812	1838	4974
svgs/oxygen-icons-5.113.0/scalable/actions/small/32x32/draw-path.svg	pass	39633	10246	29387
svgs/oxygen-icons-5.113.0/scalable/actions/small/32x32/draw-polygon.svg	pass	5993	1874	4119
svgs/oxygen-icons-5.113.0/scalable/actions/small/32x32/draw-polyline.svg	pass	36436	1966	34470
svgs/oxygen-icons-5.113.0/scalable/actions/small/32x32/draw-spiral.svg	pass	11274	3227	8047
svgs/oxygen-icons-5.113.0/scalable/actions/small/32x32/draw-square-inverted-corners.svg	pass	6700	2053	4647
svgs/oxygen-icons-5.113.0/scalable/actions/small/32x32/draw-star.svg	pass	5895	1972	3923
svgs/oxygen-icons-5.113.0/scalable/actions/small/32x32/draw-text.svg	pass	8430	1389	7041
svgs/oxygen-icons-5.113.0/scalable/actions/small/32x32/draw-triangle.svg	pass	5896	1898	3998
svgs/oxygen-icons-5.113.0/scalable/actions/small/32x32/draw-triangle1.svg	pass	34930	1845	33085
svgs/oxygen-icons-5.113.0/scalable/actions/small/32x32/draw-triangle2.svg	pass	6112	1895	4217
svgs/oxygen-icons-5.113.0/scalable/actions/small/32x32/draw-triangle3.svg	pass	6146	1902	4244
svgs/oxygen-icons-5.113.0/scalable/actions/small/32x32/draw-triangle4.svg	pass	5870	1890	3980
svgs/oxygen-icons-5.113.0/scalable/actions/small/32x32/edit-clear-list.svg	pass	207043	15642	191401
svgs/oxygen-icons-5.113.0/scalable/actions/small/32x32/edit-find-mail.svg	pass	122288	21781	100507
svgs/oxygen-icons-5.113.0/scalable/actions/small/32x32/edit-find-project.svg	pass	88127	20542	67585
svgs/oxygen-icons-5.113.0/scalable/actions/small/32x32/edit-find-replace.svg	pass	708860	77577	631283
svgs/oxygen-icons-5.113.0/scalable/actions/small/32x32/edit-find.svg	pass	183520	71406	112114
svgs/oxygen-icons-5.113.0/scalable/actions/small/32x32/edit-guides.svg	pass	28969	3922	25047
svgs/oxygen-icons-5.113.0/scalable/actions/small/32x32/edit-image-face-add.svg	pass	237651	47245	190406
svgs/oxygen-icons-5.113.0/scalable/actions/small/32x32/edit-image-face-detect.svg	pass	17605	3349	14256
svgs/oxygen-icons-5.113.0/scalable/actions/small/32x32/edit-image-face-recognize.svg	mismatch	154246	45420	108826
svgs/oxygen-icons-5.113.0/scalable/actions/small/32x32/edit-image-face-show.svg	pass	913156	84547	828609
svgs/oxygen-icons-5.113.0/scalable/actions/small/32x32/edit-node.svg	pass	29050	3972	25078
svgs/oxygen-icons-5.113.0/scalable/actions/small/32x32/edit-paste.svg	pass	88610	15054	73556
svgs/oxygen-icons-5.113.0/scalable/actions/small/32x32/edit-select-all.svg	pass	200363	111882	88481
svgs/oxygen-icons-5.113.0/scalable/actions/small/32x32/edit-select-none.svg	pass	232353	122580	109773
svgs/oxygen-icons-5.113.0/scalable/actions/small/32x32/edit-select.svg	pass	25174	2708	22466
svgs/oxygen-icons-5.113.0/scalable/actions/small/32x32/edit-table-cell-merge.svg	pass	271792	4693	267099
svgs/oxygen-icons-5.113.0/scalable/actions/small/32x32/edit-table-cell-split.svg	pass	264970	4249	260721
svgs/oxygen-icons-5.113.0/scalable/actions/small/32x32/edit-table-delete-column.svg	mismatch	328276	19651	308625
svgs/oxygen-icons-5.113.0/scalable/actions/small/32x32/edit-table-delete-row.svg	mismatch	330583	19196	311387
svgs/oxygen-icons-5.113.0/scalable/actions/small/32x32/edit-table-insert-column-left.svg	pass	276571	12097	264474
svgs/oxygen-icons-5.113.0/scalable/actions/small/32x32/edit-table-insert-column-right.svg	pass	467658	13491	454167
svgs/oxygen-icons-5.113.0/scalable/actions/small/32x32/edit-table-insert-row-above.svg	pass	531952	16957	514995
svgs/oxygen-icons-5.113.0/scalable/actions/small/32x32/edit-table-insert-row-below.svg	pass	532013	16994	515019
svgs/oxygen-icons-5.113.0/scalable/actions/small/32x32/edit-text-frame-update.svg	pass	22314	4379	17935
svgs/oxygen-icons-5.113.0/scalable/actions/small/32x32/folder-new.svg	pass	371932	125516	246416
svgs/oxygen-icons-5.113.0/scalable/actions/small/32x32/folder-sync.svg	pass	502727	233333	269394
svgs/oxygen-icons-5.113.0/scalable/actions/small/32x32/format-add-node.svg	pass	31094	5937	25157
svgs/oxygen-icons-5.113.0/scalable/actions/small/32x32/format-break-node.svg	pass	32120	5852	26268
svgs/oxygen-icons-5.113.0/scalable/actions/small/32x32/format-connect-node.svg	pass	35035	7503	27532
svgs/oxygen-icons-5.113.0/scalable/actions/small/32x32/format-disconnect-node.svg	pass	33646	6948	26698
svgs/oxygen-icons-5.113.0/scalable/actions/small/32x32/format-remove-node.svg	pass	56270	14740	41530
svgs/oxygen-icons-5.113.0/scalable/actions/small/32x32/games-achievements.svg	pass	635795	140501	495294
svgs/oxygen-icons-5.113.0/scalable/actions/small/32x32/games-highscores.svg	pass	288323	143877	144446
svgs/oxygen-icons-5.113.0/scalable/actions/small/32x32/go-first-view-page.svg	pass	44174	24604	19570
svgs/oxygen-icons-5.113.0/scalable/actions/small/32x32/go-jump-declaration.svg	pass	115990	15790	100200
svgs/oxygen-icons-5.113.0/scalable/actions/small/32x32/go-jump-definition.svg	pass	129256	7276	121980
svgs/oxygen-icons-5.113.0/scalable/actions/small/32x32/go-jump-locationbar.svg	pass	643051	341394	301657
svgs/oxygen-icons-5.113.0/scalable/actions/small/32x32/go-last-view-page.svg	pass	186209	24839	161370
svgs/oxygen-icons-5.113.0/scalable/actions/small/32x32/go-next-context.svg	pass	18062	7969	10093
svgs/oxygen-icons-5.113.0/scalable/actions/small/32x32/go-next-use.svg	pass	66498	7047	59451
svgs/oxygen-icons-5.113.0/scalable/actions/small/32x32/go-next-view-page.svg	pass	114470	18295	96175
svgs/oxygen-icons-5.113.0/scalable/actions/small/32x32/go-previous-context.svg	pass	15251	6953	8298
svgs/oxygen-icons-5.113.0/scalable/actions/small/32x32/go-previous-use.svg	pass	134545	7191	127354
svgs/oxygen-icons-5.113.0/scalable/actions/small/32x32/go-previous-view-page.svg	pass	114298	18258	96040
svgs/oxygen-icons-5.113.0/scalable/actions/small/32x32/help-about.svg	pass	107133	11364	95769
svgs/oxygen-icons-5.113.0/scalable/actions/small/32x32/help-contents.svg	pass	1198086	575092	622994
svgs/oxygen-icons-5.113.0/scalable/actions/small/32x32/help-contextual.svg	pass	420043	186924	233119
svgs/oxygen-icons-5.113.0/scalable/actions/small/32x32/help-donate.svg	pass	145219	14376	130843
svgs/oxygen-icons-5.113.0/scalable/actions/small/32x32/help-feedback.svg	pass	56119	16661	39458
svgs/oxygen-icons-5.113.0/scalable/actions/small/32x32/im-aim.svg	pass	33256	14512	18744
svgs/oxygen-icons-5.113.0/scalable/actions/small/32x32/im-ban-kick-user.svg	mismatch	105270	49769	55501
svgs/oxygen-icons-5.113.0/scalable/actions/small/32x32/im-ban-user.svg	mismatch	63148	29164	33984
svgs/oxygen-icons-5.113.0/scalable/actions/small/32x32/im-facebook.svg	pass	13408	3964	9444
svgs/oxygen-icons-5.113.0/scalable/actions/small/32x32/im-gadugadu.svg	pass	25721	10767	14954
svgs/oxygen-icons-5.113.0/scalable/actions/small/32x32/im-google-talk.svg	pass	28329	11721	16608
svgs/oxygen-icons-5.113.0/scalable/actions/small/32x32/im-google.svg	mismatch	39645	12199	27446
svgs/oxygen-icons-5.113.0/scalable/actions/small/32x32/im-icq.svg	pass	70405	25788	44617
svgs/oxygen-icons-5.113.0/scalable/actions/small/32x32/im-identi.ca.svg	pass	35420	23534	11886
svgs/oxygen-icons-5.113.0/scalable/actions/small/32x32/im-jabber.svg	pass	54255	17137	37118
svgs/oxygen-icons-5.113.0/scalable/actions/small/32x32/im-kick-user.svg	pass	240669	28832	211837
svgs/oxygen-icons-5.113.0/scalable/actions/small/32x32/im-msn.svg	pass	70825	26016	44809
svgs/oxygen-icons-5.113.0/scalable/actions/small/32x32/im-qq.svg	pass	55153	20437	34716
svgs/oxygen-icons-5.113.0/scalable/actions/small/32x32/im-skype.svg	pass	43818	7968	35850
svgs/oxygen-icons-5.113.0/scalable/actions/small/32x32/im-twitter.svg	pass	41411	7064	34347
svgs/oxygen-icons-5.113.0/scalable/actions/small/32x32/im-user-away.svg	pass	158604	24389	134215
svgs/oxygen-icons-5.113.0/scalable/actions/small/32x32/im-user-busy.svg	pass	65322	35221	30101
svgs/oxygen-icons-5.113.0/scalable/actions/small/32x32/im-yahoo.svg	pass	47620	22449	25171
svgs/oxygen-icons-5.113.0/scalable/actions/small/32x32/list-resource-add.svg	pass	216168	146994	69174
svgs/oxygen-icons-5.113.0/scalable/actions/small/32x32/mail-encrypted-.svg	pass	480814	263719	217095
svgs/oxygen-icons-5.113.0/scalable/actions/small/32x32/mail-encrypted-full.svg	pass	453336	264165	189171
svgs/oxygen-icons-5.113.0/scalable/actions/small/32x32/mail-encrypted-part.svg	pass	442989	241765	201224
svgs/oxygen-icons-5.113.0/scalable/actions/small/32x32/mail-forward.svg	pass	177630	73360	104270
svgs/oxygen-icons-5.113.0/scalable/actions/small/32x32/mail-forwarded.svg	pass	320027	122658	197369
svgs/oxygen-icons-5.113.0/scalable/actions/small/32x32/mail-invitation.svg	pass	260985	12861	248124
svgs/oxygen-icons-5.113.0/scalable/actions/small/32x32/mail-mark-important.svg	pass	179056	9266	169790
svgs/oxygen-icons-5.113.0/scalable/actions/small/32x32/mail-mark-junk.svg	mismatch	210799	18738	192061
svgs/oxygen-icons-5.113.0/scalable/actions/small/32x32/mail-mark-notjunk.svg	pass	19537	8444	11093
svgs/oxygen-icons-5.113.0/scalable/actions/small/32x32/mail-mark-read.svg	pass	262123	116971	145152
svgs/oxygen-icons-5.113.0/scalable/actions/small/32x32/mail-mark-unread-new.svg	pass	246814	7087	239727
svgs/oxygen-icons-5.113.0/scalable/actions/small/32x32/mail-mark-unread.svg	pass	66616	4222	62394
svgs/oxygen-icons-5.113.0/scalable/actions/small/32x32/mail-meeting-request-reply.svg	pass	67664	5438	62226
svgs/oxygen-icons-5.113.0/scalable/actions/small/32x32/mail-message-new-list.svg	pass	259480	120732	138748
svgs/oxygen-icons-5.113.0/scalable/actions/small/32x32/mail-message-new.svg	pass	250153	120617	129536
svgs/oxygen-icons-5.113.0/scalable/actions/small/32x32/mail-queue.svg	pass	198035	84390	113645
svgs/oxygen-icons-5.113.0/scalable/actions/small/32x32/mail-receive.svg	pass	56488	14189	42299
svgs/oxygen-icons-5.113.0/scalable/actions/small/32x32/mail-replied.svg	pass	430229	122167	308062
svgs/oxygen-icons-5.113.0/scalable/actions/small/32x32/mail-reply-all.svg	pass	72362	9803	62559
svgs/oxygen-icons-5.113.0/scalable/actions/small/32x32/mail-reply-custom-all.svg	pass	66417	6673	59744
svgs/oxygen-icons-5.113.0/scalable/actions/small/32x32/mail-reply-custom.svg	pass	70706	6317	64389
svgs/oxygen-icons-5.113.0/scalable/actions/small/32x32/mail-reply-list.svg	pass	85668	16737	68931
svgs/oxygen-icons-5.113.0/scalable/actions/small/32x32/mail-reply-sender.svg	pass	71969	9565	62404
svgs/oxygen-icons-5.113.0/scalable/actions/small/32x32/mail-send.svg	pass	191620	80678	110942
svgs/oxygen-icons-5.113.0/scalable/actions/small/32x32/mail-signature-unknown.svg	pass	328635	143937	184698
svgs/oxygen-icons-5.113.0/scalable/actions/small/32x32/mail-signed-full.svg	pass	236367	133814	102553
svgs/oxygen-icons-5.113.0/scalable/actions/small/32x32/mail-signed-part.svg	pass	210458	111274	99184
svgs/oxygen-icons-5.113.0/scalable/actions/small/32x32/mail-signed-verified.svg	pass	287608	142656	144952
svgs/oxygen-icons-5.113.0/scalable/actions/small/32x32/mail-signed.svg	pass	272194	133431	138763
svgs/oxygen-icons-5.113.0/scalable/actions/small/32x32/mail-tagged.svg	pass	411265	198192	213073
svgs/oxygen-icons-5.113.0/scalable/actions/small/32x32/measure.svg	pass	11316	3433	7883
svgs/oxygen-icons-5.113.0/scalable/actions/small/32x32/meeting-participant-no-response.svg	pass	283464	149736	133728
svgs/oxygen-icons-5.113.0/scalable/actions/small/32x32/meeting-participant-request-response.svg	pass	282720	149601	133119
svgs/oxygen-icons-5.113.0/scalable/actions/small/32x32/merge.svg	pass	337783	5144	332639
svgs/oxygen-icons-5.113.0/scalable/actions/small/32x32/milestone.svg	pass	365189	118369	246820
svgs/oxygen-icons-5.113.0/scalable/actions/small/32x32/news-subscribe.svg	pass	169964	19081	150883
svgs/oxygen-icons-5.113.0/scalable/actions/small/32x32/news-unsubscribe.svg	pass	299257	24493	274764
svgs/oxygen-icons-5.113.0/scalable/actions/small/32x32/office-chart-area-focus-peak-node.svg	pass	16108	6883	9225
svgs/oxygen-icons-5.113.0/scalable/actions/small/32x32/page-2sides.svg	pass	29771	6383	23388
svgs/oxygen-icons-5.113.0/scalable/actions/small/32x32/page-3sides.svg	pass	32103	7276	24827
svgs/oxygen-icons-5.113.0/scalable/actions/small/32x32/page-4sides.svg	pass	35292	7674	27618
svgs/oxygen-icons-5.113.0/scalable/actions/small/32x32/page-simple.svg	pass	26159	5544	20615
svgs/oxygen-icons-5.113.0/scalable/actions/small/32x32/page-zoom.svg	pass	78251	18896	59355
svgs/oxygen-icons-5.113.0/scalable/actions/small/32x32/preferences-activities.svg	pass	521050	13080	507970
svgs/oxygen-icons-5.113.0/scalable/actions/small/32x32/preflight-verifier.svg	pass	704520	450519	254001
svgs/oxygen-icons-5.113.0/scalable/actions/small/32x32/project-development-close-all.svg	pass	115672	19754	95918
svgs/oxygen-icons-5.113.0/scalable/actions/small/32x32/project-development-close.svg	pass	110328	16101	94227
svgs/oxygen-icons-5.113.0/scalable/actions/small/32x32/project-development-new-template.svg	pass	158641	10350	148291
svgs/oxygen-icons-5.113.0/scalable/actions/small/32x32/project-development.svg	pass	70864	5981	64883
svgs/oxygen-icons-5.113.0/scalable/actions/small/32x32/project-open.svg	pass	134810	120631	14179
svgs/oxygen-icons-5.113.0/scalable/actions/small/32x32/quickopen-class.svg	pass	72791	17132	55659
svgs/oxygen-icons-5.113.0/scalable/actions/small/32x32/quickopen-function.svg	pass	104472	17308	87164
svgs/oxygen-icons-5.113.0/scalable/actions/small/32x32/resource-calendar-child-insert.svg	pass	181415	17225	164190
svgs/oxygen-icons-5.113.0/scalable/actions/small/32x32/resource-calendar-child.svg	pass	56472	12873	43599
svgs/oxygen-icons-5.113.0/scalable/actions/small/32x32/resource-calendar-insert.svg	pass	130575	43046	87529
svgs/oxygen-icons-5.113.0/scalable/actions/small/32x32/resource-group-new.svg	pass	224253	151351	72902
svgs/oxygen-icons-5.113.0/scalable/actions/small/32x32/run-build-clean.svg	pass	300614	65553	235061
svgs/oxygen-icons-5.113.0/scalable/actions/small/32x32/run-build-configure.svg	pass	402937	65580	337357
svgs/oxygen-icons-5.113.0/scalable/actions/small/32x32/run-build-file.svg	pass	231269	42681	188588
svgs/oxygen-icons-5.113.0/scalable/actions/small/32x32/run-build-install-root.svg	pass	238686	47530	191156
svgs/oxygen-icons-5.113.0/scalable/actions/small/32x32/run-build-install.svg	pass	335125	48446	286679
svgs/oxygen-icons-5.113.0/scalable/actions/small/32x32/run-build-prune.svg	pass	333196	90102	243094
svgs/oxygen-icons-5.113.0/scalable/actions/small/32x32/run-build.svg	pass	300822	39610	261212
svgs/oxygen-icons-5.113.0/scalable/actions/small/32x32/snap-extension.svg	pass	16929	7026	9903
svgs/oxygen-icons-5.113.0/scalable/actions/small/32x32/snap-guideline.svg	pass	19461	8157	11304
svgs/oxygen-icons-5.113.0/scalable/actions/small/32x32/snap-intersection.svg	pass	13306	4461	8845
svgs/oxygen-icons-5.113.0/scalable/actions/small/32x32/snap-node.svg	pass	13171	4747	8424
svgs/oxygen-icons-5.113.0/scalable/actions/small/32x32/snap-orthogonal.svg	pass	18945	5205	13740
svgs/oxygen-icons-5.113.0/scalable/actions/small/32x32/split.svg	pass	346734	14419	332315
svgs/oxygen-icons-5.113.0/scalable/actions/small/32x32/story-editor.svg	pass	35667	17309	18358
svgs/oxygen-icons-5.113.0/scalable/actions/small/32x32/stroke-cap-butt.svg	pass	7518	2869	4649
svgs/oxygen-icons-5.113.0/scalable/actions/small/32x32/stroke-cap-round.svg	pass	7371	2767	4604
svgs/oxygen-icons-5.113.0/scalable/actions/small/32x32/stroke-cap-square.svg	pass	7416	2786	4630
svgs/oxygen-icons-5.113.0/scalable/actions/small/32x32/stroke-join-bevel.svg	pass	8492	3311	5181
svgs/oxygen-icons-5.113.0/scalable/actions/small/32x32/stroke-join-miter.svg	pass	8476	3293	5183
svgs/oxygen-icons-5.113.0/scalable/actions/small/32x32/stroke-join-round.svg	pass	11916	3498	8418
svgs/oxygen-icons-5.113.0/scalable/actions/small/32x32/system-search.svg	pass	142636	42102	100534
svgs/oxygen-icons-5.113.0/scalable/actions/small/32x32/taxes-finances.svg	pass	458931	62375	396556
svgs/oxygen-icons-5.113.0/scalable/actions/small/32x32/text-field.svg	pass	5983	1981	4002
svgs/oxygen-icons-5.113.0/scalable/actions/small/32x32/text-frame-link.svg	pass	18223	5359	12864
svgs/oxygen-icons-5.113.0/scalable/actions/small/32x32/text-frame-unlink.svg	pass	29056	9416	19640
svgs/oxygen-icons-5.113.0/scalable/actions/small/32x32/tool-animator.svg	pass	21817	8239	13578
svgs/oxygen-icons-5.113.0/scalable/actions/small/32x32/tools-check-spelling.svg	pass	25216	12066	13150
svgs/oxygen-icons-5.113.0/scalable/actions/small/32x32/tools-media-optical-burn-image.svg	pass	77643	41833	35810
svgs/oxygen-icons-5.113.0/scalable/actions/small/32x32/tools-media-optical-burn.svg	pass	75172	43623	31549
svgs/oxygen-icons-5.113.0/scalable/actions/small/32x32/tools-media-optical-burn2.svg	pass	46871	25700	21171
svgs/oxygen-icons-5.113.0/scalable/actions/small/32x32/tools-media-optical-erase.svg	pass	86452	25449	61003
svgs/oxygen-icons-5.113.0/scalable/actions/small/32x32/tools-rip-audio-cd.svg	pass	78011	44603	33408
svgs/oxygen-icons-5.113.0/scalable/actions/small/32x32/tools-rip-video-cd.svg	pass	76705	34584	42121
svgs/oxygen-icons-5.113.0/scalable/actions/small/32x32/tools-rip-video-dvd.svg	pass	92491	38432	54059
svgs/oxygen-icons-5.113.0/scalable/actions/small/32x32/transform-shear-down.svg	pass	13268	4171	9097
svgs/oxygen-icons-5.113.0/scalable/actions/small/32x32/transform-shear-left.svg	pass	12931	4155	8776
svgs/oxygen-icons-5.113.0/scalable/actions/small/32x32/transform-shear-right.svg	pass	12928	4148	8780
svgs/oxygen-icons-5.113.0/scalable/actions/small/32x32/transform-shear-up.svg	pass	13881	4109	9772
svgs/oxygen-icons-5.113.0/scalable/actions/small/32x32/view-bank-account-checking.svg	pass	488772	88561	400211
svgs/oxygen-icons-5.113.0/scalable/actions/small/32x32/view-bank-account-savings.svg	pass	584157	165721	418436
svgs/oxygen-icons-5.113.0/scalable/actions/small/32x32/view-bank-account.svg	pass	188954	81638	107316
svgs/oxygen-icons-5.113.0/scalable/actions/small/32x32/view-bank.svg	pass	263052	21886	241166
svgs/oxygen-icons-5.113.0/scalable/actions/small/32x32/view-barcode-add.svg	pass	244247	8651	235596
svgs/oxygen-icons-5.113.0/scalable/actions/small/32x32/view-barcode.svg	pass	70939	3436	67503
svgs/oxygen-icons-5.113.0/scalable/actions/small/32x32/view-calendar-agenda.svg	pass	153825	16934	136891
svgs/oxygen-icons-5.113.0/scalable/actions/small/32x32/view-calendar-birthday.svg	mismatch	56640	27178	29462
svgs/oxygen-icons-5.113.0/scalable/actions/small/32x32/view-calendar-holiday.svg	mismatch	37378	17335	20043
svgs/oxygen-icons-5.113.0/scalable/actions/small/32x32/view-calendar-journal.svg	pass	412089	96790	315299
svgs/oxygen-icons-5.113.0/scalable/actions/small/32x32/view-calendar-list.svg	pass	92594	14103	78491
svgs/oxygen-icons-5.113.0/scalable/actions/small/32x32/view-calendar-special-occasion.svg	mismatch	92495	50070	42425
svgs/oxygen-icons-5.113.0/scalable/actions/small/32x32/view-calendar-tasks.svg	pass	88653	13533	75120
svgs/oxygen-icons-5.113.0/scalable/actions/small/32x32/view-calendar-time-spent.svg	pass	145481	22081	123400
svgs/oxygen-icons-5.113.0/scalable/actions/small/32x32/view-calendar-timeline.svg	pass	64777	14706	50071
svgs/oxygen-icons-5.113.0/scalable/actions/small/32x32/view-calendar-wedding-anniversary.svg	mismatch	26300	12983	13317
svgs/oxygen-icons-5.113.0/scalable/actions/small/32x32/view-calendar-whatsnext.svg	pass	550129	217532	332597
svgs/oxygen-icons-5.113.0/scalable/actions/small/32x32/view-catalog.svg	pass	74042	43548	30494
svgs/oxygen-icons-5.113.0/scalable/actions/small/32x32/view-certificate-add.svg	pass	484402	93199	391203
svgs/oxygen-icons-5.113.0/scalable/actions/small/32x32/view-certificate-export-server.svg	pass	1592857	425265	1167592
svgs/oxygen-icons-5.113.0/scalable/actions/small/32x32/view-certificate-export.svg	pass	651165	89828	561337
svgs/oxygen-icons-5.113.0/scalable/actions/small/32x32/view-certificate-import.svg	pass	586929	82000	504929
svgs/oxygen-icons-5.113.0/scalable/actions/small/32x32/view-certificate-secret.svg	pass	571586	42501	529085
svgs/oxygen-icons-5.113.0/scalable/actions/small/32x32/view-certificate-server-configure.svg	pass	1933003	506576	1426427
svgs/oxygen-icons-5.113.0/scalable/actions/small/32x32/view-certificate-sign.svg	mismatch	681917	104902	577015
svgs/oxygen-icons-5.113.0/scalable/actions/small/32x32/view-certificate.svg	pass	243179	87248	155931
svgs/oxygen-icons-5.113.0/scalable/actions/small/32x32/view-conversation-balloon.svg	pass	41016	14725	26291
svgs/oxygen-icons-5.113.0/scalable/actions/small/32x32/view-credit-card-account.svg	pass	325897	197943	127954
svgs/oxygen-icons-5.113.0/scalable/actions/small/32x32/view-currency-list.svg	pass	281993	15183	266810
svgs/oxygen-icons-5.113.0/scalable/actions/small/32x32/view-documents-finances.svg	pass	456232	190759	265473
svgs/oxygen-icons-5.113.0/scalable/actions/small/32x32/view-expenses-categories.svg	pass	276546	124340	152206
svgs/oxygen-icons-5.113.0/scalable/actions/small/32x32/view-financial-categories.svg	pass	417868	183089	234779
svgs/oxygen-icons-5.113.0/scalable/actions/small/32x32/view-financial-forecast.svg	pass	18410	8979	9431
svgs/oxygen-icons-5.113.0/scalable/actions/small/32x32/view-financial-list.svg	pass	163613	64435	99178
svgs/oxygen-icons-5.113.0/scalable/actions/small/32x32/view-financial-payment-mode.svg	pass	616704	177271	439433
svgs/oxygen-icons-5.113.0/scalable/actions/small/32x32/view-financial-transfer.svg	pass	348072	28062	320010
svgs/oxygen-icons-5.113.0/scalable/actions/small/32x32/view-form-action.svg	pass	186889	15555	171334
svgs/oxygen-icons-5.113.0/scalable/actions/small/32x32/view-form-table.svg	pass	169492	3860	165632
svgs/oxygen-icons-5.113.0/scalable/actions/small/32x32/view-form.svg	pass	156832	8174	148658
svgs/oxygen-icons-5.113.0/scalable/actions/small/32x32/view-grid.svg	pass	36206	4107	32099
svgs/oxygen-icons-5.113.0/scalable/actions/small/32x32/view-group.svg	pass	129587	32270	97317
svgs/oxygen-icons-5.113.0/scalable/actions/small/32x32/view-income-categories.svg	pass	243367	130316	113051
svgs/oxygen-icons-5.113.0/scalable/actions/small/32x32/view-investment-account.svg	pass	1693075	746817	946258
svgs/oxygen-icons-5.113.0/scalable/actions/small/32x32/view-investment.svg	pass	442021	50504	391517
svgs/oxygen-icons-5.113.0/scalable/actions/small/32x32/view-ldap-resource.svg	pass	1658369	857327	801042
svgs/oxygen-icons-5.113.0/scalable/actions/small/32x32/view-loan-asset.svg	pass	465260	72496	392764
svgs/oxygen-icons-5.113.0/scalable/actions/small/32x32/view-loan.svg	pass	465350	72531	392819
svgs/oxygen-icons-5.113.0/scalable/actions/small/32x32/view-media-equalizer.svg	pass	209060	8383	200677
svgs/oxygen-icons-5.113.0/scalable/actions/small/32x32/view-multiple-objects.svg	pass	17804	6394	11410
svgs/oxygen-icons-5.113.0/scalable/actions/small/32x32/view-pim-contacts.svg	pass	236553	110327	126226
svgs/oxygen-icons-5.113.0/scalable/actions/small/32x32/view-pim-journal.svg	pass	285032	15212	269820
svgs/oxygen-icons-5.113.0/scalable/actions/small/32x32/view-pim-news.svg	pass	161758	9907	151851
svgs/oxygen-icons-5.113.0/scalable/actions/small/32x32/view-pim-tasks-pending.svg	pass	300676	57493	243183
svgs/oxygen-icons-5.113.0/scalable/actions/small/32x32/view-pim-tasks.svg	pass	286075	47388	238687
svgs/oxygen-icons-5.113.0/scalable/actions/small/32x32/view-resource-calendar.svg	pass	197880	38872	159008
svgs/oxygen-icons-5.113.0/scalable/actions/small/32x32/view-stock-account.svg	pass	949813	374900	574913
svgs/oxygen-icons-5.113.0/scalable/actions/small/32x32/view-table-of-contents-ltr.svg	mismatch	37014	12364	24650
svgs/oxygen-icons-5.113.0/scalable/actions/small/32x32/view-table-of-contents-rtl.svg	mismatch	39480	12636	26844
svgs/oxygen-icons-5.113.0/scalable/actions/small/32x32/view-task-add.svg	pass	187374	23329	164045
svgs/oxygen-icons-5.113.0/scalable/actions/small/32x32/view-task-child-add.svg	pass	90266	15519	74747
svgs/oxygen-icons-5.113.0/scalable/actions/small/32x32/view-task-child.svg	pass	81097	11493	69604
svgs/oxygen-icons-5.113.0/scalable/actions/small/32x32/view-task.svg	pass	95451	18732	76719
svgs/oxygen-icons-5.113.0/scalable/actions/small/32x32/view-time-schedule-baselined-add.svg	mismatch	306450	140731	165719
svgs/oxygen-icons-5.113.0/scalable/actions/small/32x32/view-time-schedule-baselined-remove.svg	mismatch	324872	150524	174348
svgs/oxygen-icons-5.113.0/scalable/actions/small/32x32/view-time-schedule-baselined.svg	mismatch	331633	137039	194594
svgs/oxygen-icons-5.113.0/scalable/actions/small/32x32/view-time-schedule-calculus.svg	mismatch	116734	44789	71945
svgs/oxygen-icons-5.113.0/scalable/actions/small/32x32/view-time-schedule-child-insert.svg	mismatch	111345	13707	97638
svgs/oxygen-icons-5.113.0/scalable/actions/small/32x32/view-time-schedule-edit.svg	mismatch	74404	18039	56365
svgs/oxygen-icons-5.113.0/scalable/actions/small/32x32/view-time-schedule-insert.svg	mismatch	60531	12093	48438
svgs/oxygen-icons-5.113.0/scalable/actions/small/32x32/view-time-schedule.svg	mismatch	51772	8067	43705
svgs/oxygen-icons-5.113.0/scalable/actions/small/32x32/zoom-1-to-2.svg	pass	79363	12404	66959
svgs/oxygen-icons-5.113.0/scalable/actions/small/32x32/zoom-2-to-1.svg	pass	80144	12312	67832
svgs/oxygen-icons-5.113.0/scalable/actions/small/32x32/zoom-draw.svg	pass	29006	12106	16900
svgs/oxygen-icons-5.113.0/scalable/actions/small/32x32/zoom-fit-best.svg	pass	36353	6203	30150
svgs/oxygen-icons-5.113.0/scalable/actions/small/32x32/zoom-fit-height.svg	pass	36873	6209	30664
svgs/oxygen-icons-5.113.0/scalable/actions/small/32x32/zoom-fit-width.svg	pass	36364	6215	30149
svgs/oxygen-icons-5.113.0/scalable/actions/small/32x32/zoom-in.svg	pass	81123	13548	67575
svgs/oxygen-icons-5.113.0/scalable/actions/small/32x32/zoom-next.svg	pass	81454	11541	69913
svgs/oxygen-icons-5.113.0/scalable/actions/small/32x32/zoom-original.svg	pass	78534	12564	65970
svgs/oxygen-icons-5.113.0/scalable/actions/small/32x32/zoom-out.svg	pass	80494	12447	68047
svgs/oxygen-icons-5.113.0/scalable/actions/small/32x32/zoom-previous.svg	pass	78684	11499	67185
svgs/oxygen-icons-5.113.0/scalable/actions/small/32x32/zoom-select.svg	pass	31204	12352	18852
svgs/oxygen-icons-5.113.0/scalable/actions/small/48x48/address-book-new.svg	pass	3271732	2345099	926633
svgs/oxygen-icons-5.113.0/scalable/actions/small/48x48/align-horizontal-bottom-out.svg	pass	12684	4401	8283
svgs/oxygen-icons-5.113.0/scalable/actions/small/48x48/align-horizontal-center.svg	pass	9409	3874	5535
svgs/oxygen-icons-5.113.0/scalable/actions/small/48x48/align-horizontal-left-out.svg	pass	10288	4199	6089
svgs/oxygen-icons-5.113.0/scalable/actions/small/48x48/align-horizontal-left.svg	pass	8812	3358	5454
svgs/oxygen-icons-5.113.0/scalable/actions/small/48x48/align-horizontal-right-out.svg	pass	10266	4198	6068
svgs/oxygen-icons-5.113.0/scalable/actions/small/48x48/align-horizontal-right.svg	pass	8816	3351	5465
svgs/oxygen-icons-5.113.0/scalable/actions/small/48x48/align-horizontal-top-out.svg	pass	10514	4410	6104
svgs/oxygen-icons-5.113.0/scalable/actions/small/48x48/align-vertical-bottom.svg	pass	8768	3548	5220
svgs/oxygen-icons-5.113.0/scalable/actions/small/48x48/align-vertical-center.svg	pass	9687	4112	5575
svgs/oxygen-icons-5.113.0/scalable/actions/small/48x48/align-vertical-top.svg	pass	9011	3528	5483
svgs/oxygen-icons-5.113.0/scalable/actions/small/48x48/appointment-new.svg	pass	88949	37733	51216
svgs/oxygen-icons-5.113.0/scalable/actions/small/48x48/archive-extract.svg	pass	23150	9305	13845
svgs/oxygen-icons-5.113.0/scalable/actions/small/48x48/archive-insert-directory.svg	pass	197715	125749	71966
svgs/oxygen-icons-5.113.0/scalable/actions/small/48x48/archive-insert.svg	pass	225423	18188	207235
svgs/oxygen-icons-5.113.0/scalable/actions/small/48x48/archive-remove.svg	pass	42271	16217	26054
svgs/oxygen-icons-5.113.0/scalable/actions/small/48x48/bookmark-new.svg	pass	37035	11628	25407
svgs/oxygen-icons-5.113.0/scalable/actions/small/48x48/bookmark-toolbar.svg	pass	149885	23859	126026
svgs/oxygen-icons-5.113.0/scalable/actions/small/48x48/bookmarks-organize.svg	pass	801581	396451	405130
svgs/oxygen-icons-5.113.0/scalable/actions/small/48x48/call-start.svg	pass	43925	7871	36054
svgs/oxygen-icons-5.113.0/scalable/actions/small/48x48/call-stop.svg	pass	60369	7697	52672
svgs/oxygen-icons-5.113.0/scalable/actions/small/48x48/code-block.svg	pass	88787	33769	55018
svgs/oxygen-icons-5.113.0/scalable/actions/small/48x48/code-class.svg	pass	42811	10814	31997
svgs/oxygen-icons-5.113.0/scalable/actions/small/48x48/code-context.svg	pass	14785	7160	7625
svgs/oxygen-icons-5.113.0/scalable/actions/small/48x48/code-function.svg	pass	13905	6394	7511
svgs/oxygen-icons-5.113.0/scalable/actions/small/48x48/code-typedef.svg	pass	40442	7231	33211
svgs/oxygen-icons-5.113.0/scalable/actions/small/48x48/code-variable.svg	pass	12854	5531	7323
svgs/oxygen-icons-5.113.0/scalable/actions/small/48x48/color-picker-black.svg	pass	52623	22324	30299
svgs/oxygen-icons-5.113.0/scalable/actions/small/48x48/color-picker-grey.svg	pass	40775	21996	18779
svgs/oxygen-icons-5.113.0/scalable/actions/small/48x48/color-picker-white.svg	pass	40371	21617	18754
svgs/oxygen-icons-5.113.0/scalable/actions/small/48x48/color-picker.svg	pass	44712	18887	25825
svgs/oxygen-icons-5.113.0/scalable/actions/small/48x48/configure-toolbars.svg	pass	107088	36666	70422
svgs/oxygen-icons-5.113.0/scalable/actions/small/48x48/contact-new.svg	pass	275637	114331	161306
svgs/oxygen-icons-5.113.0/scalable/actions/small/48x48/debug-execute-from-cursor.svg	pass	203733	7385	196348
svgs/oxygen-icons-5.113.0/scalable/actions/small/48x48/debug-execute-to-cursor.svg	pass	196218	7415	188803
svgs/oxygen-icons-5.113.0/scalable/actions/small/48x48/debug-run-cursor.svg	pass	396317	44444	351873
svgs/oxygen-icons-5.113.0/scalable/actions/small/48x48/debug-run.svg	pass	395028	42780	352248
svgs/oxygen-icons-5.113.0/scalable/actions/small/48x48/debug-step-instruction.svg	pass	45661	9568	36093
svgs/oxygen-icons-5.113.0/scalable/actions/small/48x48/debug-step-into-instruction.svg	pass	47222	10184	37038
svgs/oxygen-icons-5.113.0/scalable/actions/small/48x48/debug-step-into.svg	pass	46773	9993	36780
svgs/oxygen-icons-5.113.0/scalable/actions/small/48x48/debug-step-out.svg	pass	45755	9465	36290
svgs/oxygen-icons-5.113.0/scalable/actions/small/48x48/debug-step-over.svg	pass	45226	9384	35842
svgs/oxygen-icons-5.113.0/scalable/actions/small/48x48/document-edit-decrypt-verify.svg	pass	713955	126937	587018
svgs/oxygen-icons-5.113.0/scalable/actions/small/48x48/document-edit-decrypt.svg	pass	747872	155251	592621
svgs/oxygen-icons-5.113.0/scalable/actions/small/48x48/document-edit-encrypt.svg	pass	731067	158626	572441
svgs/oxygen-icons-5.113.0/scalable/actions/small/48x48/document-edit-sign-encrypt.svg	pass	1241121	141017	1100104
svgs/oxygen-icons-5.113.0/scalable/actions/small/48x48/document-edit-sign.svg	pass	1148199	256063	892136
svgs/oxygen-icons-5.113.0/scalable/actions/small/48x48/document-edit-verify.svg	pass	893403	255117	638286
svgs/oxygen-icons-5.113.0/scalable/actions/small/48x48/document-edit.svg	pass	533456	17557	515899
svgs/oxygen-icons-5.113.0/scalable/actions/small/48x48/document-encrypted.svg	pass	513658	24110	489548
svgs/oxygen-icons-5.113.0/scalable/actions/small/48x48/document-export-table.svg	pass	135589	17913	117676
svgs/oxygen-icons-5.113.0/scalable/actions/small/48x48/document-export.svg	pass	57218	11149	46069
svgs/oxygen-icons-5.113.0/scalable/actions/small/48x48/document-import.svg	pass	57578	12341	45237
svgs/oxygen-icons-5.113.0/scalable/actions/small/48x48/document-new.svg	pass	19622	8175	11447
svgs/oxygen-icons-5.113.0/scalable/actions/small/48x48/document-open-folder.svg	pass	378517	128997	249520
svgs/oxygen-icons-5.113.0/scalable/actions/small/48x48/document-open-recent.svg	pass	18803	9416	9387
svgs/oxygen-icons-5.113.0/scalable/actions/small/48x48/document-open-remote.svg	pass	794116	457335	336781
svgs/oxygen-icons-5.113.0/scalable/actions/small/48x48/document-open.svg	pass	380283	128991	251292
svgs/oxygen-icons-5.113.0/scalable/actions/small/48x48/document-save-all.svg	pass	2360055	1491918	868137
svgs/oxygen-icons-5.113.0/scalable/actions/small/48x48/document-save-as.svg	pass	1189807	762036	427771
svgs/oxygen-icons-5.113.0/scalable/actions/small/48x48/document-save.svg	pass	1116723	748970	367753
svgs/oxygen-icons-5.113.0/scalable/actions/small/48x48/document-share.svg	pass	23947	9528	14419
svgs/oxygen-icons-5.113.0/scalable/actions/small/48x48/documentation.svg	pass	331099	102098	229001
svgs/oxygen-icons-5.113.0/scalable/actions/small/48x48/download-later.svg	pass	98018	17540	80478
svgs/oxygen-icons-5.113.0/scalable/actions/small/48x48/download.svg	pass	665650	345970	319680
svgs/oxygen-icons-5.113.0/scalable/actions/small/48x48/draw-bezier-curves.svg	pass	16638	5805	10833
svgs/oxygen-icons-5.113.0/scalable/actions/small/48x48/draw-halfcircle1.svg	pass	5977	1830	4147
svgs/oxygen-icons-5.113.0/scalable/actions/small/48x48/draw-halfcircle2.svg	pass	6013	1876	4137
svgs/oxygen-icons-5.113.0/scalable/actions/small/48x48/draw-halfcircle3.svg	pass	6009	1881	4128
svgs/oxygen-icons-5.113.0/scalable/actions/small/48x48/draw-halfcircle4.svg	pass	5974	1837	4137
svgs/oxygen-icons-5.113.0/scalable/actions/small/48x48/draw-path.svg	pass	41896	11991	29905
svgs/oxygen-icons-5.113.0/scalable/actions/small/48x48/draw-polyline.svg	pass	36650	2080	34570
svgs/oxygen-icons-5.113.0/scalable/actions/small/48x48/draw-rectangle.svg	pass	35242	1916	33326
svgs/oxygen-icons-5.113.0/scalable/actions/small/48x48/draw-spiral.svg	pass	11374	3244	8130
svgs/oxygen-icons-5.113.0/scalable/actions/small/48x48/draw-square-inverted-corners.svg	pass	6742	2089	4653
svgs/oxygen-icons-5.113.0/scalable/actions/small/48x48/draw-text.svg	pass	7113	1393	5720
svgs/oxygen-icons-5.113.0/scalable/actions/small/48x48/draw-triangle.svg	pass	5900	1902	3998
svgs/oxygen-icons-5.113.0/scalable/actions/small/48x48/draw-triangle1.svg	pass	35100	1959	33141
svgs/oxygen-icons-5.113.0/scalable/actions/small/48x48/draw-triangle2.svg	pass	5900	1900	4000
svgs/oxygen-icons-5.113.0/scalable/actions/small/48x48/draw-triangle3.svg	pass	5974	1903	4071
svgs/oxygen-icons-5.113.0/scalable/actions/small/48x48/draw-triangle4.svg	pass	5915	1910	4005
svgs/oxygen-icons-5.113.0/scalable/actions/small/48x48/edit-clear-list.svg	pass	204705	14992	189713
svgs/oxygen-icons-5.113.0/scalable/actions/small/48x48/edit-copy.svg	pass	136218	8702	127516
svgs/oxygen-icons-5.113.0/scalable/actions/small/48x48/edit-find-project.svg	pass	283102	65017	218085
svgs/oxygen-icons-5.113.0/scalable/actions/small/48x48/edit-guides.svg	pass	26111	3934	22177
svgs/oxygen-icons-5.113.0/scalable/actions/small/48x48/edit-image-face-add.svg	pass	190279	82310	107969
svgs/oxygen-icons-5.113.0/scalable/actions/small/48x48/edit-image-face-detect.svg	pass	19733	3277	16456
svgs/oxygen-icons-5.113.0/scalable/actions/small/48x48/edit-image-face-recognize.svg	pass	138840	42293	96547
svgs/oxygen-icons-5.113.0/scalable/actions/small/48x48/edit-image-face-show.svg	mismatch	679255	118625	560630
svgs/oxygen-icons-5.113.0/scalable/actions/small/48x48/edit-node.svg	pass	48131	4004	44127
svgs/oxygen-icons-5.113.0/scalable/actions/small/48x48/edit-paste.svg	pass	114088	16471	97617
svgs/oxygen-icons-5.113.0/scalable/actions/small/48x48/edit-select-all.svg	pass	97803	59592	38211
svgs/oxygen-icons-5.113.0/scalable/actions/small/48x48/edit-select-none.svg	pass	116006	68996	47010
svgs/oxygen-icons-5.113.0/scalable/actions/small/48x48/edit-select.svg	pass	25172	2717	22455
svgs/oxygen-icons-5.113.0/scalable/actions/small/48x48/edit-table-cell-merge.svg	pass	65005	8403	56602
svgs/oxygen-icons-5.113.0/scalable/actions/small/48x48/edit-table-cell-split.svg	pass	65464	8655	56809
svgs/oxygen-icons-5.113.0/scalable/actions/small/48x48/edit-table-delete-column.svg	pass	326935	19521	307414
svgs/oxygen-icons-5.113.0/scalable/actions/small/48x48/edit-table-delete-row.svg	pass	366379	20828	345551
svgs/oxygen-icons-5.113.0/scalable/actions/small/48x48/edit-table-insert-column-left.svg	pass	71903	13523	58380
svgs/oxygen-icons-5.113.0/scalable/actions/small/48x48/edit-table-insert-column-right.svg	pass	73300	13658	59642
svgs/oxygen-icons-5.113.0/scalable/actions/small/48x48/edit-table-insert-row-above.svg	pass	56518	14029	42489
svgs/oxygen-icons-5.113.0/scalable/actions/small/48x48/edit-table-insert-row-below.svg	pass	56512	14019	42493
svgs/oxygen-icons-5.113.0/scalable/actions/small/48x48/edit-text-frame-update.svg	pass	23572	4966	18606
svgs/oxygen-icons-5.113.0/scalable/actions/small/48x48/edit-web-search.svg	pass	828293	395408	432885
svgs/oxygen-icons-5.113.0/scalable/actions/small/48x48/flag-blue.svg	pass	235670	42434	193236
svgs/oxygen-icons-5.113.0/scalable/actions/small/48x48/folder-new.svg	pass	197715	125749	71966
svgs/oxygen-icons-5.113.0/scalable/actions/small/48x48/folder-sync.svg	pass	147903	125725	22178
svgs/oxygen-icons-5.113.0/scalable/actions/small/48x48/format-add-node.svg	pass	26560	11797	14763
svgs/oxygen-icons-5.113.0/scalable/actions/small/48x48/format-break-node.svg	pass	31394	5892	25502
svgs/oxygen-icons-5.113.0/scalable/actions/small/48x48/format-connect-node.svg	pass	34009	7497	26512
svgs/oxygen-icons-5.113.0/scalable/actions/small/48x48/format-disconnect-node.svg	pass	32796	7206	25590
svgs/oxygen-icons-5.113.0/scalable/actions/small/48x48/format-join-node.svg	pass	30008	5886	24122
svgs/oxygen-icons-5.113.0/scalable/actions/small/48x48/format-remove-node.svg	pass	149090	11821	137269
svgs/oxygen-icons-5.113.0/scalable/actions/small/48x48/format-text-color.svg	pass	86301	4064	82237
svgs/oxygen-icons-5.113.0/scalable/actions/small/48x48/games-achievements.svg	pass	636182	140324	495858
svgs/oxygen-icons-5.113.0/scalable/actions/small/48x48/games-highscores.svg	pass	290810	144543	146267
svgs/oxygen-icons-5.113.0/scalable/actions/small/48x48/go-first-view-page.svg	pass	151456	24770	126686
svgs/oxygen-icons-5.113.0/scalable/actions/small/48x48/go-first-view.svg	pass	45221	11677	33544
svgs/oxygen-icons-5.113.0/scalable/actions/small/48x48/go-jump-declaration.svg	pass	68602	16020	52582
svgs/oxygen-icons-5.113.0/scalable/actions/small/48x48/go-jump-definition.svg	pass	107872	8458	99414
svgs/oxygen-icons-5.113.0/scalable/actions/small/48x48/go-jump-locationbar.svg	pass	701923	341525	360398
svgs/oxygen-icons-5.113.0/scalable/actions/small/48x48/go-last-view-page.svg	pass	151635	24726	126909
svgs/oxygen-icons-5.113.0/scalable/actions/small/48x48/go-last-view.svg	pass	38660	12148	26512
svgs/oxygen-icons-5.113.0/scalable/actions/small/48x48/go-next-context.svg	pass	18264	8364	9900
svgs/oxygen-icons-5.113.0/scalable/actions/small/48x48/go-next-use.svg	pass	95618	8472	87146
svgs/oxygen-icons-5.113.0/scalable/actions/small/48x48/go-next-view-page.svg	pass	86074	17612	68462
svgs/oxygen-icons-5.113.0/scalable/actions/small/48x48/go-next-view.svg	pass	37905	6283	31622
svgs/oxygen-icons-5.113.0/scalable/actions/small/48x48/go-previous-context.svg	pass	16871	7580	9291
svgs/oxygen-icons-5.113.0/scalable/actions/small/48x48/go-previous-use.svg	pass	98039	8465	89574
svgs/oxygen-icons-5.113.0/scalable/actions/small/48x48/go-previous-view-page.svg	pass	85332	17579	67753
svgs/oxygen-icons-5.113.0/scalable/actions/small/48x48/go-previous-view.svg	pass	39424	5801	33623
svgs/oxygen-icons-5.113.0/scalable/actions/small/48x48/help-about.svg	pass	43883	10941	32942
svgs/oxygen-icons-5.113.0/scalable/actions/small/48x48/help-contents.svg	pass	1195019	575856	619163
svgs/oxygen-icons-5.113.0/scalable/actions/small/48x48/help-contextual.svg	pass	420047	186895	233152
svgs/oxygen-icons-5.113.0/scalable/actions/small/48x48/help-donate.svg	pass	162185	23451	138734
svgs/oxygen-icons-5.113.0/scalable/actions/small/48x48/help-feedback.svg	pass	54614	16418	38196
svgs/oxygen-icons-5.113.0/scalable/actions/small/48x48/im-aim.svg	pass	64341	20870	43471
svgs/oxygen-icons-5.113.0/scalable/actions/small/48x48/im-facebook.svg	pass	46025	10456	35569
svgs/oxygen-icons-5.113.0/scalable/actions/small/48x48/im-gadugadu.svg	pass	83483	16455	67028
svgs/oxygen-icons-5.113.0/scalable/actions/small/48x48/im-google-talk.svg	pass	94322	18635	75687
svgs/oxygen-icons-5.113.0/scalable/actions/small/48x48/im-google.svg	mismatch	40891	15998	24893
svgs/oxygen-icons-5.113.0/scalable/actions/small/48x48/im-icq.svg	pass	77393	30153	47240
svgs/oxygen-icons-5.113.0/scalable/actions/small/48x48/im-identi.ca.svg	pass	112082	31025	81057
svgs/oxygen-icons-5.113.0/scalable/actions/small/48x48/im-jabber.svg	pass	64201	22370	41831
svgs/oxygen-icons-5.113.0/scalable/actions/small/48x48/im-msn.svg	pass	75847	32239	43608
svgs/oxygen-icons-5.113.0/scalable/actions/small/48x48/im-qq.svg	pass	62607	24893	37714
svgs/oxygen-icons-5.113.0/scalable/actions/small/48x48/im-skype.svg	pass	43925	7871	36054
svgs/oxygen-icons-5.113.0/scalable/actions/small/48x48/im-twitter.svg	pass	47949	11518	36431
svgs/oxygen-icons-5.113.0/scalable/actions/small/48x48/im-yahoo.svg	pass	93419	27233	66186
svgs/oxygen-icons-5.113.0/scalable/actions/small/48x48/list-resource-add.svg	pass	201518	146145	55373
svgs/oxygen-icons-5.113.0/scalable/actions/small/48x48/mail-encrypted-full.svg	pass	462320	315814	146506
svgs/oxygen-icons-5.113.0/scalable/actions/small/48x48/mail-encrypted-part.svg	pass	612664	387134	225530
svgs/oxygen-icons-5.113.0/scalable/actions/small/48x48/mail-encrypted.svg	pass	435111	315109	120002
svgs/oxygen-icons-5.113.0/scalable/actions/small/48x48/mail-forward.svg	pass	323518	130042	193476
svgs/oxygen-icons-5.113.0/scalable/actions/small/48x48/mail-forwarded-replied.svg	pass	700572	279582	420990
svgs/oxygen-icons-5.113.0/scalable/actions/small/48x48/mail-forwarded.svg	pass	633621	274260	359361
svgs/oxygen-icons-5.113.0/scalable/actions/small/48x48/mail-invitation.svg	pass	27541	13298	14243
svgs/oxygen-icons-5.113.0/scalable/actions/small/48x48/mail-mark-important.svg	pass	127308	8787	118521
svgs/oxygen-icons-5.113.0/scalable/actions/small/48x48/mail-mark-junk.svg	pass	215946	18750	197196
svgs/oxygen-icons-5.113.0/scalable/actions/small/48x48/mail-mark-notjunk.svg	pass	20851	9102	11749
svgs/oxygen-icons-5.113.0/scalable/actions/small/48x48/mail-mark-read.svg	pass	513392	268591	244801
svgs/oxygen-icons-5.113.0/scalable/actions/small/48x48/mail-mark-unread-new.svg	pass	75764	6846	68918
svgs/oxygen-icons-5.113.0/scalable/actions/small/48x48/mail-mark-unread.svg	pass	65052	4092	60960
svgs/oxygen-icons-5.113.0/scalable/actions/small/48x48/mail-meeting-request-reply.svg	pass	67597	5372	62225
svgs/oxygen-icons-5.113.0/scalable/actions/small/48x48/mail-message-new-list.svg	pass	365002	175098	189904
svgs/oxygen-icons-5.113.0/scalable/actions/small/48x48/mail-message-new.svg	pass	315289	173158	142131
svgs/oxygen-icons-5.113.0/scalable/actions/small/48x48/mail-queue.svg	pass	332507	125277	207230
svgs/oxygen-icons-5.113.0/scalable/actions/small/48x48/mail-replied.svg	pass	695320	273731	421589
svgs/oxygen-icons-5.113.0/scalable/actions/small/48x48/mail-reply-all.svg	pass	72153	9675	62478
svgs/oxygen-icons-5.113.0/scalable/actions/small/48x48/mail-reply-custom-all.svg	pass	69646	8483	61163
svgs/oxygen-icons-5.113.0/scalable/actions/small/48x48/mail-reply-list.svg	pass	83592	16478	67114
svgs/oxygen-icons-5.113.0/scalable/actions/small/48x48/mail-reply-sender.svg	pass	78589	9203	69386
svgs/oxygen-icons-5.113.0/scalable/actions/small/48x48/mail-send.svg	pass	724848	126580	598268
svgs/oxygen-icons-5.113.0/scalable/actions/small/48x48/mail-signature-unknown.svg	pass	301718	189779	111939
svgs/oxygen-icons-5.113.0/scalable/actions/small/48x48/mail-signed-full.svg	pass	282022	180487	101535
svgs/oxygen-icons-5.113.0/scalable/actions/small/48x48/mail-signed-part.svg	pass	282661	180835	101826
svgs/oxygen-icons-5.113.0/scalable/actions/small/48x48/mail-signed-verified.svg	pass	294684	188662	106022
svgs/oxygen-icons-5.113.0/scalable/actions/small/48x48/mail-signed.svg	pass	281065	179420	101645
svgs/oxygen-icons-5.113.0/scalable/actions/small/48x48/mail-tagged.svg	pass	287004	183047	103957
svgs/oxygen-icons-5.113.0/scalable/actions/small/48x48/measure.svg	pass	13512	4468	9044
svgs/oxygen-icons-5.113.0/scalable/actions/small/48x48/meeting-participant-no-response.svg	pass	282971	149496	133475
svgs/oxygen-icons-5.113.0/scalable/actions/small/48x48/meeting-participant-request-response.svg	pass	282725	149584	133141
svgs/oxygen-icons-5.113.0/scalable/actions/small/48x48/merge.svg	pass	337753	5120	332633
svgs/oxygen-icons-5.113.0/scalable/actions/small/48x48/milestone.svg	pass	407347	142472	264875
svgs/oxygen-icons-5.113.0/scalable/actions/small/48x48/news-subscribe.svg	pass	424464	16760	407704
svgs/oxygen-icons-5.113.0/scalable/actions/small/48x48/news-unsubscribe.svg	pass	394502	19464	375038
svgs/oxygen-icons-5.113.0/scalable/actions/small/48x48/object-flip-horizontal.svg	pass	70699	6327	64372
svgs/oxygen-icons-5.113.0/scalable/actions/small/48x48/object-flip-vertical.svg	pass	71057	6097	64960
svgs/oxygen-icons-5.113.0/scalable/actions/small/48x48/office-chart-area-focus-peak-node.svg	pass	14942	7348	7594
svgs/oxygen-icons-5.113.0/scalable/actions/small/48x48/office-chart-area-percentage.svg	pass	96182	14343	81839
svgs/oxygen-icons-5.113.0/scalable/actions/small/48x48/office-chart-area-stacked.svg	pass	11860	5977	5883
svgs/oxygen-icons-5.113.0/scalable/actions/small/48x48/office-chart-area.svg	pass	12492	6563	5929
svgs/oxygen-icons-5.113.0/scalable/actions/small/48x48/office-chart-bar-percentage.svg	pass	103815	13301	90514
svgs/oxygen-icons-5.113.0/scalable/actions/small/48x48/office-chart-bar-stacked.svg	pass	28361	12075	16286
svgs/oxygen-icons-5.113.0/scalable/actions/small/48x48/office-chart-bar.svg	pass	76709	7305	69404
svgs/oxygen-icons-5.113.0/scalable/actions/small/48x48/office-chart-line-percentage.svg	pass	80784	5463	75321
svgs/oxygen-icons-5.113.0/scalable/actions/small/48x48/office-chart-line-stacked.svg	pass	70578	3697	66881
svgs/oxygen-icons-5.113.0/scalable/actions/small/48x48/office-chart-line.svg	pass	70570	3698	66872
svgs/oxygen-icons-5.113.0/scalable/actions/small/48x48/office-chart-pie.svg	pass	31725	16786	14939
svgs/oxygen-icons-5.113.0/scalable/actions/small/48x48/office-chart-polar-stacked.svg	pass	76345	6069	70276
svgs/oxygen-icons-5.113.0/scalable/actions/small/48x48/office-chart-polar.svg	pass	70618	3793	66825
svgs/oxygen-icons-5.113.0/scalable/actions/small/48x48/office-chart-ring.svg	pass	32064	11710	20354
svgs/oxygen-icons-5.113.0/scalable/actions/small/48x48/office-chart-scatter.svg	pass	76237	6632	69605
svgs/oxygen-icons-5.113.0/scalable/actions/small/48x48/page-zoom.svg	pass	43072	17921	25151
svgs/oxygen-icons-5.113.0/scalable/actions/small/48x48/preferences-activities.svg	pass	521031	13035	507996
svgs/oxygen-icons-5.113.0/scalable/actions/small/48x48/preflight-verifier.svg	pass	706367	450676	255691
svgs/oxygen-icons-5.113.0/scalable/actions/small/48x48/project-development-close-all.svg	pass	183844	24705	159139
svgs/oxygen-icons-5.113.0/scalable/actions/small/48x48/project-development-close.svg	pass	174735	20128	154607
svgs/oxygen-icons-5.113.0/scalable/actions/small/48x48/project-development-new-template.svg	pass	207962	14262	193700
svgs/oxygen-icons-5.113.0/scalable/actions/small/48x48/project-development.svg	pass	143327	10559	132768
svgs/oxygen-icons-5.113.0/scalable/actions/small/48x48/project-open.svg	pass	510700	232853	277847
svgs/oxygen-icons-5.113.0/scalable/actions/small/48x48/quickopen-class.svg	pass	80860	21936	58924
svgs/oxygen-icons-5.113.0/scalable/actions/small/48x48/quickopen-file.svg	pass	246854	18335	228519
svgs/oxygen-icons-5.113.0/scalable/actions/small/48x48/quickopen-function.svg	pass	92708	18010	74698
svgs/oxygen-icons-5.113.0/scalable/actions/small/48x48/quickopen.svg	pass	41355	11756	29599
svgs/oxygen-icons-5.113.0/scalable/actions/small/48x48/resource-calendar-child-insert.svg	pass	67399	18199	49200
svgs/oxygen-icons-5.113.0/scalable/actions/small/48x48/resource-calendar-child.svg	pass	58051	14029	44022
svgs/oxygen-icons-5.113.0/scalable/actions/small/48x48/resource-calendar-insert.svg	pass	296557	44870	251687
svgs/oxygen-icons-5.113.0/scalable/actions/small/48x48/resource-group-new.svg	pass	209664	151331	58333
svgs/oxygen-icons-5.113.0/scalable/actions/small/48x48/run-build-clean.svg	pass	267672	65167	202505
svgs/oxygen-icons-5.113.0/scalable/actions/small/48x48/run-build-configure.svg	pass	298449	64504	233945
svgs/oxygen-icons-5.113.0/scalable/actions/small/48x48/run-build-file.svg	pass	231668	42821	188847
svgs/oxygen-icons-5.113.0/scalable/actions/small/48x48/run-build-install-root.svg	pass	236504	47562	188942
svgs/oxygen-icons-5.113.0/scalable/actions/small/48x48/run-build-install.svg	pass	338486	48474	290012
svgs/oxygen-icons-5.113.0/scalable/actions/small/48x48/run-build-prune.svg	pass	301958	90142	211816
svgs/oxygen-icons-5.113.0/scalable/actions/small/48x48/run-build.svg	pass	306950	39613	267337
svgs/oxygen-icons-5.113.0/scalable/actions/small/48x48/snap-extension.svg	pass	26495	7139	19356
svgs/oxygen-icons-5.113.0/scalable/actions/small/48x48/snap-guideline.svg	pass	29095	8222	20873
svgs/oxygen-icons-5.113.0/scalable/actions/small/48x48/snap-intersection.svg	pass	22564	4526	18038
svgs/oxygen-icons-5.113.0/scalable/actions/small/48x48/snap-node.svg	pass	22283	4672	17611
svgs/oxygen-icons-5.113.0/scalable/actions/small/48x48/snap-orthogonal.svg	pass	26056	4942	21114
svgs/oxygen-icons-5.113.0/scalable/actions/small/48x48/split.svg	pass	346498	14421	332077
svgs/oxygen-icons-5.113.0/scalable/actions/small/48x48/story-editor.svg	pass	38404	17576	20828
svgs/oxygen-icons-5.113.0/scalable/actions/small/48x48/stroke-cap-butt.svg	pass	7965	3034	4931
svgs/oxygen-icons-5.113.0/scalable/actions/small/48x48/stroke-cap-round.svg	pass	7862	2992	4870
svgs/oxygen-icons-5.113.0/scalable/actions/small/48x48/stroke-cap-square.svg	pass	8101	3141	4960
svgs/oxygen-icons-5.113.0/scalable/actions/small/48x48/stroke-join-bevel.svg	pass	13422	3589	9833
svgs/oxygen-icons-5.113.0/scalable/actions/small/48x48/stroke-join-miter.svg	pass	10202	3532	6670
svgs/oxygen-icons-5.113.0/scalable/actions/small/48x48/stroke-join-round.svg	pass	13649	3739	9910
svgs/oxygen-icons-5.113.0/scalable/actions/small/48x48/tab-new-background.svg	pass	47376	6205	41171
svgs/oxygen-icons-5.113.0/scalable/actions/small/48x48/taxes-finances.svg	pass	475222	69989	405233
svgs/oxygen-icons-5.113.0/scalable/actions/small/48x48/text-field.svg	pass	7020	2222	4798
svgs/oxygen-icons-5.113.0/scalable/actions/small/48x48/text-frame-link.svg	pass	28252	10871	17381
svgs/oxygen-icons-5.113.0/scalable/actions/small/48x48/text-frame-unlink.svg	pass	18178	6546	11632
svgs/oxygen-icons-5.113.0/scalable/actions/small/48x48/tool-animator.svg	pass	47079	16130	30949
svgs/oxygen-icons-5.113.0/scalable/actions/small/48x48/tools-check-spelling.svg	pass	25473	11986	13487
svgs/oxygen-icons-5.113.0/scalable/actions/small/48x48/tools-media-optical-burn-image.svg	pass	77854	42031	35823
svgs/oxygen-icons-5.113.0/scalable/actions/small/48x48/tools-media-optical-burn.svg	pass	74399	43163	31236
svgs/oxygen-icons-5.113.0/scalable/actions/small/48x48/tools-media-optical-copy.svg	pass	53777	28907	24870
svgs/oxygen-icons-5.113.0/scalable/actions/small/48x48/tools-media-optical-erase.svg	pass	86647	24227	62420
svgs/oxygen-icons-5.113.0/scalable/actions/small/48x48/tools-media-optical-format.svg	pass	61143	32893	28250
svgs/oxygen-icons-5.113.0/scalable/actions/small/48x48/tools-rip-audio-cd.svg	pass	78780	45753	33027
svgs/oxygen-icons-5.113.0/scalable/actions/small/48x48/tools-rip-video-cd.svg	pass	102047	35640	66407
svgs/oxygen-icons-5.113.0/scalable/actions/small/48x48/tools-rip-video-dvd.svg	pass	364186	148008	216178
svgs/oxygen-icons-5.113.0/scalable/actions/small/48x48/transform-crop-and-resize.svg	pass	194426	26784	167642
svgs/oxygen-icons-5.113.0/scalable/actions/small/48x48/transform-crop.svg	pass	40883	15822	25061
svgs/oxygen-icons-5.113.0/scalable/actions/small/48x48/transform-rotate.svg	pass	17889	4802	13087
svgs/oxygen-icons-5.113.0/scalable/actions/small/48x48/transform-scale.svg	pass	202530	23766	178764
svgs/oxygen-icons-5.113.0/scalable/actions/small/48x48/transform-shear-down.svg	pass	10391	4236	6155
svgs/oxygen-icons-5.113.0/scalable/actions/small/48x48/transform-shear-left.svg	pass	10673	4199	6474
svgs/oxygen-icons-5.113.0/scalable/actions/small/48x48/transform-shear-right.svg	pass	10083	4198	5885
svgs/oxygen-icons-5.113.0/scalable/actions/small/48x48/transform-shear-up.svg	pass	10386	4224	6162
svgs/oxygen-icons-5.113.0/scalable/actions/small/48x48/view-bank-account-checking.svg	pass	688974	129166	559808
svgs/oxygen-icons-5.113.0/scalable/actions/small/48x48/view-bank-account-savings.svg	pass	322026	191243	130783
svgs/oxygen-icons-5.113.0/scalable/actions/small/48x48/view-bank-account.svg	pass	273521	118354	155167
svgs/oxygen-icons-5.113.0/scalable/actions/small/48x48/view-bank.svg	pass	261302	21763	239539
svgs/oxygen-icons-5.113.0/scalable/actions/small/48x48/view-barcode-add.svg	pass	356366	10048	346318
svgs/oxygen-icons-5.113.0/scalable/actions/small/48x48/view-barcode.svg	pass	71859	3830	68029
svgs/oxygen-icons-5.113.0/scalable/actions/small/48x48/view-calendar-agenda.svg	pass	163079	20593	142486
svgs/oxygen-icons-5.113.0/scalable/actions/small/48x48/view-calendar-birthday.svg	pass	61865	29151	32714
svgs/oxygen-icons-5.113.0/scalable/actions/small/48x48/view-calendar-holiday.svg	pass	51453	18221	33232
svgs/oxygen-icons-5.113.0/scalable/actions/small/48x48/view-calendar-journal.svg	pass	405928	150724	255204
svgs/oxygen-icons-5.113.0/scalable/actions/small/48x48/view-calendar-list.svg	pass	89552	14391	75161
svgs/oxygen-icons-5.113.0/scalable/actions/small/48x48/view-calendar-special-occasion.svg	pass	86671	49484	37187
svgs/oxygen-icons-5.113.0/scalable/actions/small/48x48/view-calendar-tasks.svg	pass	92290	15557	76733
svgs/oxygen-icons-5.113.0/scalable/actions/small/48x48/view-calendar-time-spent.svg	pass	136104	29039	107065
svgs/oxygen-icons-5.113.0/scalable/actions/small/48x48/view-calendar-timeline.svg	pass	63520	13956	49564
svgs/oxygen-icons-5.113.0/scalable/actions/small/48x48/view-calendar-wedding-anniversary.svg	pass	94135	20499	73636
svgs/oxygen-icons-5.113.0/scalable/actions/small/48x48/view-calendar-whatsnext.svg	pass	858071	366333	491738
svgs/oxygen-icons-5.113.0/scalable/actions/small/48x48/view-calendar.svg	pass	86274	36495	49779
svgs/oxygen-icons-5.113.0/scalable/actions/small/48x48/view-catalog.svg	pass	90763	43729	47034
svgs/oxygen-icons-5.113.0/scalable/actions/small/48x48/view-certificate-add.svg	pass	446905	125426	321479
svgs/oxygen-icons-5.113.0/scalable/actions/small/48x48/view-certificate-export-secret.svg	pass	466150	42982	423168
svgs/oxygen-icons-5.113.0/scalable/actions/small/48x48/view-certificate-export-server.svg	pass	1136385	460301	676084
svgs/oxygen-icons-5.113.0/scalable/actions/small/48x48/view-certificate-export.svg	pass	436686	125049	311637
svgs/oxygen-icons-5.113.0/scalable/actions/small/48x48/view-certificate-import.svg	pass	324399	123362	201037
svgs/oxygen-icons-5.113.0/scalable/actions/small/48x48/view-certificate-server-configure.svg	pass	1356732	577749	778983
svgs/oxygen-icons-5.113.0/scalable/actions/small/48x48/view-certificate-sign.svg	pass	469252	140069	329183
svgs/oxygen-icons-5.113.0/scalable/actions/small/48x48/view-certificate.svg	pass	291554	120566	170988
svgs/oxygen-icons-5.113.0/scalable/actions/small/48x48/view-choose.svg	pass	79983	7596	72387
svgs/oxygen-icons-5.113.0/scalable/actions/small/48x48/view-close.svg	pass	43047	3382	39665
svgs/oxygen-icons-5.113.0/scalable/actions/small/48x48/view-conversation-balloon.svg	pass	40311	14735	25576
svgs/oxygen-icons-5.113.0/scalable/actions/small/48x48/view-credit-card-account.svg	pass	325401	196372	129029
svgs/oxygen-icons-5.113.0/scalable/actions/small/48x48/view-currency-list.svg	pass	408472	14985	393487
svgs/oxygen-icons-5.113.0/scalable/actions/small/48x48/view-documents-finances.svg	pass	570402	240722	329680
svgs/oxygen-icons-5.113.0/scalable/actions/small/48x48/view-expenses-categories.svg	pass	371877	151577	220300
svgs/oxygen-icons-5.113.0/scalable/actions/small/48x48/view-file-columns.svg	pass	42822	4418	38404
svgs/oxygen-icons-5.113.0/scalable/actions/small/48x48/view-financial-categories.svg	pass	351946	150960	200986
svgs/oxygen-icons-5.113.0/scalable/actions/small/48x48/view-financial-forecast.svg	pass	18400	8852	9548
svgs/oxygen-icons-5.113.0/scalable/actions/small/48x48/view-financial-list.svg	pass	216060	88398	127662
svgs/oxygen-icons-5.113.0/scalable/actions/small/48x48/view-financial-payment-mode.svg	pass	615902	198937	416965
svgs/oxygen-icons-5.113.0/scalable/actions/small/48x48/view-financial-transfer.svg	pass	532184	67752	464432
svgs/oxygen-icons-5.113.0/scalable/actions/small/48x48/view-form-action.svg	pass	234231	19087	215144
svgs/oxygen-icons-5.113.0/scalable/actions/small/48x48/view-form-table.svg	pass	219097	8626	210471
svgs/oxygen-icons-5.113.0/scalable/actions/small/48x48/view-form.svg	pass	125324	13019	112305
svgs/oxygen-icons-5.113.0/scalable/actions/small/48x48/view-fullscreen.svg	pass	260004	4297	255707
svgs/oxygen-icons-5.113.0/scalable/actions/small/48x48/view-grid.svg	pass	27490	13203	14287
svgs/oxygen-icons-5.113.0/scalable/actions/small/48x48/view-group.svg	pass	99113	19807	79306
svgs/oxygen-icons-5.113.0/scalable/actions/small/48x48/view-income-categories.svg	pass	197367	130702	66665
svgs/oxygen-icons-5.113.0/scalable/actions/small/48x48/view-investment-account.svg	pass	1679572	746817	932755
svgs/oxygen-icons-5.113.0/scalable/actions/small/48x48/view-investment.svg	pass	552599	99548	453051
svgs/oxygen-icons-5.113.0/scalable/actions/small/48x48/view-ldap-resource.svg	pass	1659916	858552	801364
svgs/oxygen-icons-5.113.0/scalable/actions/small/48x48/view-left-close.svg	pass	45236	5244	39992
svgs/oxygen-icons-5.113.0/scalable/actions/small/48x48/view-list-details.svg	pass	79361	7035	72326
svgs/oxygen-icons-5.113.0/scalable/actions/small/48x48/view-list-text.svg	pass	79266	7159	72107
svgs/oxygen-icons-5.113.0/scalable/actions/small/48x48/view-list-tree.svg	pass	79017	6749	72268
svgs/oxygen-icons-5.113.0/scalable/actions/small/48x48/view-loan-asset.svg	pass	549832	122251	427581
svgs/oxygen-icons-5.113.0/scalable/actions/small/48x48/view-loan.svg	pass	547292	121335	425957
svgs/oxygen-icons-5.113.0/scalable/actions/small/48x48/view-media-equalizer.svg	pass	72708	6924	65784
svgs/oxygen-icons-5.113.0/scalable/actions/small/48x48/view-media-lyrics.svg	pass	269874	86342	183532
svgs/oxygen-icons-5.113.0/scalable/actions/small/48x48/view-media-playlist.svg	pass	311055	73002	238053
svgs/oxygen-icons-5.113.0/scalable/actions/small/48x48/view-multiple-objects.svg	pass	31283	6287	24996
svgs/oxygen-icons-5.113.0/scalable/actions/small/48x48/view-pim-contacts.svg	pass	271512	110345	161167
svgs/oxygen-icons-5.113.0/scalable/actions/small/48x48/view-pim-journal.svg	pass	153969	16471	137498
svgs/oxygen-icons-5.113.0/scalable/actions/small/48x48/view-pim-news.svg	pass	407441	7566	399875
svgs/oxygen-icons-5.113.0/scalable/actions/small/48x48/view-pim-tasks-pending.svg	pass	170248	26743	143505
svgs/oxygen-icons-5.113.0/scalable/actions/small/48x48/view-pim-tasks.svg	pass	160274	16450	143824
svgs/oxygen-icons-5.113.0/scalable/actions/small/48x48/view-preview.svg	pass	114212	38731	75481
svgs/oxygen-icons-5.113.0/scalable/actions/small/48x48/view-resource-calendar.svg	pass	210124	40820	169304
svgs/oxygen-icons-5.113.0/scalable/actions/small/48x48/view-restore.svg	pass	264196	4302	259894
svgs/oxygen-icons-5.113.0/scalable/actions/small/48x48/view-right-close.svg	pass	46612	5070	41542
svgs/oxygen-icons-5.113.0/scalable/actions/small/48x48/view-right-new.svg	pass	41883	5111	36772
svgs/oxygen-icons-5.113.0/scalable/actions/small/48x48/view-sidetree.svg	pass	81557	8254	73303
svgs/oxygen-icons-5.113.0/scalable/actions/small/48x48/view-split-left-right.svg	pass	43407	3977	39430
svgs/oxygen-icons-5.113.0/scalable/actions/small/48x48/view-split-top-bottom.svg	pass	43409	3983	39426
svgs/oxygen-icons-5.113.0/scalable/actions/small/48x48/view-stock-account.svg	pass	951554	375443	576111
svgs/oxygen-icons-5.113.0/scalable/actions/small/48x48/view-table-of-contents-ltr.svg	mismatch	23273	14604	8669
svgs/oxygen-icons-5.113.0/scalable/actions/small/48x48/view-table-of-contents-rtl.svg	pass	25474	14951	10523
svgs/oxygen-icons-5.113.0/scalable/actions/small/48x48/view-task-add.svg	pass	213444	24110	189334
svgs/oxygen-icons-5.113.0/scalable/actions/small/48x48/view-task-child-add.svg	pass	94518	16498	78020
svgs/oxygen-icons-5.113.0/scalable/actions/small/48x48/view-task-child.svg	pass	85126	12331	72795
svgs/oxygen-icons-5.113.0/scalable/actions/small/48x48/view-time-schedule-baselined-add.svg	pass	430214	150471	279743
svgs/oxygen-icons-5.113.0/scalable/actions/small/48x48/view-time-schedule-baselined-remove.svg	pass	432455	154574	277881
svgs/oxygen-icons-5.113.0/scalable/actions/small/48x48/view-time-schedule-baselined.svg	pass	266452	144717	121735
svgs/oxygen-icons-5.113.0/scalable/actions/small/48x48/view-time-schedule-calculus.svg	mismatch	115007	45066	69941
svgs/oxygen-icons-5.113.0/scalable/actions/small/48x48/view-time-schedule-child-insert.svg	pass	140240	15374	124866
svgs/oxygen-icons-5.113.0/scalable/actions/small/48x48/view-time-schedule-edit.svg	pass	92174	21338	70836
svgs/oxygen-icons-5.113.0/scalable/actions/small/48x48/view-time-schedule-insert.svg	pass	78980	12250	66730
svgs/oxygen-icons-5.113.0/scalable/actions/small/48x48/view-time-schedule.svg	pass	71249	8084	63165
svgs/oxygen-icons-5.113.0/scalable/actions/small/48x48/window-duplicate.svg	pass	48016	5966	42050
svgs/oxygen-icons-5.113.0/scalable/actions/small/48x48/window-new.svg	pass	89650	7281	82369
svgs/oxygen-icons-5.113.0/scalable/actions/small/48x48/zoom-1-to-2.svg	pass	31716	12718	18998
svgs/oxygen-icons-5.113.0/scalable/actions/small/48x48/zoom-2-to-1.svg	pass	31708	12748	18960
svgs/oxygen-icons-5.113.0/scalable/actions/small/48x48/zoom-draw.svg	pass	41412	12424	28988
svgs/oxygen-icons-5.113.0/scalable/actions/small/48x48/zoom-fit-best.svg	pass	35958	6417	29541
svgs/oxygen-icons-5.113.0/scalable/actions/small/48x48/zoom-fit-height.svg	pass	36482	6424	30058
svgs/oxygen-icons-5.113.0/scalable/actions/small/48x48/zoom-fit-width.svg	pass	35741	6414	29327
svgs/oxygen-icons-5.113.0/scalable/actions/small/48x48/zoom-in.svg	pass	39833	14791	25042
svgs/oxygen-icons-5.113.0/scalable/actions/small/48x48/zoom-next.svg	pass	33493	11071	22422
svgs/oxygen-icons-5.113.0/scalable/actions/small/48x48/zoom-original.svg	pass	28646	11667	16979
svgs/oxygen-icons-5.113.0/scalable/actions/small/48x48/zoom-out.svg	pass	28573	11849	16724
svgs/oxygen-icons-5.113.0/scalable/actions/small/48x48/zoom-previous.svg	pass	31160	11096	20064
svgs/oxygen-icons-5.113.0/scalable/actions/small/48x48/zoom-select.svg	pass	209632	19413	190219
svgs/oxygen-icons-5.113.0/scalable/actions/speaker.svg	pass	45532	9689	35843
svgs/oxygen-icons-5.113.0/scalable/actions/svn-commit.svg	pass	283877	28788	255089
svgs/oxygen-icons-5.113.0/scalable/actions/svn-update.svg	pass	151186	28728	122458
svgs/oxygen-icons-5.113.0/scalable/actions/system-lock-screen.svg	pass	25449	13609	11840
svgs/oxygen-icons-5.113.0/scalable/actions/system-log-out.svg	pass	39109	15445	23664
svgs/oxygen-icons-5.113.0/scalable/actions/system-reboot.svg	pass	34928	12773	22155
svgs/oxygen-icons-5.113.0/scalable/actions/system-run.svg	pass	85114	47171	37943
svgs/oxygen-icons-5.113.0/scalable/actions/system-search.svg	pass	228793	105933	122860
svgs/oxygen-icons-5.113.0/scalable/actions/system-shutdown.svg	pass	30109	14973	15136
svgs/oxygen-icons-5.113.0/scalable/actions/system-suspend-hibernate.svg	pass	40128	17033	23095
svgs/oxygen-icons-5.113.0/scalable/actions/system-suspend.svg	pass	39678	13015	26663
svgs/oxygen-icons-5.113.0/scalable/actions/system-switch-user.svg	pass	77244	18745	58499
svgs/oxygen-icons-5.113.0/scalable/actions/tab-close-other.svg	pass	198175	15944	182231
svgs/oxygen-icons-5.113.0/scalable/actions/tab-close.svg	pass	206097	15722	190375
svgs/oxygen-icons-5.113.0/scalable/actions/tab-detach.svg	pass	42942	7347	35595
svgs/oxygen-icons-5.113.0/scalable/actions/tab-duplicate.svg	pass	45282	7337	37945
svgs/oxygen-icons-5.113.0/scalable/actions/tab-new-background.svg	pass	47161	6201	40960
svgs/oxygen-icons-5.113.0/scalable/actions/tab-new.svg	pass	49154	8361	40793
svgs/oxygen-icons-5.113.0/scalable/actions/text-speak.svg	pass	12371	6410	5961
svgs/oxygen-icons-5.113.0/scalable/actions/tool-animator.svg	pass	46860	16129	30731
svgs/oxygen-icons-5.113.0/scalable/actions/tools-media-optical-burn-image.svg	pass	78037	42084	35953
svgs/oxygen-icons-5.113.0/scalable/actions/tools-media-optical-burn.svg	pass	75170	43630	31540
svgs/oxygen-icons-5.113.0/scalable/actions/tools-media-optical-copy.svg	pass	54928	29229	25699
svgs/oxygen-icons-5.113.0/scalable/actions/tools-media-optical-erase.svg	pass	126980	25149	101831
svgs/oxygen-icons-5.113.0/scalable/actions/tools-media-optical-format.svg	pass	60877	32884	27993
svgs/oxygen-icons-5.113.0/scalable/actions/tools-report-bug.svg	pass	127095	58508	68587
svgs/oxygen-icons-5.113.0/scalable/actions/tools-rip-audio-cd.svg	pass	168207	50507	117700
svgs/oxygen-icons-5.113.0/scalable/actions/tools-rip-video-cd.svg	pass	196788	38805	157983
svgs/oxygen-icons-5.113.0/scalable/actions/tools-rip-video-dvd.svg	pass	213001	42666	170335
svgs/oxygen-icons-5.113.0/scalable/actions/tools-wizard.svg	pass	99990	53176	46814
svgs/oxygen-icons-5.113.0/scalable/actions/transform-crop-and-resize.svg	pass	166111	11562	154549
svgs/oxygen-icons-5.113.0/scalable/actions/transform-crop.svg	pass	21822	10022	11800
svgs/oxygen-icons-5.113.0/scalable/actions/transform-move.svg	pass	132098	11064	121034
svgs/oxygen-icons-5.113.0/scalable/actions/transform-rotate.svg	pass	12352	4761	7591
svgs/oxygen-icons-5.113.0/scalable/actions/transform-scale.svg	pass	19368	6165	13203
svgs/oxygen-icons-5.113.0/scalable/actions/trash-empty.svg	pass	250909	9273	241636
svgs/oxygen-icons-5.113.0/scalable/actions/user-group-delete.svg	pass	164501	90505	73996
svgs/oxygen-icons-5.113.0/scalable/actions/user-group-new.svg	pass	545586	85058	460528
svgs/oxygen-icons-5.113.0/scalable/actions/user-group-properties.svg	pass	760054	114374	645680
svgs/oxygen-icons-5.113.0/scalable/actions/user-properties.svg	pass	96973	53989	42984
svgs/oxygen-icons-5.113.0/scalable/actions/view-calendar-day.svg	pass	72806	34864	37942
svgs/oxygen-icons-5.113.0/scalable/actions/view-calendar-list.svg	pass	80422	35040	45382
svgs/oxygen-icons-5.113.0/scalable/actions/view-calendar-month.svg	pass	104092	51959	52133
svgs/oxygen-icons-5.113.0/scalable/actions/view-calendar-tasks.svg	pass	78834	34099	44735
svgs/oxygen-icons-5.113.0/scalable/actions/view-calendar-timeline.svg	pass	79742	38853	40889
svgs/oxygen-icons-5.113.0/scalable/actions/view-calendar-upcoming-days.svg	pass	75626	35962	39664
svgs/oxygen-icons-5.113.0/scalable/actions/view-calendar-upcoming-events.svg	pass	78380	34376	44004
svgs/oxygen-icons-5.113.0/scalable/actions/view-calendar-week.svg	pass	78530	38116	40414
svgs/oxygen-icons-5.113.0/scalable/actions/view-calendar-workweek.svg	pass	77477	37034	40443
svgs/oxygen-icons-5.113.0/scalable/actions/view-calendar.svg	pass	85429	34219	51210
svgs/oxygen-icons-5.113.0/scalable/actions/view-choose.svg	pass	75076	7223	67853
svgs/oxygen-icons-5.113.0/scalable/actions/view-close.svg	pass	80103	7226	72877
svgs/oxygen-icons-5.113.0/scalable/actions/view-conversation-balloon.svg	pass	28318	14741	13577
svgs/oxygen-icons-5.113.0/scalable/actions/view-file-columns.svg	pass	80802	8214	72588
svgs/oxygen-icons-5.113.0/scalable/actions/view-filter.svg	pass	29560	12119	17441
svgs/oxygen-icons-5.113.0/scalable/actions/view-fullscreen.svg	pass	323718	5177	318541
svgs/oxygen-icons-5.113.0/scalable/actions/view-history.svg	pass	39464	19258	20206
svgs/oxygen-icons-5.113.0/scalable/actions/view-left-close.svg	pass	83143	9107	74036
svgs/oxygen-icons-5.113.0/scalable/actions/view-list-details.svg	pass	84823	11140	73683
svgs/oxygen-icons-5.113.0/scalable/actions/view-list-icons.svg	pass	83279	10099	73180
svgs/oxygen-icons-5.113.0/scalable/actions/view-list-text.svg	pass	82621	8904	73717
svgs/oxygen-icons-5.113.0/scalable/actions/view-list-tree.svg	pass	74903	6642	68261
svgs/oxygen-icons-5.113.0/scalable/actions/view-media-artist.svg	pass	21163	8834	12329
svgs/oxygen-icons-5.113.0/scalable/actions/view-media-equalizer.svg	pass	38266	19887	18379
svgs/oxygen-icons-5.113.0/scalable/actions/view-media-lyrics.svg	pass	262605	74228	188377
svgs/oxygen-icons-5.113.0/scalable/actions/view-media-playlist.svg	pass	211021	66463	144558
svgs/oxygen-icons-5.113.0/scalable/actions/view-media-visualization.svg	pass	54175	23613	30562
svgs/oxygen-icons-5.113.0/scalable/actions/view-object-histogram-linear.svg	pass	22331	10430	11901
svgs/oxygen-icons-5.113.0/scalable/actions/view-object-histogram-logarithmic.svg	pass	18380	7896	10484
svgs/oxygen-icons-5.113.0/scalable/actions/view-pim-calendar.svg	pass	218256	11106	207150
svgs/oxygen-icons-5.113.0/scalable/actions/view-pim-contacts.svg	pass	244012	112758	131254
svgs/oxygen-icons-5.113.0/scalable/actions/view-pim-journal.svg	pass	147028	62758	84270
svgs/oxygen-icons-5.113.0/scalable/actions/view-pim-mail.svg	pass	215980	58560	157420
svgs/oxygen-icons-5.113.0/scalable/actions/view-pim-notes.svg	pass	45512	7793	37719
svgs/oxygen-icons-5.113.0/scalable/actions/view-pim-summary.svg	pass	281956	80086	201870
svgs/oxygen-icons-5.113.0/scalable/actions/view-presentation.svg	pass	90856	9826	81030
svgs/oxygen-icons-5.113.0/scalable/actions/view-preview.svg	pass	114158	38709	75449
svgs/oxygen-icons-5.113.0/scalable/actions/view-process-all-tree.svg	pass	20197	4052	16145
svgs/oxygen-icons-5.113.0/scalable/actions/view-process-all.svg	pass	20352	3895	16457
svgs/oxygen-icons-5.113.0/scalable/actions/view-process-own.svg	pass	17701	7177	10524
svgs/oxygen-icons-5.113.0/scalable/actions/view-process-system.svg	pass	19757	8516	11241
svgs/oxygen-icons-5.113.0/scalable/actions/view-process-users.svg	pass	31893	10710	21183
svgs/oxygen-icons-5.113.0/scalable/actions/view-refresh.svg	pass	58545	16370	42175
svgs/oxygen-icons-5.113.0/scalable/actions/view-restore.svg	pass	323002	5382	317620
svgs/oxygen-icons-5.113.0/scalable/actions/view-right-close.svg	pass	82960	8958	74002
svgs/oxygen-icons-5.113.0/scalable/actions/view-right-new.svg	pass	83139	8985	74154
svgs/oxygen-icons-5.113.0/scalable/actions/view-sidetree.svg	pass	76851	7924	68927
svgs/oxygen-icons-5.113.0/scalable/actions/view-sort-ascending.svg	pass	17679	7139	10540
svgs/oxygen-icons-5.113.0/scalable/actions/view-sort-descending.svg	pass	18405	7205	11200
svgs/oxygen-icons-5.113.0/scalable/actions/view-split-left-right.svg	pass	80134	7800	72334
svgs/oxygen-icons-5.113.0/scalable/actions/view-split-top-bottom.svg	pass	80130	7809	72321
svgs/oxygen-icons-5.113.0/scalable/actions/view-statistics.svg	pass	47293	15963	31330
svgs/oxygen-icons-5.113.0/scalable/actions/view-web-browser-dom-tree.svg	pass	107108	51702	55406
svgs/oxygen-icons-5.113.0/scalable/actions/window-close.svg	pass	12793	4469	8324
svgs/oxygen-icons-5.113.0/scalable/actions/window-duplicate.svg	pass	97989	11838	86151
svgs/oxygen-icons-5.113.0/scalable/actions/window-new.svg	pass	91345	11625	79720
svgs/oxygen-icons-5.113.0/scalable/actions/zoom-fit-best.svg	pass	34937	5967	28970
svgs/oxygen-icons-5.113.0/scalable/actions/zoom-fit-height.svg	pass	35172	5975	29197
svgs/oxygen-icons-5.113.0/scalable/actions/zoom-fit-width.svg	pass	34672	5966	28706
svgs/oxygen-icons-5.113.0/scalable/applets/applets-template.svg	pass	80396	35385	45011
svgs/oxygen-icons-5.113.0/scalable/applets/org.kde.ktpcontactlist.svg	pass	204341	90203	114138
svgs/oxygen-icons-5.113.0/scalable/applets/org.kde.muonnotifier.svg	pass	1059605	411212	648393
svgs/oxygen-icons-5.113.0/scalable/applets/org.kde.plasma.activitybar.svg	pass	133068	56629	76439
svgs/oxygen-icons-5.113.0/scalable/applets/org.kde.plasma.analogclock.svg	pass	227390	158811	68579
svgs/oxygen-icons-5.113.0/scalable/applets/org.kde.plasma.battery.svg	pass	160599	87067	73532
svgs/oxygen-icons-5.113.0/scalable/applets/org.kde.plasma.binaryclock.svg	pass	127028	42527	84501
svgs/oxygen-icons-5.113.0/scalable/applets/org.kde.plasma.calculator.svg	pass	158494	58734	99760
svgs/oxygen-icons-5.113.0/scalable/applets/org.kde.plasma.calendar.svg	pass	172154	103425	68729
svgs/oxygen-icons-5.113.0/scalable/applets/org.kde.plasma.clipboard.svg	mismatch	1790370	1041318	749052
svgs/oxygen-icons-5.113.0/scalable/applets/org.kde.plasma.colorpicker.svg	pass	165297	55827	109470
svgs/oxygen-icons-5.113.0/scalable/applets/org.kde.plasma.comic.svg	pass	237529	107136	130393
svgs/oxygen-icons-5.113.0/scalable/applets/org.kde.plasma.devicenotifier.svg	mismatch	722413	339158	383255
svgs/oxygen-icons-5.113.0/scalable/applets/org.kde.plasma.digitalclock.svg	pass	116141	45990	70151
svgs/oxygen-icons-5.113.0/scalable/applets/org.kde.plasma.fifteenpuzzle.svg	pass	153041	66366	86675
svgs/oxygen-icons-5.113.0/scalable/applets/org.kde.plasma.folder.svg	pass	1735976	1343121	392855
svgs/oxygen-icons-5.113.0/scalable/applets/org.kde.plasma.frame.svg	pass	112280	48971	63309
svgs/oxygen-icons-5.113.0/scalable/applets/org.kde.plasma.fuzzyclock.svg	pass	113678	43758	69920
svgs/oxygen-icons-5.113.0/scalable/applets/org.kde.plasma.icontasks.svg	mismatch	2246526	1154059	1092467
svgs/oxygen-icons-5.113.0/scalable/applets/org.kde.plasma.kicker.svg	pass	1016329	440131	576198
svgs/oxygen-icons-5.113.0/scalable/applets/org.kde.plasma.kickerdash.svg	mismatch	1942311	930218	1012093
svgs/oxygen-icons-5.113.0/scalable/applets/org.kde.plasma.kickoff.svg	pass	1109725	459426	650299
svgs/oxygen-icons-5.113.0/scalable/applets/org.kde.plasma.mediacontroller.svg	pass	462037	110435	351602
svgs/oxygen-icons-5.113.0/scalable/applets/org.kde.plasma.networkmanagement.svg	pass	407625	193607	214018
svgs/oxygen-icons-5.113.0/scalable/applets/org.kde.plasma.notes.svg	pass	159739	74973	84766
svgs/oxygen-icons-5.113.0/scalable/applets/org.kde.plasma.pager.svg	pass	225748	118396	107352
svgs/oxygen-icons-5.113.0/scalable/applets/org.kde.plasma.quicklaunch.svg	mismatch	1432502	682590	749912
svgs/oxygen-icons-5.113.0/scalable/applets/org.kde.plasma.showActivityManager.svg	pass	1683782	755557	928225
svgs/oxygen-icons-5.113.0/scalable/applets/org.kde.plasma.systemloadviewer.svg	pass	168621	56752	111869
svgs/oxygen-icons-5.113.0/scalable/applets/org.kde.plasma.systemmonitor.cpu.svg	pass	602370	261198	341172
svgs/oxygen-icons-5.113.0/scalable/applets/org.kde.plasma.systemmonitor.diskactivity.svg	pass	640174	296641	343533
svgs/oxygen-icons-5.113.0/scalable/applets/org.kde.plasma.systemmonitor.diskusage.svg	pass	428373	102528	325845
svgs/oxygen-icons-5.113.0/scalable/applets/org.kde.plasma.systemmonitor.memory.svg	pass	633804	295275	338529
svgs/oxygen-icons-5.113.0/scalable/applets/org.kde.plasma.systemmonitor.net.svg	pass	401451	94788	306663
svgs/oxygen-icons-5.113.0/scalable/applets/org.kde.plasma.systemtray.svg	pass	1469879	762843	707036
svgs/oxygen-icons-5.113.0/scalable/applets/org.kde.plasma.taskmanager.svg	pass	734583	314819	419764
svgs/oxygen-icons-5.113.0/scalable/applets/org.kde.plasma.timer.svg	pass	107550	44401	63149
svgs/oxygen-icons-5.113.0/scalable/applets/org.kde.plasma.userswitcher.svg	pass	286654	127084	159570
svgs/oxygen-icons-5.113.0/scalable/applets/org.kde.plasma.volume.svg	pass	464827	111670	353157
svgs/oxygen-icons-5.113.0/scalable/applets/org.kde.plasma.windowlist.svg	pass	756492	315916	440576
svgs/oxygen-icons-5.113.0/scalable/apps/Charm.svg	pass	253293	149208	104085
svgs/oxygen-icons-5.113.0/scalable/apps/accessories-calculator.svg	pass	78354	36623	41731
svgs/oxygen-icons-5.113.0/scalable/apps/accessories-character-map.svg	pass	20264	8874	11390
svgs/oxygen-icons-5.113.0/scalable/apps/accessories-dictionary.svg	pass	51701	31124	20577
svgs/oxygen-icons-5.113.0/scalable/apps/accessories-text-editor.svg	pass	548091	195379	352712
svgs/oxygen-icons-5.113.0/scalable/apps/acroread.svg	pass	62588	35292	27296
svgs/oxygen-icons-5.113.0/scalable/apps/akonadi.svg	pass	74767	38674	36093
svgs/oxygen-icons-5.113.0/scalable/apps/akregator.svg	pass	79369	45843	33526
svgs/oxygen-icons-5.113.0/scalable/apps/ark.svg	pass	274746	124414	150332
svgs/oxygen-icons-5.113.0/scalable/apps/artikulate.svg	pass	39788	22653	17135
svgs/oxygen-icons-5.113.0/scalable/apps/basket.svg	mismatch	41012	22493	18519
svgs/oxygen-icons-5.113.0/scalable/apps/braindump.svg	pass	52570	7379	45191
svgs/oxygen-icons-5.113.0/scalable/apps/calligraauthor.svg	mismatch	95946	14524	81422
svgs/oxygen-icons-5.113.0/scalable/apps/calligraflow.svg	pass	73998	5743	68255
svgs/oxygen-icons-5.113.0/scalable/apps/calligrakexi.svg	pass	56769	5204	51565
svgs/oxygen-icons-5.113.0/scalable/apps/calligrasheets.svg	pass	58805	7923	50882
svgs/oxygen-icons-5.113.0/scalable/apps/calligrastage.svg	pass	74359	9635	64724
svgs/oxygen-icons-5.113.0/scalable/apps/calligrawords.svg	pass	81395	15801	65594
svgs/oxygen-icons-5.113.0/scalable/apps/clock.svg	pass	32526	11849	20677
svgs/oxygen-icons-5.113.0/scalable/apps/device-notifier.svg	pass	145185	104481	40704
svgs/oxygen-icons-5.113.0/scalable/apps/digikam.svg	mismatch	30053	16938	13115
svgs/oxygen-icons-5.113.0/scalable/apps/dragonplayer.svg	pass	117671	62381	55290
svgs/oxygen-icons-5.113.0/scalable/apps/esd.svg	pass	2322919	1270642	1052277
svgs/oxygen-icons-5.113.0/scalable/apps/fontforge.svg	pass	53168	27076	26092
svgs/oxygen-icons-5.113.0/scalable/apps/graphics-viewer-document.svg	pass	99965	47813	52152
svgs/oxygen-icons-5.113.0/scalable/apps/hardware.svg	mismatch	254319	105143	149176
svgs/oxygen-icons-5.113.0/scalable/apps/help-browser.svg	pass	444600	93509	351091
svgs/oxygen-icons-5.113.0/scalable/apps/hidef/Charm.svg	pass	255218	149699	105519
svgs/oxygen-icons-5.113.0/scalable/apps/hidef/accessories-calculator.svg	pass	76652	35436	41216
svgs/oxygen-icons-5.113.0/scalable/apps/hidef/accessories-dictionary.svg	pass	100923	70476	30447
svgs/oxygen-icons-5.113.0/scalable/apps/hidef/internet-web-browser.svg	pass	628792	340858	287934
svgs/oxygen-icons-5.113.0/scalable/apps/hidef/kdevelop.svg	pass	225975	32898	193077
svgs/oxygen-icons-5.113.0/scalable/apps/hidef/kmag.svg	pass	678977	66695	612282
svgs/oxygen-icons-5.113.0/scalable/apps/hidef/kmail2.svg	pass	167932	85255	82677
svgs/oxygen-icons-5.113.0/scalable/apps/hidef/kwalletmanager.svg	pass	167132	136174	30958
svgs/oxygen-icons-5.113.0/scalable/apps/hidef/mameexecutor.svg	pass	349016	153283	195733
svgs/oxygen-icons-5.113.0/scalable/apps/hidef/multimedia-volume-control.svg	pass	387472	166231	221241
svgs/oxygen-icons-5.113.0/scalable/apps/hidef/picmi.svg	pass	58936	35464	23472
svgs/oxygen-icons-5.113.0/scalable/apps/hidef/preferences-desktop-display-color.svg	pass	228902	77905	150997
svgs/oxygen-icons-5.113.0/scalable/apps/hidef/preferences-desktop-display.svg	pass	1304901	1175801	129100
svgs/oxygen-icons-5.113.0/scalable/apps/hidef/preferences-desktop-locale.svg	mismatch	142908	105179	37729
svgs/oxygen-icons-5.113.0/scalable/apps/hidef/preferences-desktop-thunderbolt.svg	pass	151997	124100	27897
svgs/oxygen-icons-5.113.0/scalable/apps/hidef/preferences-system-bluetooth.svg	pass	20519	7331	13188
svgs/oxygen-icons-5.113.0/scalable/apps/hidef/preferences-system-login.svg	pass	1307704	1177576	130128
svgs/oxygen-icons-5.113.0/scalable/apps/hidef/preferences-system-network-ethernet.svg	pass	274806	236682	38124
svgs/oxygen-icons-5.113.0/scalable/apps/hidef/qelectrotech.svg	pass	158591	129196	29395
svgs/oxygen-icons-5.113.0/scalable/apps/hidef/yakuake.svg	pass	176701	10246	166455
svgs/oxygen-icons-5.113.0/scalable/apps/hwinfo.svg	mismatch	265753	115265	150488
svgs/oxygen-icons-5.113.0/scalable/apps/inkscape.svg	pass	33428	16762	16666
svgs/oxygen-icons-5.113.0/scalable/apps/internet-mail.svg	pass	145510	78202	67308
svgs/oxygen-icons-5.113.0/scalable/apps/internet-telephony.svg	pass	51252	34823	16429
svgs/oxygen-icons-5.113.0/scalable/apps/internet-web-browser.svg	pass	731481	341063	390418
svgs/oxygen-icons-5.113.0/scalable/apps/java.svg	pass	32338	16163	16175
svgs/oxygen-icons-5.113.0/scalable/apps/k3b.svg	pass	862382	162773	699609
svgs/oxygen-icons-5.113.0/scalable/apps/kaffeine.svg	pass	63978	30059	33919
svgs/oxygen-icons-5.113.0/scalable/apps/kalarm.svg	pass	21774	16904	4870
svgs/oxygen-icons-5.113.0/scalable/apps/kblogger.svg	pass	119393	30459	88934
svgs/oxygen-icons-5.113.0/scalable/apps/kbruch.svg	pass	541215	141029	400186
svgs/oxygen-icons-5.113.0/scalable/apps/kbugbuster.svg	pass	127095	58508	68587
svgs/oxygen-icons-5.113.0/scalable/apps/kchart.svg	pass	190110	32079	158031
svgs/oxygen-icons-5.113.0/scalable/apps/kcolorchooser.svg	pass	42920	24191	18729
svgs/oxygen-icons-5.113.0/scalable/apps/kde-gtk-config.svg	mismatch	20617	7434	13183
svgs/oxygen-icons-5.113.0/scalable/apps/kde-windows.svg	pass	151928	127964	23964
svgs/oxygen-icons-5.113.0/scalable/apps/kde.svg	pass	20765	8265	12500
svgs/oxygen-icons-5.113.0/scalable/apps/kdevelop.svg	pass	227969	32911	195058
svgs/oxygen-icons-5.113.0/scalable/apps/kdf.svg	pass	54488	10485	44003
svgs/oxygen-icons-5.113.0/scalable/apps/kformula.svg	pass	578059	191725	386334
svgs/oxygen-icons-5.113.0/scalable/apps/kig.svg	pass	180534	130575	49959
svgs/oxygen-icons-5.113.0/scalable/apps/kivio.svg	pass	185364	45642	139722
svgs/oxygen-icons-5.113.0/scalable/apps/kjournal.svg	mismatch	147084	62572	84512
svgs/oxygen-icons-5.113.0/scalable/apps/klipper.svg	pass	93843	16742	77101
svgs/oxygen-icons-5.113.0/scalable/apps/kmag.svg	pass	150810	65549	85261
svgs/oxygen-icons-5.113.0/scalable/apps/kmail2.svg	pass	155018	80482	74536
svgs/oxygen-icons-5.113.0/scalable/apps/kmplayer.svg	pass	115630	54483	61147
svgs/oxygen-icons-5.113.0/scalable/apps/kmymoney.svg	mismatch	338454	197863	140591
svgs/oxygen-icons-5.113.0/scalable/apps/knewsticker.svg	pass	506437	241904	264533
svgs/oxygen-icons-5.113.0/scalable/apps/knotes.svg	pass	47340	17460	29880
svgs/oxygen-icons-5.113.0/scalable/apps/kolf.svg	pass	157367	87326	70041
svgs/oxygen-icons-5.113.0/scalable/apps/konqueror.svg	pass	220310	68578	151732
svgs/oxygen-icons-5.113.0/scalable/apps/kontact-import-wizard.svg	pass	45275	20155	25120
svgs/oxygen-icons-5.113.0/scalable/apps/kontact.svg	pass	269138	101944	167194
svgs/oxygen-icons-5.113.0/scalable/apps/konversation.svg	pass	42468	19893	22575
svgs/oxygen-icons-5.113.0/scalable/apps/kopete-offline.svg	pass	16580	8251	8329
svgs/oxygen-icons-5.113.0/scalable/apps/kopete.svg	pass	14606	8220	6386
svgs/oxygen-icons-5.113.0/scalable/apps/korgac.svg	pass	121189	60113	61076
svgs/oxygen-icons-5.113.0/scalable/apps/kplato.svg	mismatch	72676	38198	34478
svgs/oxygen-icons-5.113.0/scalable/apps/kpresenter.svg	pass	69116	36957	32159
svgs/oxygen-icons-5.113.0/scalable/apps/krdc.svg	pass	1631340	812885	818455
svgs/oxygen-icons-5.113.0/scalable/apps/krfb.svg	mismatch	1552686	762623	790063
svgs/oxygen-icons-5.113.0/scalable/apps/ksnapshot.svg	pass	294087	39142	254945
svgs/oxygen-icons-5.113.0/scalable/apps/ksniffer.svg	pass	157086	92323	64763
svgs/oxygen-icons-5.113.0/scalable/apps/kspread.svg	pass	116494	57648	58846
svgs/oxygen-icons-5.113.0/scalable/apps/ksudoku.svg	mismatch	86569	10254	76315
svgs/oxygen-icons-5.113.0/scalable/apps/kthesaurus.svg	pass	47781	22689	25092
svgs/oxygen-icons-5.113.0/scalable/apps/ktip.svg	pass	69136	28981	40155
svgs/oxygen-icons-5.113.0/scalable/apps/ktorrent.svg	pass	314734	151113	163621
svgs/oxygen-icons-5.113.0/scalable/apps/kuickshow.svg	pass	151269	71462	79807
svgs/oxygen-icons-5.113.0/scalable/apps/kverbos.svg	pass	190770	111159	79611
svgs/oxygen-icons-5.113.0/scalable/apps/kwalletmanager.svg	pass	462033	119356	342677
svgs/oxygen-icons-5.113.0/scalable/apps/kword.svg	pass	999875	392624	607251
svgs/oxygen-icons-5.113.0/scalable/apps/lokalize.svg	pass	160874	74167	86707
svgs/oxygen-icons-5.113.0/scalable/apps/mameexecutor.svg	pass	348156	152701	195455
svgs/oxygen-icons-5.113.0/scalable/apps/multimedia-volume-control.svg	pass	414114	77534	336580
svgs/oxygen-icons-5.113.0/scalable/apps/muondiscover.svg	pass	562459	417945	144514
svgs/oxygen-icons-5.113.0/scalable/apps/nepomuk.svg	pass	163967	55601	108366
svgs/oxygen-icons-5.113.0/scalable/apps/office-address-book.svg	pass	100064	35186	64878
svgs/oxygen-icons-5.113.0/scalable/apps/office-calendar.svg	pass	97737	48512	49225
svgs/oxygen-icons-5.113.0/scalable/apps/okteta.svg	mismatch	351751	75435	276316
svgs/oxygen-icons-5.113.0/scalable/apps/okular.svg	pass	99965	47813	52152
svgs/oxygen-icons-5.113.0/scalable/apps/oxygen.svg	pass	20662	9724	10938
svgs/oxygen-icons-5.113.0/scalable/apps/partitionmanager.svg	pass	75907	44366	31541
svgs/oxygen-icons-5.113.0/scalable/apps/picmi.svg	mismatch	60607	37747	22860
svgs/oxygen-icons-5.113.0/scalable/apps/planner.svg	pass	204796	143659	61137
svgs/oxygen-icons-5.113.0/scalable/apps/plasma.svg	pass	53335	19385	33950
svgs/oxygen-icons-5.113.0/scalable/apps/plasmagik.svg	pass	99990	53176	46814
svgs/oxygen-icons-5.113.0/scalable/apps/preferences-contact-list.svg	pass	283374	64457	218917
svgs/oxygen-icons-5.113.0/scalable/apps/preferences-desktop-accessibility.svg	pass	57680	11959	45721
svgs/oxygen-icons-5.113.0/scalable/apps/preferences-desktop-color.svg	pass	54175	23613	30562
svgs/oxygen-icons-5.113.0/scalable/apps/preferences-desktop-cryptography.svg	pass	314235	204721	109514
svgs/oxygen-icons-5.113.0/scalable/apps/preferences-desktop-default-applications.svg	pass	288918	246077	42841
svgs/oxygen-icons-5.113.0/scalable/apps/preferences-desktop-display-color.svg	pass	233169	78024	155145
svgs/oxygen-icons-5.113.0/scalable/apps/preferences-desktop-display.svg	pass	1304483	1175399	129084
svgs/oxygen-icons-5.113.0/scalable/apps/preferences-desktop-filetype-association.svg	pass	1030863	417996	612867
svgs/oxygen-icons-5.113.0/scalable/apps/preferences-desktop-font.svg	pass	46157	17806	28351
svgs/oxygen-icons-5.113.0/scalable/apps/preferences-desktop-gaming.svg	pass	92026	50255	41771
svgs/oxygen-icons-5.113.0/scalable/apps/preferences-desktop-icons.svg	pass	153329	77840	75489
svgs/oxygen-icons-5.113.0/scalable/apps/preferences-desktop-keyboard.svg	pass	34600	16482	18118
svgs/oxygen-icons-5.113.0/scalable/apps/preferences-desktop-launch-feedback.svg	pass	29518	16646	12872
svgs/oxygen-icons-5.113.0/scalable/apps/preferences-desktop-locale.svg	pass	182066	105232	76834
svgs/oxygen-icons-5.113.0/scalable/apps/preferences-desktop-mouse.svg	pass	40945	13962	26983
svgs/oxygen-icons-5.113.0/scalable/apps/preferences-desktop-notification-bell.svg	pass	29691	14941	14750
svgs/oxygen-icons-5.113.0/scalable/apps/preferences-desktop-notification.svg	pass	107020	12210	94810
svgs/oxygen-icons-5.113.0/scalable/apps/preferences-desktop-printer.svg	pass	718618	328975	389643
svgs/oxygen-icons-5.113.0/scalable/apps/preferences-desktop-screensaver.svg	pass	57808	26903	30905
svgs/oxygen-icons-5.113.0/scalable/apps/preferences-desktop-search.svg	pass	158929	65230	93699
svgs/oxygen-icons-5.113.0/scalable/apps/preferences-desktop-sound.svg	pass	216285	9629	206656
svgs/oxygen-icons-5.113.0/scalable/apps/preferences-desktop-text-to-speech.svg	pass	61257	14748	46509
svgs/oxygen-icons-5.113.0/scalable/apps/preferences-desktop-theme.svg	pass	158230	76592	81638
svgs/oxygen-icons-5.113.0/scalable/apps/preferences-desktop-thunderbolt.svg	pass	150247	123387	26860
svgs/oxygen-icons-5.113.0/scalable/apps/preferences-desktop-user-password.svg	mismatch	465283	229453	235830
svgs/oxygen-icons-5.113.0/scalable/apps/preferences-desktop-user.svg	pass	272779	52761	220018
svgs/oxygen-icons-5.113.0/scalable/apps/preferences-desktop-wallpaper.svg	pass	910453	557649	352804
svgs/oxygen-icons-5.113.0/scalable/apps/preferences-kcalc-constants.svg	pass	23753	11707	12046
svgs/oxygen-icons-5.113.0/scalable/apps/preferences-plugin-script.svg	pass	26915	15042	11873
svgs/oxygen-icons-5.113.0/scalable/apps/preferences-plugin.svg	pass	25971	10397	15574
svgs/oxygen-icons-5.113.0/scalable/apps/preferences-system-bluetooth-inactive.svg	pass	19631	6949	12682
svgs/oxygen-icons-5.113.0/scalable/apps/preferences-system-bluetooth.svg	pass	20519	7331	13188
svgs/oxygen-icons-5.113.0/scalable/apps/preferences-system-login.svg	pass	1307478	1176812	130666
svgs/oxygen-icons-5.113.0/scalable/apps/preferences-system-network-ethernet.svg	pass	142568	126540	16028
svgs/oxygen-icons-5.113.0/scalable/apps/preferences-system-network-sharing.svg	pass	219015	69813	149202
svgs/oxygen-icons-5.113.0/scalable/apps/preferences-system-performance.svg	pass	29518	16646	12872
svgs/oxygen-icons-5.113.0/scalable/apps/preferences-system-power-management.svg	pass	89730	43411	46319
svgs/oxygen-icons-5.113.0/scalable/apps/preferences-system-session-services.svg	pass	32790	16970	15820
svgs/oxygen-icons-5.113.0/scalable/apps/preferences-system-time.svg	mismatch	49059	19746	29313
svgs/oxygen-icons-5.113.0/scalable/apps/preferences-system-windows-actions.svg	pass	126442	63987	62455
svgs/oxygen-icons-5.113.0/scalable/apps/preferences-system-windows-move.svg	pass	342272	34603	307669
svgs/oxygen-icons-5.113.0/scalable/apps/preferences-system-windows.svg	pass	242378	43836	198542
svgs/oxygen-icons-5.113.0/scalable/apps/preferences-web-browser-adblock.svg	pass	148931	24144	124787
svgs/oxygen-icons-5.113.0/scalable/apps/preferences-web-browser-cache.svg	pass	162895	10892	152003
svgs/oxygen-icons-5.113.0/scalable/apps/preferences-web-browser-cookies.svg	pass	97964	54100	43864
svgs/oxygen-icons-5.113.0/scalable/apps/preferences-web-browser-identification.svg	pass	42424	23219	19205
svgs/oxygen-icons-5.113.0/scalable/apps/preferences-web-browser-shortcuts.svg	pass	692615	348903	343712
svgs/oxygen-icons-5.113.0/scalable/apps/preferences-web-browser-stylesheets.svg	pass	63684	27824	35860
svgs/oxygen-icons-5.113.0/scalable/apps/qelectrotech.svg	pass	427348	132288	295060
svgs/oxygen-icons-5.113.0/scalable/apps/quassel.svg	pass	794573	360441	434132
svgs/oxygen-icons-5.113.0/scalable/apps/scribus.svg	pass	90906	14641	76265
svgs/oxygen-icons-5.113.0/scalable/apps/semn.svg	pass	221694	15203	206491
svgs/oxygen-icons-5.113.0/scalable/apps/showfoto.svg	mismatch	29293	16750	12543
svgs/oxygen-icons-5.113.0/scalable/apps/skrooge-black.svg	pass	39079	13860	25219
svgs/oxygen-icons-5.113.0/scalable/apps/skrooge-initial.svg	pass	30225	12473	17752
svgs/oxygen-icons-5.113.0/scalable/apps/skrooge.svg	pass	29411	11670	17741
svgs/oxygen-icons-5.113.0/scalable/apps/small/16x16/Charm.svg	pass	202207	121112	81095
svgs/oxygen-icons-5.113.0/scalable/apps/small/16x16/accessories-calculator.svg	pass	105797	38874	66923
svgs/oxygen-icons-5.113.0/scalable/apps/small/16x16/accessories-character-map.svg	pass	12117	3641	8476
svgs/oxygen-icons-5.113.0/scalable/apps/small/16x16/accessories-dictionary.svg	pass	14612	5704	8908
svgs/oxygen-icons-5.113.0/scalable/apps/small/16x16/accessories-text-editor.svg	pass	859294	117075	742219
svgs/oxygen-icons-5.113.0/scalable/apps/small/16x16/akregator.svg	pass	108907	53322	55585
svgs/oxygen-icons-5.113.0/scalable/apps/small/16x16/basket.svg	pass	17271	4715	12556
svgs/oxygen-icons-5.113.0/scalable/apps/small/16x16/clock.svg	pass	23380	9179	14201
svgs/oxygen-icons-5.113.0/scalable/apps/small/16x16/digikam.svg	mismatch	30053	16938	13115
svgs/oxygen-icons-5.113.0/scalable/apps/small/16x16/graphics-viewer-document.svg	pass	25087	4498	20589
svgs/oxygen-icons-5.113.0/scalable/apps/small/16x16/internet-mail.svg	pass	96521	20249	76272
svgs/oxygen-icons-5.113.0/scalable/apps/small/16x16/java.svg	pass	34184	15507	18677
svgs/oxygen-icons-5.113.0/scalable/apps/small/16x16/k3b.svg	pass	862064	162326	699738
svgs/oxygen-icons-5.113.0/scalable/apps/small/16x16/kaffeine.svg	pass	62045	30758	31287
svgs/oxygen-icons-5.113.0/scalable/apps/small/16x16/kchart.svg	mismatch	184554	24241	160313
svgs/oxygen-icons-5.113.0/scalable/apps/small/16x16/kde.svg	pass	24156	10094	14062
svgs/oxygen-icons-5.113.0/scalable/apps/small/16x16/kdevelop.svg	pass	230465	32269	198196
svgs/oxygen-icons-5.113.0/scalable/apps/small/16x16/kformula.svg	pass	438021	128565	309456
svgs/oxygen-icons-5.113.0/scalable/apps/small/16x16/kig.svg	pass	149077	4513	144564
svgs/oxygen-icons-5.113.0/scalable/apps/small/16x16/kivio.svg	pass	119720	9113	110607
svgs/oxygen-icons-5.113.0/scalable/apps/small/16x16/kmag.svg	pass	678668	60651	618017
svgs/oxygen-icons-5.113.0/scalable/apps/small/16x16/knetattach.svg	pass	1195796	126829	1068967
svgs/oxygen-icons-5.113.0/scalable/apps/small/16x16/knewsticker.svg	pass	389028	249323	139705
svgs/oxygen-icons-5.113.0/scalable/apps/small/16x16/knotes.svg	pass	373672	20217	353455
svgs/oxygen-icons-5.113.0/scalable/apps/small/16x16/konqueror.svg	pass	137049	51789	85260
svgs/oxygen-icons-5.113.0/scalable/apps/small/16x16/korgac.svg	pass	24005	11076	12929
svgs/oxygen-icons-5.113.0/scalable/apps/small/16x16/kplato.svg	pass	54580	22354	32226
svgs/oxygen-icons-5.113.0/scalable/apps/small/16x16/kpresenter.svg	pass	65155	31335	33820
svgs/oxygen-icons-5.113.0/scalable/apps/small/16x16/ksnapshot.svg	pass	144694	46129	98565
svgs/oxygen-icons-5.113.0/scalable/apps/small/16x16/kspread.svg	pass	110863	35853	75010
svgs/oxygen-icons-5.113.0/scalable/apps/small/16x16/kword.svg	pass	927110	349602	577508
svgs/oxygen-icons-5.113.0/scalable/apps/small/16x16/multimedia-volume-control.svg	pass	41203	19650	21553
svgs/oxygen-icons-5.113.0/scalable/apps/small/16x16/office-address-book.svg	pass	66277	34965	31312
svgs/oxygen-icons-5.113.0/scalable/apps/small/16x16/office-calendar.svg	pass	28362	6309	22053
svgs/oxygen-icons-5.113.0/scalable/apps/small/16x16/picmi.svg	pass	38075	18110	19965
svgs/oxygen-icons-5.113.0/scalable/apps/small/16x16/preferences-contact-list.svg	pass	311860	78559	233301
svgs/oxygen-icons-5.113.0/scalable/apps/small/16x16/preferences-desktop-accessibility.svg	pass	56315	9233	47082
svgs/oxygen-icons-5.113.0/scalable/apps/small/16x16/preferences-desktop-display-color.svg	pass	189985	54028	135957
svgs/oxygen-icons-5.113.0/scalable/apps/small/16x16/preferences-desktop-font.svg	pass	42455	4704	37751
svgs/oxygen-icons-5.113.0/scalable/apps/small/16x16/preferences-desktop-gaming.svg	pass	69411	30653	38758
svgs/oxygen-icons-5.113.0/scalable/apps/small/16x16/preferences-desktop-icons.svg	pass	128643	46768	81875
svgs/oxygen-icons-5.113.0/scalable/apps/small/16x16/preferences-desktop-mouse.svg	pass	30329	13339	16990
svgs/oxygen-icons-5.113.0/scalable/apps/small/16x16/preferences-desktop-notification-bell.svg	pass	25091	11089	14002
svgs/oxygen-icons-5.113.0/scalable/apps/small/16x16/preferences-desktop-printer.svg	pass	823576	329025	494551
svgs/oxygen-icons-5.113.0/scalable/apps/small/16x16/preferences-desktop-text-to-speech.svg	pass	58523	10380	48143
svgs/oxygen-icons-5.113.0/scalable/apps/small/16x16/preferences-desktop-theme.svg	pass	157641	76319	81322
svgs/oxygen-icons-5.113.0/scalable/apps/small/16x16/preferences-desktop-user.svg	pass	289867	55084	234783
svgs/oxygen-icons-5.113.0/scalable/apps/small/16x16/preferences-plugin.svg	pass	28002	9272	18730
svgs/oxygen-icons-5.113.0/scalable/apps/small/16x16/preferences-system-login.svg	pass	1265542	1153072	112470
svgs/oxygen-icons-5.113.0/scalable/apps/small/16x16/preferences-system-windows-actions.svg	pass	288442	59333	229109
svgs/oxygen-icons-5.113.0/scalable/apps/small/16x16/preferences-system-windows-move.svg	pass	227591	27647	199944
svgs/oxygen-icons-5.113.0/scalable/apps/small/16x16/preferences-system-windows.svg	pass	212042	20710	191332
svgs/oxygen-icons-5.113.0/scalable/apps/small/16x16/preferences-web-browser-identification.svg	pass	217286	63832	153454
svgs/oxygen-icons-5.113.0/scalable/apps/small/16x16/preferences-web-browser-stylesheets.svg	pass	64978	29140	35838
svgs/oxygen-icons-5.113.0/scalable/apps/small/16x16/qelectrotech.svg	pass	414386	114389	299997
svgs/oxygen-icons-5.113.0/scalable/apps/small/16x16/scribus.svg	pass	10996	5180	5816
svgs/oxygen-icons-5.113.0/scalable/apps/small/16x16/showfoto.svg	mismatch	29293	16750	12543
svgs/oxygen-icons-5.113.0/scalable/apps/small/16x16/system-file-manager.svg	mismatch	17638	6041	11597
svgs/oxygen-icons-5.113.0/scalable/apps/small/16x16/utilities-file-archiver.svg	pass	7595	3421	4174
svgs/oxygen-icons-5.113.0/scalable/apps/small/16x16/utilities-system-monitor.svg	pass	72150	34281	37869
svgs/oxygen-icons-5.113.0/scalable/apps/small/16x16/utilities-terminal.svg	pass	124016	29912	94104
svgs/oxygen-icons-5.113.0/scalable/apps/small/16x16/yakuake.svg	pass	166709	10056	156653
svgs/oxygen-icons-5.113.0/scalable/apps/small/22x22/Charm.svg	pass	214137	129828	84309
svgs/oxygen-icons-5.113.0/scalable/apps/small/22x22/accessories-dictionary.svg	pass	42875	17245	25630
svgs/oxygen-icons-5.113.0/scalable/apps/small/22x22/basket.svg	mismatch	41612	22851	18761
svgs/oxygen-icons-5.113.0/scalable/apps/small/22x22/clock.svg	pass	24813	10606	14207
svgs/oxygen-icons-5.113.0/scalable/apps/small/22x22/device-notifier.svg	pass	147727	98226	49501
svgs/oxygen-icons-5.113.0/scalable/apps/small/22x22/digikam.svg	mismatch	30053	16938	13115
svgs/oxygen-icons-5.113.0/scalable/apps/small/22x22/graphics-viewer-document.svg	pass	114054	5155	108899
svgs/oxygen-icons-5.113.0/scalable/apps/small/22x22/inkscape.svg	pass	24685	12364	12321
svgs/oxygen-icons-5.113.0/scalable/apps/small/22x22/java.svg	pass	35397	16183	19214
svgs/oxygen-icons-5.113.0/scalable/apps/small/22x22/kaffeine.svg	pass	62045	30758	31287
svgs/oxygen-icons-5.113.0/scalable/apps/small/22x22/kchart.svg	pass	189487	28893	160594
svgs/oxygen-icons-5.113.0/scalable/apps/small/22x22/kde.svg	pass	24756	10052	14704
svgs/oxygen-icons-5.113.0/scalable/apps/small/22x22/kdevelop.svg	pass	229650	33582	196068
svgs/oxygen-icons-5.113.0/scalable/apps/small/22x22/kdf.svg	pass	53630	9974	43656
svgs/oxygen-icons-5.113.0/scalable/apps/small/22x22/kformula.svg	pass	440815	130021	310794
svgs/oxygen-icons-5.113.0/scalable/apps/small/22x22/kig.svg	pass	148501	4745	143756
svgs/oxygen-icons-5.113.0/scalable/apps/small/22x22/klipper.svg	pass	92879	16041	76838
svgs/oxygen-icons-5.113.0/scalable/apps/small/22x22/kmag.svg	pass	677866	60653	617213
svgs/oxygen-icons-5.113.0/scalable/apps/small/22x22/knetattach.svg	pass	1561633	126490	1435143
svgs/oxygen-icons-5.113.0/scalable/apps/small/22x22/korgac.svg	pass	48980	15028	33952
svgs/oxygen-icons-5.113.0/scalable/apps/small/22x22/kplato.svg	pass	49568	24489	25079
svgs/oxygen-icons-5.113.0/scalable/apps/small/22x22/kpresenter.svg	pass	68627	33788	34839
svgs/oxygen-icons-5.113.0/scalable/apps/small/22x22/ksnapshot.svg	pass	109667	34400	75267
svgs/oxygen-icons-5.113.0/scalable/apps/small/22x22/kspread.svg	pass	144090	52162	91928
svgs/oxygen-icons-5.113.0/scalable/apps/small/22x22/kword.svg	pass	953858	361287	592571
svgs/oxygen-icons-5.113.0/scalable/apps/small/22x22/multimedia-volume-control.svg	pass	41392	21364	20028
svgs/oxygen-icons-5.113.0/scalable/apps/small/22x22/office-address-book.svg	pass	93017	43914	49103
svgs/oxygen-icons-5.113.0/scalable/apps/small/22x22/office-calendar.svg	pass	16051	5690	10361
svgs/oxygen-icons-5.113.0/scalable/apps/small/22x22/package-utilities.svg	pass	126127	71094	55033
svgs/oxygen-icons-5.113.0/scalable/apps/small/22x22/picmi.svg	pass	39200	18641	20559
svgs/oxygen-icons-5.113.0/scalable/apps/small/22x22/preferences-contact-list.svg	pass	318763	82596	236167
svgs/oxygen-icons-5.113.0/scalable/apps/small/22x22/preferences-desktop-accessibility.svg	pass	54039	9264	44775
svgs/oxygen-icons-5.113.0/scalable/apps/small/22x22/preferences-desktop-display-color.svg	pass	305994	79920	226074
svgs/oxygen-icons-5.113.0/scalable/apps/small/22x22/preferences-desktop-font.svg	pass	25688	4367	21321
svgs/oxygen-icons-5.113.0/scalable/apps/small/22x22/preferences-desktop-gaming.svg	pass	80227	42470	37757
svgs/oxygen-icons-5.113.0/scalable/apps/small/22x22/preferences-desktop-icons.svg	pass	132608	46787	85821
svgs/oxygen-icons-5.113.0/scalable/apps/small/22x22/preferences-desktop-mouse.svg	pass	33560	15339	18221
svgs/oxygen-icons-5.113.0/scalable/apps/small/22x22/preferences-desktop-notification-bell.svg	pass	29152	14769	14383
svgs/oxygen-icons-5.113.0/scalable/apps/small/22x22/preferences-system-windows-move.svg	pass	287974	59019	228955
svgs/oxygen-icons-5.113.0/scalable/apps/small/22x22/preferences-system-windows.svg	pass	206214	20714	185500
svgs/oxygen-icons-5.113.0/scalable/apps/small/22x22/qelectrotech.svg	pass	413607	113661	299946
svgs/oxygen-icons-5.113.0/scalable/apps/small/22x22/scribus.svg	pass	26522	12741	13781
svgs/oxygen-icons-5.113.0/scalable/apps/small/22x22/showfoto.svg	mismatch	29293	16750	12543
svgs/oxygen-icons-5.113.0/scalable/apps/small/22x22/system-file-manager.svg	pass	18508	6719	11789
svgs/oxygen-icons-5.113.0/scalable/apps/small/22x22/utilities-system-monitor.svg	pass	19399	7065	12334
svgs/oxygen-icons-5.113.0/scalable/apps/small/22x22/utilities-terminal.svg	pass	124682	28081	96601
svgs/oxygen-icons-5.113.0/scalable/apps/small/22x22/yakuake.svg	pass	165851	11309	154542
svgs/oxygen-icons-5.113.0/scalable/apps/small/32x32/Charm.svg	pass	219822	133803	86019
svgs/oxygen-icons-5.113.0/scalable/apps/small/32x32/clock.svg	pass	30853	10585	20268
svgs/oxygen-icons-5.113.0/scalable/apps/small/32x32/device-notifier.svg	pass	147213	100547	46666
svgs/oxygen-icons-5.113.0/scalable/apps/small/32x32/digikam.svg	mismatch	30053	16938	13115
svgs/oxygen-icons-5.113.0/scalable/apps/small/32x32/k3b.svg	pass	199351	162092	37259
svgs/oxygen-icons-5.113.0/scalable/apps/small/32x32/kchart.svg	pass	189068	28782	160286
svgs/oxygen-icons-5.113.0/scalable/apps/small/32x32/kdf.svg	pass	53545	9829	43716
svgs/oxygen-icons-5.113.0/scalable/apps/small/32x32/kformula.svg	pass	440747	129751	310996
svgs/oxygen-icons-5.113.0/scalable/apps/small/32x32/kig.svg	pass	161601	112117	49484
svgs/oxygen-icons-5.113.0/scalable/apps/small/32x32/klipper.svg	pass	92879	16041	76838
svgs/oxygen-icons-5.113.0/scalable/apps/small/32x32/kmag.svg	pass	679880	61477	618403
svgs/oxygen-icons-5.113.0/scalable/apps/small/32x32/knetattach.svg	pass	371932	125516	246416
svgs/oxygen-icons-5.113.0/scalable/apps/small/32x32/knewsticker.svg	pass	507816	244246	263570
svgs/oxygen-icons-5.113.0/scalable/apps/small/32x32/korgac.svg	pass	153553	60045	93508
svgs/oxygen-icons-5.113.0/scalable/apps/small/32x32/kplato.svg	pass	58269	30301	27968
svgs/oxygen-icons-5.113.0/scalable/apps/small/32x32/kpresenter.svg	pass	72111	37217	34894
svgs/oxygen-icons-5.113.0/scalable/apps/small/32x32/kspread.svg	pass	152657	57465	95192
svgs/oxygen-icons-5.113.0/scalable/apps/small/32x32/kwalletmanager.svg	pass	233525	113518	120007
svgs/oxygen-icons-5.113.0/scalable/apps/small/32x32/kword.svg	pass	988453	385586	602867
svgs/oxygen-icons-5.113.0/scalable/apps/small/32x32/picmi.svg	pass	39213	20711	18502
svgs/oxygen-icons-5.113.0/scalable/apps/small/32x32/preferences-desktop-display-color.svg	pass	305995	79920	226075
svgs/oxygen-icons-5.113.0/scalable/apps/small/32x32/preferences-desktop-display.svg	pass	1305508	1176533	128975
svgs/oxygen-icons-5.113.0/scalable/apps/small/32x32/preferences-desktop-font.svg	pass	47208	18008	29200
svgs/oxygen-icons-5.113.0/scalable/apps/small/32x32/preferences-desktop-notification-bell.svg	pass	28794	14574	14220
svgs/oxygen-icons-5.113.0/scalable/apps/small/32x32/preferences-desktop-screensaver.svg	pass	50149	25888	24261
svgs/oxygen-icons-5.113.0/scalable/apps/small/32x32/preferences-desktop-search.svg	pass	106708	65617	41091
svgs/oxygen-icons-5.113.0/scalable/apps/small/32x32/preferences-desktop-thunderbolt.svg	pass	150975	123631	27344
svgs/oxygen-icons-5.113.0/scalable/apps/small/32x32/preferences-desktop-user.svg	pass	286579	55139	231440
svgs/oxygen-icons-5.113.0/scalable/apps/small/32x32/preferences-system-login.svg	pass	1308942	1178335	130607
svgs/oxygen-icons-5.113.0/scalable/apps/small/32x32/preferences-system-network-ethernet.svg	pass	154571	125570	29001
svgs/oxygen-icons-5.113.0/scalable/apps/small/32x32/preferences-system-windows-actions.svg	pass	408581	64032	344549
svgs/oxygen-icons-5.113.0/scalable/apps/small/32x32/preferences-system-windows-move.svg	mismatch	349681	33117	316564
svgs/oxygen-icons-5.113.0/scalable/apps/small/32x32/preferences-system-windows.svg	pass	224584	25202	199382
svgs/oxygen-icons-5.113.0/scalable/apps/small/32x32/qelectrotech.svg	pass	425268	125674	299594
svgs/oxygen-icons-5.113.0/scalable/apps/small/32x32/showfoto.svg	mismatch	29293	16750	12543
svgs/oxygen-icons-5.113.0/scalable/apps/small/32x32/system-file-manager.svg	mismatch	20934	8334	12600
svgs/oxygen-icons-5.113.0/scalable/apps/small/32x32/yakuake.svg	pass	167222	11063	156159
svgs/oxygen-icons-5.113.0/scalable/apps/small/48x48/Charm.svg	pass	229549	137726	91823
svgs/oxygen-icons-5.113.0/scalable/apps/small/48x48/digikam.svg	mismatch	30053	16938	13115
svgs/oxygen-icons-5.113.0/scalable/apps/small/48x48/kchart.svg	pass	189153	29187	159966
svgs/oxygen-icons-5.113.0/scalable/apps/small/48x48/kdevelop.svg	pass	236865	33521	203344
svgs/oxygen-icons-5.113.0/scalable/apps/small/48x48/kdf.svg	pass	54522	10581	43941
svgs/oxygen-icons-5.113.0/scalable/apps/small/48x48/kformula.svg	pass	528966	168359	360607
svgs/oxygen-icons-5.113.0/scalable/apps/small/48x48/kig.svg	mismatch	182010	131871	50139
svgs/oxygen-icons-5.113.0/scalable/apps/small/48x48/kivio.svg	pass	141574	18531	123043
svgs/oxygen-icons-5.113.0/scalable/apps/small/48x48/kmag.svg	pass	672864	61423	611441
svgs/oxygen-icons-5.113.0/scalable/apps/small/48x48/knetattach.svg	pass	197715	125749	71966
svgs/oxygen-icons-5.113.0/scalable/apps/small/48x48/knewsticker.svg	pass	514396	249484	264912
svgs/oxygen-icons-5.113.0/scalable/apps/small/48x48/kplato.svg	pass	70684	38163	32521
svgs/oxygen-icons-5.113.0/scalable/apps/small/48x48/kpresenter.svg	pass	69869	37383	32486
svgs/oxygen-icons-5.113.0/scalable/apps/small/48x48/kspread.svg	pass	156085	59005	97080
svgs/oxygen-icons-5.113.0/scalable/apps/small/48x48/kwalletmanager.svg	pass	233628	113699	119929
svgs/oxygen-icons-5.113.0/scalable/apps/small/48x48/kword.svg	pass	1005398	391796	613602
svgs/oxygen-icons-5.113.0/scalable/apps/small/48x48/mameexecutor.svg	pass	334828	140458	194370
svgs/oxygen-icons-5.113.0/scalable/apps/small/48x48/picmi.svg	pass	40238	21942	18296
svgs/oxygen-icons-5.113.0/scalable/apps/small/48x48/preferences-desktop-display-color.svg	pass	70337	23380	46957
svgs/oxygen-icons-5.113.0/scalable/apps/small/48x48/preferences-desktop-font.svg	pass	52637	19609	33028
svgs/oxygen-icons-5.113.0/scalable/apps/small/48x48/preferences-desktop-notification-bell.svg	pass	30030	15020	15010
svgs/oxygen-icons-5.113.0/scalable/apps/small/48x48/preferences-desktop-screensaver.svg	pass	73938	26147	47791
svgs/oxygen-icons-5.113.0/scalable/apps/small/48x48/preferences-system-windows-actions.svg	pass	396396	64005	332391
svgs/oxygen-icons-5.113.0/scalable/apps/small/48x48/preferences-system-windows-move.svg	pass	337081	33138	303943
svgs/oxygen-icons-5.113.0/scalable/apps/small/48x48/preferences-system-windows.svg	pass	243107	44254	198853
svgs/oxygen-icons-5.113.0/scalable/apps/small/48x48/qelectrotech.svg	pass	424873	125608	299265
svgs/oxygen-icons-5.113.0/scalable/apps/small/48x48/showfoto.svg	mismatch	29293	16750	12543
svgs/oxygen-icons-5.113.0/scalable/apps/small/48x48/yakuake.svg	pass	169465	12767	156698
svgs/oxygen-icons-5.113.0/scalable/apps/small/64x64/Charm.svg	pass	251358	148610	102748
svgs/oxygen-icons-5.113.0/scalable/apps/small/64x64/kchart.svg	pass	186917	29169	157748
svgs/oxygen-icons-5.113.0/scalable/apps/small/64x64/kformula.svg	pass	558225	182116	376109
svgs/oxygen-icons-5.113.0/scalable/apps/small/64x64/kivio.svg	pass	154377	29059	125318
svgs/oxygen-icons-5.113.0/scalable/apps/small/64x64/kmag.svg	pass	673306	67284	606022
svgs/oxygen-icons-5.113.0/scalable/apps/small/64x64/kplato.svg	mismatch	73720	39101	34619
svgs/oxygen-icons-5.113.0/scalable/apps/small/64x64/kpresenter.svg	pass	68941	36692	32249
svgs/oxygen-icons-5.113.0/scalable/apps/small/64x64/kspread.svg	pass	139600	57565	82035
svgs/oxygen-icons-5.113.0/scalable/apps/small/64x64/kwalletmanager.svg	pass	456812	116262	340550
svgs/oxygen-icons-5.113.0/scalable/apps/small/64x64/kword.svg	pass	1000534	392874	607660
svgs/oxygen-icons-5.113.0/scalable/apps/small/64x64/mameexecutor.svg	pass	347600	151452	196148
svgs/oxygen-icons-5.113.0/scalable/apps/small/64x64/preferences-desktop-notification-bell.svg	pass	29763	14968	14795
svgs/oxygen-icons-5.113.0/scalable/apps/small/64x64/qelectrotech.svg	pass	426594	131303	295291
svgs/oxygen-icons-5.113.0/scalable/apps/small/64x64/yakuake.svg	pass	177189	10554	166635
svgs/oxygen-icons-5.113.0/scalable/apps/step.svg	pass	62786	34794	27992
svgs/oxygen-icons-5.113.0/scalable/apps/strigi.svg	mismatch	54152	22575	31577
svgs/oxygen-icons-5.113.0/scalable/apps/system-diagnosis.svg	pass	118428	62958	55470
svgs/oxygen-icons-5.113.0/scalable/apps/system-file-manager.svg	pass	30847	17969	12878
svgs/oxygen-icons-5.113.0/scalable/apps/system-software-update.svg	pass	65863	27569	38294
svgs/oxygen-icons-5.113.0/scalable/apps/system-users.svg	pass	544175	84072	460103
svgs/oxygen-icons-5.113.0/scalable/apps/tagua.svg	pass	74381	36444	37937
svgs/oxygen-icons-5.113.0/scalable/apps/telepathy-kde.svg	pass	32695	14015	18680
svgs/oxygen-icons-5.113.0/scalable/apps/timevault.svg	mismatch	522067	167867	354200
svgs/oxygen-icons-5.113.0/scalable/apps/utilities-desktop-extra.svg	pass	60000	14893	45107
svgs/oxygen-icons-5.113.0/scalable/apps/utilities-file-archiver.svg	pass	274746	124414	150332
svgs/oxygen-icons-5.113.0/scalable/apps/utilities-log-viewer.svg	pass	285763	67485	218278
svgs/oxygen-icons-5.113.0/scalable/apps/utilities-system-monitor.svg	pass	71535	33607	37928
svgs/oxygen-icons-5.113.0/scalable/apps/utilities-terminal.svg	pass	116023	20825	95198
svgs/oxygen-icons-5.113.0/scalable/apps/wine.svg	pass	102974	48601	54373
svgs/oxygen-icons-5.113.0/scalable/apps/xorg.svg	pass	47650	24801	22849
svgs/oxygen-icons-5.113.0/scalable/apps/yakuake.svg	pass	176141	10576	165565
svgs/oxygen-icons-5.113.0/scalable/apps/zanshin.svg	pass	52467	26085	26382
svgs/oxygen-icons-5.113.0/scalable/categories/applications-accessories.svg	pass	71035	39946	31089
svgs/oxygen-icons-5.113.0/scalable/categories/applications-all.svg	pass	26709	9417	17292
svgs/oxygen-icons-5.113.0/scalable/categories/applications-development-translation.svg	pass	271337	149466	121871
svgs/oxygen-icons-5.113.0/scalable/categories/applications-development-web.svg	pass	127775	51812	75963
svgs/oxygen-icons-5.113.0/scalable/categories/applications-development.svg	pass	66199	42234	23965
svgs/oxygen-icons-5.113.0/scalable/categories/applications-education-language.svg	pass	182066	105232	76834
svgs/oxygen-icons-5.113.0/scalable/categories/applications-education-mathematics.svg	pass	23753	11707	12046
svgs/oxygen-icons-5.113.0/scalable/categories/applications-education-miscellaneous.svg	pass	10428	1840	8588
svgs/oxygen-icons-5.113.0/scalable/categories/applications-education-preschool.svg	mismatch	55506	17171	38335
svgs/oxygen-icons-5.113.0/scalable/categories/applications-education-school.svg	pass	479826	248622	231204
svgs/oxygen-icons-5.113.0/scalable/categories/applications-education-science.svg	pass	62703	30238	32465
svgs/oxygen-icons-5.113.0/scalable/categories/applications-education-university.svg	pass	58832	24564	34268
svgs/oxygen-icons-5.113.0/scalable/categories/applications-education.svg	pass	479826	248622	231204
svgs/oxygen-icons-5.113.0/scalable/categories/applications-engineering.svg	pass	34185	19648	14537
svgs/oxygen-icons-5.113.0/scalable/categories/applications-games.svg	pass	18792	11825	6967
svgs/oxygen-icons-5.113.0/scalable/categories/applications-graphics.svg	pass	193474	108284	85190
svgs/oxygen-icons-5.113.0/scalable/categories/applications-internet.svg	pass	671518	336814	334704
svgs/oxygen-icons-5.113.0/scalable/categories/applications-multimedia.svg	pass	56333	26202	30131
svgs/oxygen-icons-5.113.0/scalable/categories/applications-office.svg	pass	240287	88351	151936
svgs/oxygen-icons-5.113.0/scalable/categories/applications-other.svg	pass	258711	233956	24755
svgs/oxygen-icons-5.113.0/scalable/categories/applications-science.svg	pass	62703	30238	32465
svgs/oxygen-icons-5.113.0/scalable/categories/applications-system.svg	pass	18829	8330	10499
svgs/oxygen-icons-5.113.0/scalable/categories/applications-toys.svg	mismatch	55506	17171	38335
svgs/oxygen-icons-5.113.0/scalable/categories/applications-utilities.svg	pass	22970	8394	14576
svgs/oxygen-icons-5.113.0/scalable/categories/hidef/applications-all.svg	pass	30421	10697	19724
svgs/oxygen-icons-5.113.0/scalable/categories/hidef/applications-engineering.svg	pass	52519	23879	28640
svgs/oxygen-icons-5.113.0/scalable/categories/hidef/applications-graphics.svg	pass	186633	106867	79766
svgs/oxygen-icons-5.113.0/scalable/categories/hidef/applications-internet.svg	pass	646841	335813	311028
svgs/oxygen-icons-5.113.0/scalable/categories/hidef/applications-multimedia.svg	pass	57917	25266	32651
svgs/oxygen-icons-5.113.0/scalable/categories/hidef/applications-system.svg	pass	26875	10893	15982
svgs/oxygen-icons-5.113.0/scalable/categories/hidef/preferences-desktop.svg	pass	281164	152313	128851
svgs/oxygen-icons-5.113.0/scalable/categories/hidef/preferences-kde-connect.svg	pass	131372	29121	102251
svgs/oxygen-icons-5.113.0/scalable/categories/hidef/preferences-other.svg	pass	55206	29221	25985
svgs/oxygen-icons-5.113.0/scalable/categories/hidef/preferences-system-network.svg	pass	75886	28540	47346
svgs/oxygen-icons-5.113.0/scalable/categories/hidef/preferences-system.svg	mismatch	70050	38790	31260
svgs/oxygen-icons-5.113.0/scalable/categories/hidef/system-users.svg	pass	30238	16399	13839
svgs/oxygen-icons-5.113.0/scalable/categories/preferences-desktop-peripherals.svg	pass	93267	36397	56870
svgs/oxygen-icons-5.113.0/scalable/categories/preferences-desktop-personal.svg	pass	51470	32562	18908
svgs/oxygen-icons-5.113.0/scalable/categories/preferences-desktop-wallpaper.svg	pass	1300961	1174179	126782
svgs/oxygen-icons-5.113.0/scalable/categories/preferences-desktop.svg	pass	278572	152787	125785
svgs/oxygen-icons-5.113.0/scalable/categories/preferences-kde-connect.svg	pass	131491	29147	102344
svgs/oxygen-icons-5.113.0/scalable/categories/preferences-other.svg	pass	66786	28259	38527
svgs/oxygen-icons-5.113.0/scalable/categories/preferences-system-network.svg	pass	72275	27833	44442
svgs/oxygen-icons-5.113.0/scalable/categories/preferences-system.svg	mismatch	67617	37888	29729
svgs/oxygen-icons-5.113.0/scalable/categories/small/16x16/applications-all.svg	pass	25072	7292	17780
svgs/oxygen-icons-5.113.0/scalable/categories/small/16x16/applications-all.svgz.2021_06_05_16_13_07.0.svg	pass	25244	7288	17956
svgs/oxygen-icons-5.113.0/scalable/categories/small/16x16/applications-internet.svg	pass	670021	336695	333326
svgs/oxygen-icons-5.113.0/scalable/categories/small/16x16/preferences-kde-connect.svg	pass	125431	26364	99067
svgs/oxygen-icons-5.113.0/scalable/categories/small/16x16/preferences-other.svg	pass	195679	41307	154372
svgs/oxygen-icons-5.113.0/scalable/categories/small/22x22/applications-accessories.svg	pass	72037	39053	32984
svgs/oxygen-icons-5.113.0/scalable/categories/small/22x22/applications-education.svg	pass	7327	3422	3905
svgs/oxygen-icons-5.113.0/scalable/categories/small/22x22/applications-engineering.svg	pass	38097	21997	16100
svgs/oxygen-icons-5.113.0/scalable/categories/small/22x22/applications-games.svg	pass	15556	5570	9986
svgs/oxygen-icons-5.113.0/scalable/categories/small/22x22/applications-internet.svg	pass	672623	336885	335738
svgs/oxygen-icons-5.113.0/scalable/categories/small/22x22/applications-office.svg	pass	26960	5984	20976
svgs/oxygen-icons-5.113.0/scalable/categories/small/22x22/applications-other.svg	pass	11587	5568	6019
svgs/oxygen-icons-5.113.0/scalable/categories/small/22x22/applications-system.svg	pass	22414	10252	12162
svgs/oxygen-icons-5.113.0/scalable/categories/small/22x22/applications-utilities.svg	pass	26297	7792	18505
svgs/oxygen-icons-5.113.0/scalable/categories/small/22x22/preferences-desktop-personal.svg	pass	166977	31278	135699
svgs/oxygen-icons-5.113.0/scalable/categories/small/22x22/preferences-kde-connect.svg	pass	127747	27692	100055
svgs/oxygen-icons-5.113.0/scalable/categories/small/22x22/preferences-other.svg	pass	195634	41349	154285
svgs/oxygen-icons-5.113.0/scalable/categories/small/22x22/system-help.svg	pass	8848	4235	4613
svgs/oxygen-icons-5.113.0/scalable/categories/small/24x24/preferences-kde-connect.svg	pass	127550	27614	99936
svgs/oxygen-icons-5.113.0/scalable/categories/small/32x32/applications-all.svg	pass	27652	8721	18931
svgs/oxygen-icons-5.113.0/scalable/categories/small/32x32/preferences-kde-connect.svg	pass	128075	28007	100068
svgs/oxygen-icons-5.113.0/scalable/categories/small/32x32/system-users.svg	pass	22373	11607	10766
svgs/oxygen-icons-5.113.0/scalable/categories/small/48x48/applications-all.svg	pass	27602	9597	18005
svgs/oxygen-icons-5.113.0/scalable/categories/small/48x48/preferences-kde-connect.svg	pass	130267	29555	100712
svgs/oxygen-icons-5.113.0/scalable/categories/small/64x64/applications-all.svg	pass	30317	10460	19857
svgs/oxygen-icons-5.113.0/scalable/categories/small/64x64/preferences-kde-connect.svg	pass	131478	29034	102444
svgs/oxygen-icons-5.113.0/scalable/categories/system-help.svg	pass	8636	4235	4401
svgs/oxygen-icons-5.113.0/scalable/categories/system-users.svg	pass	26889	14311	12578
svgs/oxygen-icons-5.113.0/scalable/devices/audio-card.svg	mismatch	174968	92861	82107
svgs/oxygen-icons-5.113.0/scalable/devices/audio-headphones.svg	pass	77954	41915	36039
svgs/oxygen-icons-5.113.0/scalable/devices/audio-headset.svg	pass	92964	50738	42226
svgs/oxygen-icons-5.113.0/scalable/devices/audio-input-line.svg	pass	19871	9692	10179
svgs/oxygen-icons-5.113.0/scalable/devices/audio-input-microphone.svg	pass	179000	60578	118422
svgs/oxygen-icons-5.113.0/scalable/devices/battery.svg	pass	302812	31379	271433
svgs/oxygen-icons-5.113.0/scalable/devices/camera-photo.svg	pass	69997	32958	37039
svgs/oxygen-icons-5.113.0/scalable/devices/camera-web.svg	mismatch	35806	18971	16835
svgs/oxygen-icons-5.113.0/scalable/devices/computer-laptop.svg	pass	4235262	3769608	465654
svgs/oxygen-icons-5.113.0/scalable/devices/computer.svg	pass	158687	82639	76048
svgs/oxygen-icons-5.113.0/scalable/devices/cpu.svg	mismatch	254458	177268	77190
svgs/oxygen-icons-5.113.0/scalable/devices/drive-harddisk.svg	pass	59260	36902	22358
svgs/oxygen-icons-5.113.0/scalable/devices/drive-optical.svg	pass	229918	121514	108404
svgs/oxygen-icons-5.113.0/scalable/devices/drive-removable-media-usb-pendrive.svg	pass	79322	10722	68600
svgs/oxygen-icons-5.113.0/scalable/devices/drive-removable-media-usb.svg	pass	20722	11850	8872
svgs/oxygen-icons-5.113.0/scalable/devices/drive-removable-media.svg	pass	15770	8955	6815
svgs/oxygen-icons-5.113.0/scalable/devices/hidef/audio-card.svg	pass	255470	88376	167094
svgs/oxygen-icons-5.113.0/scalable/devices/hidef/camera-photo.svg	pass	3753273	2190697	1562576
svgs/oxygen-icons-5.113.0/scalable/devices/hidef/computer.svg	pass	122993	68764	54229
svgs/oxygen-icons-5.113.0/scalable/devices/hidef/input-keyboard.svg	mismatch	288711	207560	81151
svgs/oxygen-icons-5.113.0/scalable/devices/hidef/input-mouse.svg	pass	44264	14224	30040
svgs/oxygen-icons-5.113.0/scalable/devices/hidef/media-flash-sd-mmc.svg	pass	852932	158373	694559
svgs/oxygen-icons-5.113.0/scalable/devices/hidef/media-flash-smart-media.svg	pass	230371	122087	108284
svgs/oxygen-icons-5.113.0/scalable/devices/hidef/media-floppy.svg	pass	1267770	854630	413140
svgs/oxygen-icons-5.113.0/scalable/devices/hidef/media-optical-audio.svg	mismatch	846451	136263	710188
svgs/oxygen-icons-5.113.0/scalable/devices/hidef/media-optical-blu-ray.svg	pass	41350	22251	19099
svgs/oxygen-icons-5.113.0/scalable/devices/hidef/media-optical-data.svg	pass	412541	166583	245958
svgs/oxygen-icons-5.113.0/scalable/devices/hidef/media-optical-dvd-data.svg	pass	301690	150551	151139
svgs/oxygen-icons-5.113.0/scalable/devices/hidef/media-optical-dvd-video.svg	mismatch	1284143	381203	902940
svgs/oxygen-icons-5.113.0/scalable/devices/hidef/media-optical-dvd.svg	pass	32818	16847	15971
svgs/oxygen-icons-5.113.0/scalable/devices/hidef/media-optical-mixed-cd.svg	pass	1125788	211137	914651
svgs/oxygen-icons-5.113.0/scalable/devices/hidef/media-optical-recordable.svg	pass	28294	13932	14362
svgs/oxygen-icons-5.113.0/scalable/devices/hidef/media-optical-video.svg	mismatch	1262923	377275	885648
svgs/oxygen-icons-5.113.0/scalable/devices/hidef/media-optical.svg	pass	27265	13366	13899
svgs/oxygen-icons-5.113.0/scalable/devices/hidef/network-wired.svg	pass	213966	126005	87961
svgs/oxygen-icons-5.113.0/scalable/devices/hidef/printer-laser.svg	pass	184085	142456	41629
svgs/oxygen-icons-5.113.0/scalable/devices/hidef/printer.svg	pass	343287	205895	137392
svgs/oxygen-icons-5.113.0/scalable/devices/hidef/secure-card.svg	pass	1481774	619633	862141
svgs/oxygen-icons-5.113.0/scalable/devices/hidef/smartphone.svg	pass	519037	255466	263571
svgs/oxygen-icons-5.113.0/scalable/devices/hidef/tablet.svg	pass	348680	237946	110734
svgs/oxygen-icons-5.113.0/scalable/devices/hidef/video-display.svg	pass	1314817	1175336	139481
svgs/oxygen-icons-5.113.0/scalable/devices/input-gaming.svg	pass	92026	50255	41771
svgs/oxygen-icons-5.113.0/scalable/devices/input-keyboard.svg	mismatch	175376	96788	78588
svgs/oxygen-icons-5.113.0/scalable/devices/input-mouse.svg	pass	40945	13962	26983
svgs/oxygen-icons-5.113.0/scalable/devices/input-tablet.svg	pass	68035	22389	45646
svgs/oxygen-icons-5.113.0/scalable/devices/media-flash-memory-stick.svg	pass	134437	115726	18711
svgs/oxygen-icons-5.113.0/scalable/devices/media-flash-sd-mmc.svg	pass	850938	157477	693461
svgs/oxygen-icons-5.113.0/scalable/devices/media-flash-smart-media.svg	pass	114509	12509	102000
svgs/oxygen-icons-5.113.0/scalable/devices/media-flash.svg	pass	181230	143078	38152
svgs/oxygen-icons-5.113.0/scalable/devices/media-floppy.svg	pass	1161169	749040	412129
svgs/oxygen-icons-5.113.0/scalable/devices/media-optical-audio.svg	mismatch	847327	136833	710494
svgs/oxygen-icons-5.113.0/scalable/devices/media-optical-blu-ray.svg	pass	51238	22265	28973
svgs/oxygen-icons-5.113.0/scalable/devices/media-optical-data.svg	pass	253824	55713	198111
svgs/oxygen-icons-5.113.0/scalable/devices/media-optical-dvd-video.svg	mismatch	1259190	369102	890088
svgs/oxygen-icons-5.113.0/scalable/devices/media-optical-dvd.svg	pass	32717	16744	15973
svgs/oxygen-icons-5.113.0/scalable/devices/media-optical-mixed-cd.svg	pass	1052812	161954	890858
svgs/oxygen-icons-5.113.0/scalable/devices/media-optical-recordable.svg	pass	29379	14977	14402
svgs/oxygen-icons-5.113.0/scalable/devices/media-optical-video.svg	mismatch	1242266	365845	876421
svgs/oxygen-icons-5.113.0/scalable/devices/media-optical.svg	pass	28656	14258	14398
svgs/oxygen-icons-5.113.0/scalable/devices/media-tape.svg	pass	30049	16657	13392
svgs/oxygen-icons-5.113.0/scalable/devices/modem.svg	pass	54961	29515	25446
svgs/oxygen-icons-5.113.0/scalable/devices/multimedia-player-apple-ipod.svg	pass	24048	10970	13078
svgs/oxygen-icons-5.113.0/scalable/devices/multimedia-player.svg	pass	63126	28082	35044
svgs/oxygen-icons-5.113.0/scalable/devices/network-wired.svg	pass	90300	16791	73509
svgs/oxygen-icons-5.113.0/scalable/devices/network-wireless-connected-00.svg	pass	18941	6604	12337
svgs/oxygen-icons-5.113.0/scalable/devices/network-wireless-connected-100.svg	pass	56252	19723	36529
svgs/oxygen-icons-5.113.0/scalable/devices/network-wireless-connected-25.svg	pass	22376	10493	11883
svgs/oxygen-icons-5.113.0/scalable/devices/network-wireless-connected-50.svg	pass	27965	13427	14538
svgs/oxygen-icons-5.113.0/scalable/devices/network-wireless-connected-75.svg	pass	33086	16396	16690
svgs/oxygen-icons-5.113.0/scalable/devices/network-wireless-disconnected.svg	pass	15517	6601	8916
svgs/oxygen-icons-5.113.0/scalable/devices/network-wireless.svg	pass	56252	19723	36529
svgs/oxygen-icons-5.113.0/scalable/devices/pda.svg	pass	43406	22467	20939
svgs/oxygen-icons-5.113.0/scalable/devices/phone.svg	pass	375802	107359	268443
svgs/oxygen-icons-5.113.0/scalable/devices/printer-laser.svg	pass	40624	18948	21676
svgs/oxygen-icons-5.113.0/scalable/devices/printer.svg	pass	324517	190583	133934
svgs/oxygen-icons-5.113.0/scalable/devices/scanner.svg	mismatch	59574	22421	37153
svgs/oxygen-icons-5.113.0/scalable/devices/secure-card.svg	pass	1478109	619096	859013
svgs/oxygen-icons-5.113.0/scalable/devices/small/16x16/audio-headphones.svg	pass	78346	42019	36327
svgs/oxygen-icons-5.113.0/scalable/devices/small/16x16/audio-headset.svg	pass	28885	10605	18280
svgs/oxygen-icons-5.113.0/scalable/devices/small/16x16/audio-input-line.svg	pass	25959	13295	12664
svgs/oxygen-icons-5.113.0/scalable/devices/small/16x16/audio-input-microphone.svg	pass	69507	8918	60589
svgs/oxygen-icons-5.113.0/scalable/devices/small/16x16/battery.svg	pass	308013	29442	278571
svgs/oxygen-icons-5.113.0/scalable/devices/small/16x16/camera-photo.svg	pass	15190	7027	8163
svgs/oxygen-icons-5.113.0/scalable/devices/small/16x16/computer-laptop.svg	pass	1288265	1146133	142132
svgs/oxygen-icons-5.113.0/scalable/devices/small/16x16/computer.svg	pass	155339	78592	76747
svgs/oxygen-icons-5.113.0/scalable/devices/small/16x16/drive-harddisk.svg	pass	99921	29555	70366
svgs/oxygen-icons-5.113.0/scalable/devices/small/16x16/drive-optical.svg	pass	228286	115994	112292
svgs/oxygen-icons-5.113.0/scalable/devices/small/16x16/drive-removable-media-usb-pendrive.svg	pass	82593	7402	75191
svgs/oxygen-icons-5.113.0/scalable/devices/small/16x16/drive-removable-media.svg	pass	95946	5093	90853
svgs/oxygen-icons-5.113.0/scalable/devices/small/16x16/input-gaming.svg	pass	69411	30653	38758
svgs/oxygen-icons-5.113.0/scalable/devices/small/16x16/input-keyboard.svg	pass	80473	3135	77338
svgs/oxygen-icons-5.113.0/scalable/devices/small/16x16/input-mouse.svg	pass	30329	13339	16990
svgs/oxygen-icons-5.113.0/scalable/devices/small/16x16/input-tablet.svg	pass	68282	12636	55646
svgs/oxygen-icons-5.113.0/scalable/devices/small/16x16/media-flash-memory-stick.svg	pass	28838	6217	22621
svgs/oxygen-icons-5.113.0/scalable/devices/small/16x16/media-flash-sd-mmc.svg	pass	850567	155956	694611
svgs/oxygen-icons-5.113.0/scalable/devices/small/16x16/media-flash-smart-media.svg	pass	120660	9389	111271
svgs/oxygen-icons-5.113.0/scalable/devices/small/16x16/media-flash.svg	pass	97676	34748	62928
svgs/oxygen-icons-5.113.0/scalable/devices/small/16x16/media-floppy.svg	pass	1167176	749435	417741
svgs/oxygen-icons-5.113.0/scalable/devices/small/16x16/media-optical-audio.svg	mismatch	49695	27137	22558
svgs/oxygen-icons-5.113.0/scalable/devices/small/16x16/media-optical-data.svg	pass	30215	14084	16131
svgs/oxygen-icons-5.113.0/scalable/devices/small/16x16/media-optical-dvd.svg	pass	32692	13845	18847
svgs/oxygen-icons-5.113.0/scalable/devices/small/16x16/media-optical-mixed-cd.svg	pass	46619	22758	23861
svgs/oxygen-icons-5.113.0/scalable/devices/small/16x16/media-optical-recordable.svg	pass	28178	13019	15159
svgs/oxygen-icons-5.113.0/scalable/devices/small/16x16/media-optical-video.svg	pass	55265	22841	32424
svgs/oxygen-icons-5.113.0/scalable/devices/small/16x16/media-optical.svg	pass	839222	120733	718489
svgs/oxygen-icons-5.113.0/scalable/devices/small/16x16/media-tape.svg	pass	31242	17327	13915
svgs/oxygen-icons-5.113.0/scalable/devices/small/16x16/multimedia-player-apple-ipod.svg	pass	19848	9881	9967
svgs/oxygen-icons-5.113.0/scalable/devices/small/16x16/multimedia-player.svg	pass	34809	9803	25006
svgs/oxygen-icons-5.113.0/scalable/devices/small/16x16/network-wireless.svg	pass	34414	13346	21068
svgs/oxygen-icons-5.113.0/scalable/devices/small/16x16/pda.svg	pass	33461	13143	20318
svgs/oxygen-icons-5.113.0/scalable/devices/small/16x16/phone.svg	pass	10598	4405	6193
svgs/oxygen-icons-5.113.0/scalable/devices/small/16x16/printer.svg	pass	333908	200493	133415
svgs/oxygen-icons-5.113.0/scalable/devices/small/16x16/secure-card.svg	pass	898570	457316	441254
svgs/oxygen-icons-5.113.0/scalable/devices/small/16x16/smartphone.svg	pass	518878	252997	265881
svgs/oxygen-icons-5.113.0/scalable/devices/small/16x16/tablet.svg	pass	340077	230240	109837
svgs/oxygen-icons-5.113.0/scalable/devices/small/16x16/video-display.svg	pass	1304432	1164432	140000
svgs/oxygen-icons-5.113.0/scalable/devices/small/16x16/video-television.svg	pass	24505	6166	18339
svgs/oxygen-icons-5.113.0/scalable/devices/small/22x22/audio-headset.svg	pass	85841	45461	40380
svgs/oxygen-icons-5.113.0/scalable/devices/small/22x22/audio-input-line.svg	pass	24938	12092	12846
svgs/oxygen-icons-5.113.0/scalable/devices/small/22x22/audio-input-microphone.svg	pass	77129	11764	65365
svgs/oxygen-icons-5.113.0/scalable/devices/small/22x22/battery.svg	pass	308013	29442	278571
svgs/oxygen-icons-5.113.0/scalable/devices/small/22x22/camera-photo.svg	pass	15240	7111	8129
svgs/oxygen-icons-5.113.0/scalable/devices/small/22x22/computer-laptop.svg	pass	1306806	1159762	147044
svgs/oxygen-icons-5.113.0/scalable/devices/small/22x22/computer.svg	pass	131777	79977	51800
svgs/oxygen-icons-5.113.0/scalable/devices/small/22x22/drive-optical.svg	pass	228014	120310	107704
svgs/oxygen-icons-5.113.0/scalable/devices/small/22x22/input-gaming.svg	pass	80227	42470	37757
svgs/oxygen-icons-5.113.0/scalable/devices/small/22x22/input-mouse.svg	pass	33560	15339	18221
svgs/oxygen-icons-5.113.0/scalable/devices/small/22x22/media-flash-sd-mmc.svg	pass	481799	7717	474082
svgs/oxygen-icons-5.113.0/scalable/devices/small/22x22/media-floppy.svg	pass	570587	23995	546592
svgs/oxygen-icons-5.113.0/scalable/devices/small/22x22/media-optical-audio.svg	mismatch	49706	27137	22569
svgs/oxygen-icons-5.113.0/scalable/devices/small/22x22/media-optical-data.svg	pass	39219	16201	23018
svgs/oxygen-icons-5.113.0/scalable/devices/small/22x22/media-optical-dvd.svg	pass	32387	13822	18565
svgs/oxygen-icons-5.113.0/scalable/devices/small/22x22/media-optical-mixed-cd.svg	pass	59626	31750	27876
svgs/oxygen-icons-5.113.0/scalable/devices/small/22x22/media-optical-video.svg	pass	55694	23306	32388
svgs/oxygen-icons-5.113.0/scalable/devices/small/22x22/multimedia-player-apple-ipod.svg	pass	21915	10962	10953
svgs/oxygen-icons-5.113.0/scalable/devices/small/22x22/network-wireless-acquiring.svg	pass	82064	26630	55434
svgs/oxygen-icons-5.113.0/scalable/devices/small/22x22/network-wireless-connected-00.svg	pass	46678	4870	41808
svgs/oxygen-icons-5.113.0/scalable/devices/small/22x22/network-wireless-connected-100.svg	pass	62362	13559	48803
svgs/oxygen-icons-5.113.0/scalable/devices/small/22x22/network-wireless-connected-25.svg	pass	51439	7978	43461
svgs/oxygen-icons-5.113.0/scalable/devices/small/22x22/network-wireless-connected-50.svg	pass	54030	8172	45858
svgs/oxygen-icons-5.113.0/scalable/devices/small/22x22/network-wireless-connected-75.svg	pass	57075	10168	46907
svgs/oxygen-icons-5.113.0/scalable/devices/small/22x22/network-wireless-connected-alternativ-0.svg	pass	44106	2425	41681
svgs/oxygen-icons-5.113.0/scalable/devices/small/22x22/network-wireless-connected-alternativ-100.svg	pass	48678	4411	44267
svgs/oxygen-icons-5.113.0/scalable/devices/small/22x22/network-wireless-connected-alternativ-25.svg	pass	44945	3342	41603
svgs/oxygen-icons-5.113.0/scalable/devices/small/22x22/network-wireless-connected-alternativ-50.svg	pass	46060	3865	42195
svgs/oxygen-icons-5.113.0/scalable/devices/small/22x22/network-wireless-connected-alternativ-75.svg	pass	10388	3007	7381
svgs/oxygen-icons-5.113.0/scalable/devices/small/22x22/network-wireless-disconnected.svg	pass	51128	4760	46368
svgs/oxygen-icons-5.113.0/scalable/devices/small/22x22/network-wireless.svg	pass	62348	13559	48789
svgs/oxygen-icons-5.113.0/scalable/devices/small/22x22/phone.svg	pass	15288	6661	8627
svgs/oxygen-icons-5.113.0/scalable/devices/small/22x22/preferences-desktop-screensaver.svg	pass	71173	25420	45753
svgs/oxygen-icons-5.113.0/scalable/devices/small/22x22/printer.svg	pass	339291	203574	135717
svgs/oxygen-icons-5.113.0/scalable/devices/small/22x22/secure-card.svg	pass	1020131	459417	560714
svgs/oxygen-icons-5.113.0/scalable/devices/small/22x22/smartphone.svg	pass	515849	253328	262521
svgs/oxygen-icons-5.113.0/scalable/devices/small/22x22/tablet.svg	pass	340191	230405	109786
svgs/oxygen-icons-5.113.0/scalable/devices/small/22x22/video-display.svg	pass	1304504	1164465	140039
svgs/oxygen-icons-5.113.0/scalable/devices/small/32x32/audio-headphones.svg	pass	78202	41945	36257
svgs/oxygen-icons-5.113.0/scalable/devices/small/32x32/camera-photo.svg	pass	69969	33804	36165
svgs/oxygen-icons-5.113.0/scalable/devices/small/32x32/computer-laptop.svg	pass	2723203	2476764	246439
svgs/oxygen-icons-5.113.0/scalable/devices/small/32x32/computer.svg	pass	158745	82676	76069
svgs/oxygen-icons-5.113.0/scalable/devices/small/32x32/drive-optical.svg	pass	227494	119930	107564
svgs/oxygen-icons-5.113.0/scalable/devices/small/32x32/media-flash-sd-mmc.svg	pass	852066	157938	694128
svgs/oxygen-icons-5.113.0/scalable/devices/small/32x32/media-floppy.svg	pass	1167505	749661	417844
svgs/oxygen-icons-5.113.0/scalable/devices/small/32x32/media-optical-audio.svg	mismatch	49691	27127	22564
svgs/oxygen-icons-5.113.0/scalable/devices/small/32x32/media-optical-blu-ray.svg	pass	43918	16310	27608
svgs/oxygen-icons-5.113.0/scalable/devices/small/32x32/media-optical-data.svg	pass	40136	16603	23533
svgs/oxygen-icons-5.113.0/scalable/devices/small/32x32/media-optical-dvd-video.svg	pass	52086	27259	24827
svgs/oxygen-icons-5.113.0/scalable/devices/small/32x32/media-optical-dvd.svg	pass	33223	16024	17199
svgs/oxygen-icons-5.113.0/scalable/devices/small/32x32/media-optical-mixed-cd.svg	pass	59814	31903	27911
svgs/oxygen-icons-5.113.0/scalable/devices/small/32x32/media-optical-recordable.svg	pass	28317	13355	14962
svgs/oxygen-icons-5.113.0/scalable/devices/small/32x32/media-optical-video.svg	pass	47140	23878	23262
svgs/oxygen-icons-5.113.0/scalable/devices/small/32x32/media-optical.svg	pass	26781	12644	14137
svgs/oxygen-icons-5.113.0/scalable/devices/small/32x32/multimedia-player-ipod.svg	pass	21731	10841	10890
svgs/oxygen-icons-5.113.0/scalable/devices/small/32x32/network-wireless-acquiring.svg	pass	87470	35460	52010
svgs/oxygen-icons-5.113.0/scalable/devices/small/32x32/network-wireless-connected-00.svg	pass	50171	8426	41745
svgs/oxygen-icons-5.113.0/scalable/devices/small/32x32/network-wireless-connected-100.svg	pass	64914	22369	42545
svgs/oxygen-icons-5.113.0/scalable/devices/small/32x32/network-wireless-connected-25.svg	pass	57867	13413	44454
svgs/oxygen-icons-5.113.0/scalable/devices/small/32x32/network-wireless-connected-50.svg	pass	65086	17314	47772
svgs/oxygen-icons-5.113.0/scalable/devices/small/32x32/network-wireless-connected-75.svg	pass	70208	20702	49506
svgs/oxygen-icons-5.113.0/scalable/devices/small/32x32/network-wireless-disconnected.svg	pass	49893	8418	41475
svgs/oxygen-icons-5.113.0/scalable/devices/small/32x32/network-wireless.svg	pass	64914	22369	42545
svgs/oxygen-icons-5.113.0/scalable/devices/small/32x32/phone.svg	pass	22882	12290	10592
svgs/oxygen-icons-5.113.0/scalable/devices/small/32x32/printer-laser.svg	pass	32999	14217	18782
svgs/oxygen-icons-5.113.0/scalable/devices/small/32x32/printer.svg	pass	340074	202501	137573
svgs/oxygen-icons-5.113.0/scalable/devices/small/32x32/secure-card.svg	pass	1461099	607066	854033
svgs/oxygen-icons-5.113.0/scalable/devices/small/32x32/smartphone.svg	pass	515918	253556	262362
svgs/oxygen-icons-5.113.0/scalable/devices/small/32x32/tablet.svg	pass	348143	238502	109641
svgs/oxygen-icons-5.113.0/scalable/devices/small/32x32/video-display.svg	pass	1321815	1176197	145618
svgs/oxygen-icons-5.113.0/scalable/devices/small/48x48/computer-laptop.svg	pass	2732458	2484135	248323
svgs/oxygen-icons-5.113.0/scalable/devices/small/48x48/computer.svg	pass	136498	82842	53656
svgs/oxygen-icons-5.113.0/scalable/devices/small/48x48/media-flash-sd-mmc.svg	pass	167127	157422	9705
svgs/oxygen-icons-5.113.0/scalable/devices/small/48x48/media-floppy.svg	pass	1167494	749236	418258
svgs/oxygen-icons-5.113.0/scalable/devices/small/48x48/media-optical-audio.svg	mismatch	50940	28787	22153
svgs/oxygen-icons-5.113.0/scalable/devices/small/48x48/media-optical-blu-ray.svg	pass	52775	19819	32956
svgs/oxygen-icons-5.113.0/scalable/devices/small/48x48/media-optical-data.svg	pass	59109	29456	29653
svgs/oxygen-icons-5.113.0/scalable/devices/small/48x48/media-optical-dvd-video.svg	pass	310997	261823	49174
svgs/oxygen-icons-5.113.0/scalable/devices/small/48x48/media-optical-dvd.svg	mismatch	42407	18177	24230
svgs/oxygen-icons-5.113.0/scalable/devices/small/48x48/media-optical-mixed-cd.svg	pass	67887	38245	29642
svgs/oxygen-icons-5.113.0/scalable/devices/small/48x48/media-optical-recordable.svg	pass	29275	15022	14253
svgs/oxygen-icons-5.113.0/scalable/devices/small/48x48/media-optical-video.svg	pass	299582	257950	41632
svgs/oxygen-icons-5.113.0/scalable/devices/small/48x48/media-optical.svg	pass	28025	14310	13715
svgs/oxygen-icons-5.113.0/scalable/devices/small/48x48/network-wireless-connected-00.svg	pass	18167	6948	11219
svgs/oxygen-icons-5.113.0/scalable/devices/small/48x48/network-wireless-connected-25.svg	pass	27578	11771	15807
svgs/oxygen-icons-5.113.0/scalable/devices/small/48x48/network-wireless-connected-50.svg	pass	35375	15642	19733
svgs/oxygen-icons-5.113.0/scalable/devices/small/48x48/network-wireless-connected-75.svg	pass	50360	18839	31521
svgs/oxygen-icons-5.113.0/scalable/devices/small/48x48/network-wireless-disconnected.svg	pass	18172	6952	11220
svgs/oxygen-icons-5.113.0/scalable/devices/small/48x48/network-wireless.svg	pass	62956	22241	40715
svgs/oxygen-icons-5.113.0/scalable/devices/small/48x48/printer-laser.svg	pass	36518	18290	18228
svgs/oxygen-icons-5.113.0/scalable/devices/small/48x48/printer.svg	pass	323403	189345	134058
svgs/oxygen-icons-5.113.0/scalable/devices/small/48x48/secure-card.svg	pass	1476693	618804	857889
svgs/oxygen-icons-5.113.0/scalable/devices/small/48x48/smartphone.svg	pass	516403	253926	262477
svgs/oxygen-icons-5.113.0/scalable/devices/small/48x48/tablet.svg	pass	348030	238475	109555
svgs/oxygen-icons-5.113.0/scalable/devices/small/48x48/video-display.svg	pass	1321879	1176209	145670
svgs/oxygen-icons-5.113.0/scalable/devices/small/64x64/camera-photo.svg	pass	69897	33740	36157
svgs/oxygen-icons-5.113.0/scalable/devices/small/64x64/computer-laptop.svg	pass	2912396	2597878	314518
svgs/oxygen-icons-5.113.0/scalable/devices/small/64x64/computer.svg	pass	158867	82713	76154
svgs/oxygen-icons-5.113.0/scalable/devices/small/64x64/media-flash-sd-mmc.svg	pass	632715	156230	476485
svgs/oxygen-icons-5.113.0/scalable/devices/small/64x64/media-floppy.svg	pass	1168060	749233	418827
svgs/oxygen-icons-5.113.0/scalable/devices/small/64x64/media-optical-dvd-video.svg	mismatch	329778	275995	53783
svgs/oxygen-icons-5.113.0/scalable/devices/small/64x64/media-optical-dvd.svg	pass	32118	16313	15805
svgs/oxygen-icons-5.113.0/scalable/devices/small/64x64/network-wireless-connected-100.svg	pass	61766	21775	39991
svgs/oxygen-icons-5.113.0/scalable/devices/small/64x64/network-wireless-connected-25.svg	pass	23659	10780	12879
svgs/oxygen-icons-5.113.0/scalable/devices/small/64x64/network-wireless-connected-50.svg	pass	29355	13773	15582
svgs/oxygen-icons-5.113.0/scalable/devices/small/64x64/network-wireless-connected-75.svg	pass	34383	16761	17622
svgs/oxygen-icons-5.113.0/scalable/devices/small/64x64/network-wireless.svg	pass	61766	21775	39991
svgs/oxygen-icons-5.113.0/scalable/devices/small/64x64/printer-laser.svg	pass	35317	17421	17896
svgs/oxygen-icons-5.113.0/scalable/devices/small/64x64/printer.svg	pass	324159	190123	134036
svgs/oxygen-icons-5.113.0/scalable/devices/small/64x64/smartphone.svg	pass	516860	254121	262739
svgs/oxygen-icons-5.113.0/scalable/devices/small/64x64/tablet.svg	pass	348095	238592	109503
svgs/oxygen-icons-5.113.0/scalable/devices/small/64x64/video-display.svg	pass	1314470	1173630	140840
svgs/oxygen-icons-5.113.0/scalable/devices/smartphone.svg	pass	518487	255322	263165
svgs/oxygen-icons-5.113.0/scalable/devices/tablet.svg	pass	347836	238393	109443
svgs/oxygen-icons-5.113.0/scalable/devices/tools-media-optical-format.svg	pass	60875	32884	27991
svgs/oxygen-icons-5.113.0/scalable/devices/video-display.svg	pass	1314595	1175351	139244
svgs/oxygen-icons-5.113.0/scalable/devices/video-projector.svg	pass	82986	37877	45109
svgs/oxygen-icons-5.113.0/scalable/devices/video-television.svg	pass	43744	13487	30257
svgs/oxygen-icons-5.113.0/scalable/emblems/emblem-encrypted-locked.svg	pass	11209	3649	7560
svgs/oxygen-icons-5.113.0/scalable/emblems/emblem-encrypted-unlocked.svg	pass	10499	3891	6608
svgs/oxygen-icons-5.113.0/scalable/emblems/emblem-favorite.svg	pass	15473	7963	7510
svgs/oxygen-icons-5.113.0/scalable/emblems/emblem-important.svg	pass	49760	4999	44761
svgs/oxygen-icons-5.113.0/scalable/emblems/emblem-locked.svg	pass	7614	2362	5252
svgs/oxygen-icons-5.113.0/scalable/emblems/emblem-mounted.svg	pass	13718	4554	9164
svgs/oxygen-icons-5.113.0/scalable/emblems/emblem-new.svg	pass	127667	19505	108162
svgs/oxygen-icons-5.113.0/scalable/emblems/emblem-symbolic-link.svg	pass	7041	2508	4533
svgs/oxygen-icons-5.113.0/scalable/emblems/emblem-unlocked.svg	pass	7530	2396	5134
svgs/oxygen-icons-5.113.0/scalable/emblems/emblem-unmounted.svg	pass	7731	2290	5441
svgs/oxygen-icons-5.113.0/scalable/emblems/image-has-versions-open.svg	pass	107703	3073	104630
svgs/oxygen-icons-5.113.0/scalable/emblems/image-has-versions.svg	pass	56185	2795	53390
svgs/oxygen-icons-5.113.0/scalable/emblems/image-stack-open.svg	pass	107451	2515	104936
svgs/oxygen-icons-5.113.0/scalable/emblems/image-stack.svg	pass	55947	2275	53672
svgs/oxygen-icons-5.113.0/scalable/emblems/small/16x16/emblem-encrypted-locked.svg	pass	12952	4842	8110
svgs/oxygen-icons-5.113.0/scalable/emblems/small/16x16/emblem-encrypted-unlocked.svg	pass	20452	5089	15363
svgs/oxygen-icons-5.113.0/scalable/emblems/small/16x16/emblem-important.svg	pass	49760	4999	44761
svgs/oxygen-icons-5.113.0/scalable/emblems/small/16x16/emblem-link.svg	pass	7118	2508	4610
svgs/oxygen-icons-5.113.0/scalable/emblems/small/16x16/emblem-locked.svg	pass	8382	2507	5875
svgs/oxygen-icons-5.113.0/scalable/emblems/small/16x16/emblem-mounted.svg	pass	8559	3287	5272
svgs/oxygen-icons-5.113.0/scalable/emblems/small/16x16/emblem-new.svg	pass	113695	19396	94299
svgs/oxygen-icons-5.113.0/scalable/emblems/small/16x16/emblem-unlocked.svg	pass	8283	2510	5773
svgs/oxygen-icons-5.113.0/scalable/emblems/small/16x16/emblem-unmounted.svg	pass	8605	2301	6304
svgs/oxygen-icons-5.113.0/scalable/emblems/small/16x16/gpg-key-trust-level-0.svg	pass	11659	4618	7041
svgs/oxygen-icons-5.113.0/scalable/emblems/small/16x16/gpg-key-trust-level-1.svg	pass	11635	4049	7586
svgs/oxygen-icons-5.113.0/scalable/emblems/small/16x16/gpg-key-trust-level-2.svg	pass	11900	4056	7844
svgs/oxygen-icons-5.113.0/scalable/emblems/small/16x16/gpg-key-trust-level-3.svg	pass	12106	4056	8050
svgs/oxygen-icons-5.113.0/scalable/emblems/small/16x16/gpg-key-trust-level-4.svg	pass	16408	5659	10749
svgs/oxygen-icons-5.113.0/scalable/emblems/small/16x16/image-has-versions-open.svg	pass	107196	2038	105158
svgs/oxygen-icons-5.113.0/scalable/emblems/small/16x16/image-has-versions.svg	pass	106171	1825	104346
svgs/oxygen-icons-5.113.0/scalable/emblems/small/16x16/image-stack-open.svg	pass	107171	2038	105133
svgs/oxygen-icons-5.113.0/scalable/emblems/small/16x16/image-stack.svg	pass	106204	1825	104379
svgs/oxygen-icons-5.113.0/scalable/emblems/small/16x16/vcs-added.svg	pass	11532	2112	9420
svgs/oxygen-icons-5.113.0/scalable/emblems/small/16x16/vcs-conflicting.svg	pass	16832	1975	14857
svgs/oxygen-icons-5.113.0/scalable/emblems/small/16x16/vcs-locally-modified-unstaged.svg	pass	12005	2382	9623
svgs/oxygen-icons-5.113.0/scalable/emblems/small/16x16/vcs-locally-modified.svg	pass	12145	2502	9643
svgs/oxygen-icons-5.113.0/scalable/emblems/small/16x16/vcs-normal.svg	pass	30655	2088	28567
svgs/oxygen-icons-5.113.0/scalable/emblems/small/16x16/vcs-removed.svg	pass	22227	2114	20113
svgs/oxygen-icons-5.113.0/scalable/emblems/small/16x16/vcs-update-required.svg	pass	16881	2427	14454
svgs/oxygen-icons-5.113.0/scalable/emblems/small/22x22/emblem-encrypted-locked.svg	pass	13609	3492	10117
svgs/oxygen-icons-5.113.0/scalable/emblems/small/22x22/emblem-encrypted-unlocked.svg	pass	15631	3436	12195
svgs/oxygen-icons-5.113.0/scalable/emblems/small/22x22/emblem-important.svg	pass	49512	5161	44351
svgs/oxygen-icons-5.113.0/scalable/emblems/small/22x22/emblem-link.svg	pass	7231	2656	4575
svgs/oxygen-icons-5.113.0/scalable/emblems/small/22x22/emblem-locked.svg	pass	11118	2709	8409
svgs/oxygen-icons-5.113.0/scalable/emblems/small/22x22/emblem-mounted.svg	pass	12820	3824	8996
svgs/oxygen-icons-5.113.0/scalable/emblems/small/22x22/emblem-new.svg	pass	128008	19565	108443
svgs/oxygen-icons-5.113.0/scalable/emblems/small/22x22/emblem-unlocked.svg	pass	10992	2652	8340
svgs/oxygen-icons-5.113.0/scalable/emblems/small/22x22/emblem-unmounted.svg	pass	10860	2466	8394
svgs/oxygen-icons-5.113.0/scalable/emblems/small/22x22/image-has-versions-open.svg	pass	55504	2272	53232
svgs/oxygen-icons-5.113.0/scalable/emblems/small/22x22/image-has-versions.svg	pass	57462	2781	54681
svgs/oxygen-icons-5.113.0/scalable/emblems/small/22x22/image-stack-open.svg	pass	55690	2272	53418
svgs/oxygen-icons-5.113.0/scalable/emblems/small/22x22/image-stack.svg	pass	55372	2337	53035
svgs/oxygen-icons-5.113.0/scalable/emblems/small/22x22/vcs-added.svg	pass	17510	2012	15498
svgs/oxygen-icons-5.113.0/scalable/emblems/small/22x22/vcs-conflicting.svg	pass	36333	2097	34236
svgs/oxygen-icons-5.113.0/scalable/emblems/small/22x22/vcs-locally-modified-unstaged.svg	pass	15106	2386	12720
svgs/oxygen-icons-5.113.0/scalable/emblems/small/22x22/vcs-locally-modified.svg	pass	15590	2699	12891
svgs/oxygen-icons-5.113.0/scalable/emblems/small/22x22/vcs-normal.svg	pass	53673	2408	51265
svgs/oxygen-icons-5.113.0/scalable/emblems/small/22x22/vcs-removed.svg	pass	23389	2392	20997
svgs/oxygen-icons-5.113.0/scalable/emblems/small/22x22/vcs-update-required.svg	pass	29783	4509	25274
svgs/oxygen-icons-5.113.0/scalable/emblems/small/8x8/emblem-checked.svg	pass	7598	782	6816
svgs/oxygen-icons-5.113.0/scalable/emblems/small/8x8/emblem-encrypted-locked.svg	pass	8702	2158	6544
svgs/oxygen-icons-5.113.0/scalable/emblems/small/8x8/emblem-encrypted-unlocked.svg	pass	9064	2357	6707
svgs/oxygen-icons-5.113.0/scalable/emblems/small/8x8/emblem-important.svg	pass	49457	4981	44476
svgs/oxygen-icons-5.113.0/scalable/emblems/small/8x8/emblem-link.svg	pass	6655	1418	5237
svgs/oxygen-icons-5.113.0/scalable/emblems/small/8x8/emblem-locked.svg	pass	6645	1230	5415
svgs/oxygen-icons-5.113.0/scalable/emblems/small/8x8/emblem-mounted.svg	pass	6347	1342	5005
svgs/oxygen-icons-5.113.0/scalable/emblems/small/8x8/emblem-pause.svg	pass	3801	730	3071
svgs/oxygen-icons-5.113.0/scalable/emblems/small/8x8/emblem-unlocked.svg	pass	6350	1086	5264
svgs/oxygen-icons-5.113.0/scalable/emblems/small/8x8/emblem-unmounted.svg	pass	6444	1034	5410
svgs/oxygen-icons-5.113.0/scalable/emblems/small/8x8/vcs-added.svg	pass	7205	604	6601
svgs/oxygen-icons-5.113.0/scalable/emblems/small/8x8/vcs-conflicting.svg	pass	7964	650	7314
svgs/oxygen-icons-5.113.0/scalable/emblems/small/8x8/vcs-locally-modified-unstaged.svg	pass	7827	731	7096
svgs/oxygen-icons-5.113.0/scalable/emblems/small/8x8/vcs-locally-modified.svg	pass	7531	805	6726
svgs/oxygen-icons-5.113.0/scalable/emblems/small/8x8/vcs-normal.svg	pass	7063	733	6330
svgs/oxygen-icons-5.113.0/scalable/emblems/small/8x8/vcs-removed.svg	pass	7672	733	6939
svgs/oxygen-icons-5.113.0/scalable/emblems/small/8x8/vcs-update-required.svg	pass	7835	809	7026
svgs/oxygen-icons-5.113.0/scalable/emblems/vcs-added.svg	pass	40414	4192	36222
svgs/oxygen-icons-5.113.0/scalable/emblems/vcs-conflicting.svg	pass	43213	4573	38640
svgs/oxygen-icons-5.113.0/scalable/emblems/vcs-locally-modified-unstaged.svg	pass	28899	2730	26169
svgs/oxygen-icons-5.113.0/scalable/emblems/vcs-locally-modified.svg	pass	28319	2428	25891
svgs/oxygen-icons-5.113.0/scalable/emblems/vcs-normal.svg	pass	8538	2176	6362
svgs/oxygen-icons-5.113.0/scalable/emblems/vcs-removed.svg	pass	26552	4154	22398
svgs/oxygen-icons-5.113.0/scalable/emblems/vcs-update-required.svg	pass	51839	2447	49392
svgs/oxygen-icons-5.113.0/scalable/emotes/emotes.svg	pass	359139	160206	198933
svgs/oxygen-icons-5.113.0/scalable/emotes/face-angel.svg	pass	30100	13796	16304
svgs/oxygen-icons-5.113.0/scalable/emotes/face-embarrassed.svg	pass	26651	10663	15988
svgs/oxygen-icons-5.113.0/scalable/emotes/face-kiss.svg	pass	65738	23421	42317
svgs/oxygen-icons-5.113.0/scalable/emotes/face-laugh.svg	pass	40774	20631	20143
svgs/oxygen-icons-5.113.0/scalable/emotes/face-plain.svg	pass	19766	8397	11369
svgs/oxygen-icons-5.113.0/scalable/emotes/face-raspberry.svg	pass	52440	16718	35722
svgs/oxygen-icons-5.113.0/scalable/emotes/face-sad.svg	pass	20820	8673	12147
svgs/oxygen-icons-5.113.0/scalable/emotes/face-smile-big.svg	pass	33778	14053	19725
svgs/oxygen-icons-5.113.0/scalable/emotes/face-smile.svg	pass	21433	10031	11402
svgs/oxygen-icons-5.113.0/scalable/emotes/face-surprise.svg	pass	26571	11904	14667
svgs/oxygen-icons-5.113.0/scalable/emotes/face-uncertain.svg	pass	23253	10764	12489
svgs/oxygen-icons-5.113.0/scalable/emotes/face-wink.svg	pass	38709	13992	24717
svgs/oxygen-icons-5.113.0/scalable/emotes/small/16x16/face-angel.svg	pass	30100	13796	16304
svgs/oxygen-icons-5.113.0/scalable/emotes/small/16x16/face-kiss.svg	pass	63166	21448	41718
svgs/oxygen-icons-5.113.0/scalable/emotes/small/16x16/face-laugh.svg	pass	55651	19369	36282
svgs/oxygen-icons-5.113.0/scalable/emotes/small/16x16/face-raspberry.svg	pass	59985	12975	47010
svgs/oxygen-icons-5.113.0/scalable/emotes/small/16x16/face-sad.svg	pass	20505	8665	11840
svgs/oxygen-icons-5.113.0/scalable/emotes/small/16x16/face-smile-big.svg	pass	37730	15722	22008
svgs/oxygen-icons-5.113.0/scalable/emotes/small/16x16/face-uncertain.svg	pass	30530	10678	19852
svgs/oxygen-icons-5.113.0/scalable/emotes/small/22x22/face-angel.svg	pass	27696	12514	15182
svgs/oxygen-icons-5.113.0/scalable/emotes/small/22x22/face-confused.svg	pass	30605	7045	23560
svgs/oxygen-icons-5.113.0/scalable/emotes/small/22x22/face-crying.svg	pass	30453	10835	19618
svgs/oxygen-icons-5.113.0/scalable/emotes/small/22x22/face-devilish.svg	pass	22050	9347	12703
svgs/oxygen-icons-5.113.0/scalable/emotes/small/22x22/face-embarrassed.svg	pass	18876	6983	11893
svgs/oxygen-icons-5.113.0/scalable/emotes/small/22x22/face-foot-in-mouth.svg	pass	28362	6607	21755
svgs/oxygen-icons-5.113.0/scalable/emotes/small/22x22/face-glasses.svg	pass	28911	12963	15948
svgs/oxygen-icons-5.113.0/scalable/emotes/small/22x22/face-kiss.svg	pass	63131	21412	41719
svgs/oxygen-icons-5.113.0/scalable/emotes/small/22x22/face-laugh.svg	pass	55500	19433	36067
svgs/oxygen-icons-5.113.0/scalable/emotes/small/22x22/face-plain.svg	pass	16622	5694	10928
svgs/oxygen-icons-5.113.0/scalable/emotes/small/22x22/face-raspberry.svg	pass	61899	12957	48942
svgs/oxygen-icons-5.113.0/scalable/emotes/small/22x22/face-sad.svg	pass	20509	8675	11834
svgs/oxygen-icons-5.113.0/scalable/emotes/small/22x22/face-sleep.svg	pass	19387	6855	12532
svgs/oxygen-icons-5.113.0/scalable/emotes/small/22x22/face-smile-big.svg	pass	37383	15384	21999
svgs/oxygen-icons-5.113.0/scalable/emotes/small/22x22/face-smile-gearhead-female.svg	pass	50476	16228	34248
svgs/oxygen-icons-5.113.0/scalable/emotes/small/22x22/face-smile-gearhead-male.svg	pass	68471	15905	52566
svgs/oxygen-icons-5.113.0/scalable/emotes/small/22x22/face-smile.svg	pass	17170	6147	11023
svgs/oxygen-icons-5.113.0/scalable/emotes/small/22x22/face-surprise.svg	pass	16703	5820	10883
svgs/oxygen-icons-5.113.0/scalable/emotes/small/22x22/face-uncertain.svg	pass	26402	9912	16490
svgs/oxygen-icons-5.113.0/scalable/emotes/small/22x22/face-wink.svg	pass	17585	6295	11290
svgs/oxygen-icons-5.113.0/scalable/mimetypes/application-epub+zip.svg	pass	2408632	1966655	441977
svgs/oxygen-icons-5.113.0/scalable/mimetypes/application-illustrator.svg	pass	70976	12542	58434
svgs/oxygen-icons-5.113.0/scalable/mimetypes/application-javascript.svg	pass	99690	22920	76770
svgs/oxygen-icons-5.113.0/scalable/mimetypes/application-msword-template.svg	pass	1657201	915977	741224
svgs/oxygen-icons-5.113.0/scalable/mimetypes/application-msword.svg	pass	1610582	906178	704404
svgs/oxygen-icons-5.113.0/scalable/mimetypes/application-octet-stream.svg	pass	268257	152199	116058
svgs/oxygen-icons-5.113.0/scalable/mimetypes/application-pdf.svg	pass	52854	9485	43369
svgs/oxygen-icons-5.113.0/scalable/mimetypes/application-pgp-encrypted.svg	pass	185526	23004	162522
svgs/oxygen-icons-5.113.0/scalable/mimetypes/application-pgp-keys.svg	pass	405316	81233	324083
svgs/oxygen-icons-5.113.0/scalable/mimetypes/application-pgp-signature.svg	pass	71065	22730	48335
svgs/oxygen-icons-5.113.0/scalable/mimetypes/application-pkcs7-mime.svg	pass	402706	81304	321402
svgs/oxygen-icons-5.113.0/scalable/mimetypes/application-pkcs7-signature.svg	pass	71065	22730	48335
svgs/oxygen-icons-5.113.0/scalable/mimetypes/application-postscript.svg	pass	121170	40693	80477
svgs/oxygen-icons-5.113.0/scalable/mimetypes/application-relaxng.svg	pass	1685920	604006	1081914
svgs/oxygen-icons-5.113.0/scalable/mimetypes/application-rss+xml.svg	pass	19514	9017	10497
svgs/oxygen-icons-5.113.0/scalable/mimetypes/application-rtf.svg	pass	332943	147696	185247
svgs/oxygen-icons-5.113.0/scalable/mimetypes/application-sxw.svg	pass	358130	177753	180377
svgs/oxygen-icons-5.113.0/scalable/mimetypes/application-vnd-google-earth-kml.svg	pass	65006	9925	55081
svgs/oxygen-icons-5.113.0/scalable/mimetypes/application-vnd.iccprofile.svg	pass	193841	53956	139885
svgs/oxygen-icons-5.113.0/scalable/mimetypes/application-vnd.ms-access.svg	pass	243006	64598	178408
svgs/oxygen-icons-5.113.0/scalable/mimetypes/application-vnd.ms-excel.svg	pass	94467	24793	69674
svgs/oxygen-icons-5.113.0/scalable/mimetypes/application-vnd.ms-powerpoint.svg	pass	212135	39138	172997
svgs/oxygen-icons-5.113.0/scalable/mimetypes/application-vnd.oasis.opendocument.chart.svg	pass	257068	66789	190279
svgs/oxygen-icons-5.113.0/scalable/mimetypes/application-vnd.oasis.opendocument.database.svg	pass	714235	172491	541744
svgs/oxygen-icons-5.113.0/scalable/mimetypes/application-vnd.oasis.opendocument.formula-template.svg	pass	385049	170677	214372
svgs/oxygen-icons-5.113.0/scalable/mimetypes/application-vnd.oasis.opendocument.formula.svg	pass	336433	162993	173440
svgs/oxygen-icons-5.113.0/scalable/mimetypes/application-vnd.oasis.opendocument.graphics.svg	pass	186069	36622	149447
svgs/oxygen-icons-5.113.0/scalable/mimetypes/application-vnd.oasis.opendocument.image.svg	pass	314727	118955	195772
svgs/oxygen-icons-5.113.0/scalable/mimetypes/application-vnd.oasis.opendocument.presentation-template.svg	pass	254642	42206	212436
svgs/oxygen-icons-5.113.0/scalable/mimetypes/application-vnd.oasis.opendocument.presentation.svg	pass	207440	36087	171353
svgs/oxygen-icons-5.113.0/scalable/mimetypes/application-vnd.oasis.opendocument.spreadsheet-template.svg	pass	125900	29325	96575
svgs/oxygen-icons-5.113.0/scalable/mimetypes/application-vnd.oasis.opendocument.spreadsheet.svg	pass	86189	22792	63397
svgs/oxygen-icons-5.113.0/scalable/mimetypes/application-vnd.oasis.opendocument.text.svg	pass	1569188	908163	661025
svgs/oxygen-icons-5.113.0/scalable/mimetypes/application-vnd.openxmlformats-officedocument.wordprocessingml.document.svg	pass	1569188	908163	661025
svgs/oxygen-icons-5.113.0/scalable/mimetypes/application-vnd.rn-realmedia.svg	pass	112565	33525	79040
svgs/oxygen-icons-5.113.0/scalable/mimetypes/application-vnd.scribus.svg	pass	568919	139882	429037
svgs/oxygen-icons-5.113.0/scalable/mimetypes/application-vnd.stardivision.calc.svg	pass	86189	22792	63397
svgs/oxygen-icons-5.113.0/scalable/mimetypes/application-vnd.stardivision.draw.svg	pass	314727	118955	195772
svgs/oxygen-icons-5.113.0/scalable/mimetypes/application-vnd.stardivision.mail.svg	pass	909212	427382	481830
svgs/oxygen-icons-5.113.0/scalable/mimetypes/application-vnd.stardivision.math.svg	pass	336433	162993	173440
svgs/oxygen-icons-5.113.0/scalable/mimetypes/application-vnd.sun.xml.calc.svg	pass	86189	22792	63397
svgs/oxygen-icons-5.113.0/scalable/mimetypes/application-vnd.sun.xml.calc.template.svg	pass	125900	29325	96575
svgs/oxygen-icons-5.113.0/scalable/mimetypes/application-vnd.sun.xml.draw.svg	pass	314727	118955	195772
svgs/oxygen-icons-5.113.0/scalable/mimetypes/application-vnd.sun.xml.draw.template.svg	pass	353471	126623	226848
svgs/oxygen-icons-5.113.0/scalable/mimetypes/application-vnd.sun.xml.math.svg	pass	336433	162993	173440
svgs/oxygen-icons-5.113.0/scalable/mimetypes/application-vnd.sun.xml.writer.template.svg	pass	1694720	930529	764191
svgs/oxygen-icons-5.113.0/scalable/mimetypes/application-vnd.wordperfect.svg	pass	1560458	912302	648156
svgs/oxygen-icons-5.113.0/scalable/mimetypes/application-x-7z-compressed.svg	pass	259194	100730	158464
svgs/oxygen-icons-5.113.0/scalable/mimetypes/application-x-abiword.svg	pass	1569188	908163	661025
svgs/oxygen-icons-5.113.0/scalable/mimetypes/application-x-ace.svg	pass	259194	100730	158464
svgs/oxygen-icons-5.113.0/scalable/mimetypes/application-x-applix-spreadsheet.svg	pass	86189	22792	63397
svgs/oxygen-icons-5.113.0/scalable/mimetypes/application-x-applix-word.svg	pass	1530847	881760	649087
svgs/oxygen-icons-5.113.0/scalable/mimetypes/application-x-ar.svg	pass	109368	35818	73550
svgs/oxygen-icons-5.113.0/scalable/mimetypes/application-x-arc.svg	pass	259194	100730	158464
svgs/oxygen-icons-5.113.0/scalable/mimetypes/application-x-archive.svg	pass	109357	35818	73539
svgs/oxygen-icons-5.113.0/scalable/mimetypes/application-x-arj.svg	pass	259194	100730	158464
svgs/oxygen-icons-5.113.0/scalable/mimetypes/application-x-awk.svg	pass	16525	8701	7824
svgs/oxygen-icons-5.113.0/scalable/mimetypes/application-x-bittorrent.svg	pass	257770	125394	132376
svgs/oxygen-icons-5.113.0/scalable/mimetypes/application-x-blender.svg	pass	105766	31029	74737
svgs/oxygen-icons-5.113.0/scalable/mimetypes/application-x-bzdvi.svg	pass	263990	99150	164840
svgs/oxygen-icons-5.113.0/scalable/mimetypes/application-x-bzip-compressed-tar.svg	pass	259194	100730	158464
svgs/oxygen-icons-5.113.0/scalable/mimetypes/application-x-bzip.svg	pass	242757	90505	152252
svgs/oxygen-icons-5.113.0/scalable/mimetypes/application-x-cd-image.svg	pass	166573	58639	107934
svgs/oxygen-icons-5.113.0/scalable/mimetypes/application-x-cda.svg	pass	172805	68185	104620
svgs/oxygen-icons-5.113.0/scalable/mimetypes/application-x-chm.svg	pass	75648	12224	63424
svgs/oxygen-icons-5.113.0/scalable/mimetypes/application-x-compress.svg	pass	242757	90505	152252
svgs/oxygen-icons-5.113.0/scalable/mimetypes/application-x-compressed-tar.svg	pass	110450	36789	73661
svgs/oxygen-icons-5.113.0/scalable/mimetypes/application-x-cpio.svg	pass	109368	35818	73550
svgs/oxygen-icons-5.113.0/scalable/mimetypes/application-x-cue.svg	pass	332179	179569	152610
svgs/oxygen-icons-5.113.0/scalable/mimetypes/application-x-deb.svg	pass	110252	36789	73463
svgs/oxygen-icons-5.113.0/scalable/mimetypes/application-x-designer.svg	pass	179733	56844	122889
svgs/oxygen-icons-5.113.0/scalable/mimetypes/application-x-desktop.svg	pass	87360	40487	46873
svgs/oxygen-icons-5.113.0/scalable/mimetypes/application-x-egon.svg	pass	246742	155234	91508
svgs/oxygen-icons-5.113.0/scalable/mimetypes/application-x-executable-script.svg	pass	951916	44099	907817
svgs/oxygen-icons-5.113.0/scalable/mimetypes/application-x-executable.svg	pass	87360	40487	46873
svgs/oxygen-icons-5.113.0/scalable/mimetypes/application-x-font-afm.svg	pass	124645	28888	95757
svgs/oxygen-icons-5.113.0/scalable/mimetypes/application-x-font-bdf.svg	pass	97112	31835	65277
svgs/oxygen-icons-5.113.0/scalable/mimetypes/application-x-font-otf.svg	pass	105405	34316	71089
svgs/oxygen-icons-5.113.0/scalable/mimetypes/application-x-font-pcf.svg	pass	97112	31835	65277
svgs/oxygen-icons-5.113.0/scalable/mimetypes/application-x-font-snf.svg	pass	97112	31835	65277
svgs/oxygen-icons-5.113.0/scalable/mimetypes/application-x-font-ttf.svg	pass	101745	27247	74498
svgs/oxygen-icons-5.113.0/scalable/mimetypes/application-x-font-type1.svg	pass	124645	28888	95757
svgs/oxygen-icons-5.113.0/scalable/mimetypes/application-x-gnumeric.svg	pass	86189	22792	63397
svgs/oxygen-icons-5.113.0/scalable/mimetypes/application-x-gzdvi.svg	pass	263990	99150	164840
svgs/oxygen-icons-5.113.0/scalable/mimetypes/application-x-gzip.svg	pass	242757	90505	152252
svgs/oxygen-icons-5.113.0/scalable/mimetypes/application-x-gzpostscript.svg	pass	467865	110038	357827
svgs/oxygen-icons-5.113.0/scalable/mimetypes/application-x-it87.svg	pass	193841	53956	139885
svgs/oxygen-icons-5.113.0/scalable/mimetypes/application-x-java-applet.svg	pass	1630899	803317	827582
svgs/oxygen-icons-5.113.0/scalable/mimetypes/application-x-java-archive.svg	pass	110450	36789	73661
svgs/oxygen-icons-5.113.0/scalable/mimetypes/application-x-java.svg	pass	130184	46423	83761
svgs/oxygen-icons-5.113.0/scalable/mimetypes/application-x-javascript.svg	pass	99690	22920	76770
svgs/oxygen-icons-5.113.0/scalable/mimetypes/application-x-k3b.svg	mismatch	319839	181795	138044
svgs/oxygen-icons-5.113.0/scalable/mimetypes/application-x-kcsrc.svg	pass	153904	51245	102659
svgs/oxygen-icons-5.113.0/scalable/mimetypes/application-x-kexi-connectiondata.svg	pass	769022	187969	581053
svgs/oxygen-icons-5.113.0/scalable/mimetypes/application-x-kexiproject-shortcut.svg	pass	769360	188287	581073
svgs/oxygen-icons-5.113.0/scalable/mimetypes/application-x-kexiproject-sqlite.svg	pass	714235	172491	541744
svgs/oxygen-icons-5.113.0/scalable/mimetypes/application-x-kexiproject-sqlite2.svg	pass	714235	172491	541744
svgs/oxygen-icons-5.113.0/scalable/mimetypes/application-x-kexiproject-sqlite3.svg	pass	714235	172491	541744
svgs/oxygen-icons-5.113.0/scalable/mimetypes/application-x-kformula.svg	pass	336433	162993	173440
svgs/oxygen-icons-5.113.0/scalable/mimetypes/application-x-kgetlist.svg	pass	103849	32185	71664
svgs/oxygen-icons-5.113.0/scalable/mimetypes/application-x-kontour.svg	pass	143538	24676	118862
svgs/oxygen-icons-5.113.0/scalable/mimetypes/application-x-kplato.svg	pass	267269	131615	135654
svgs/oxygen-icons-5.113.0/scalable/mimetypes/application-x-krita.svg	pass	259370	95372	163998
svgs/oxygen-icons-5.113.0/scalable/mimetypes/application-x-kvtml.svg	mismatch	80705	9180	71525
svgs/oxygen-icons-5.113.0/scalable/mimetypes/application-x-kword.svg	pass	1569188	908163	661025
svgs/oxygen-icons-5.113.0/scalable/mimetypes/application-x-lha.svg	pass	259194	100730	158464
svgs/oxygen-icons-5.113.0/scalable/mimetypes/application-x-lyx.svg	pass	1515599	884167	631432
svgs/oxygen-icons-5.113.0/scalable/mimetypes/application-x-lzma-compressed-tar.svg	pass	109368	35818	73550
svgs/oxygen-icons-5.113.0/scalable/mimetypes/application-x-lzop.svg	pass	242757	90505	152252
svgs/oxygen-icons-5.113.0/scalable/mimetypes/application-x-m4.svg	pass	268333	119905	148428
svgs/oxygen-icons-5.113.0/scalable/mimetypes/application-x-marble.svg	pass	573840	225697	348143
svgs/oxygen-icons-5.113.0/scalable/mimetypes/application-x-mimearchive.svg	pass	909212	427382	481830
svgs/oxygen-icons-5.113.0/scalable/mimetypes/application-x-mplayer2.svg	pass	112565	33525	79040
svgs/oxygen-icons-5.113.0/scalable/mimetypes/application-x-ms-dos-executable.svg	pass	255270	43815	211455
svgs/oxygen-icons-5.113.0/scalable/mimetypes/application-x-mswinurl.svg	pass	2233979	1122120	1111859
svgs/oxygen-icons-5.113.0/scalable/mimetypes/application-x-mswrite.svg	pass	1558365	880014	678351
svgs/oxygen-icons-5.113.0/scalable/mimetypes/application-x-nzb.svg	pass	69876	13660	56216
svgs/oxygen-icons-5.113.0/scalable/mimetypes/application-x-object.svg	pass	268257	152199	116058
svgs/oxygen-icons-5.113.0/scalable/mimetypes/application-x-pak.svg	pass	242757	90505	152252
svgs/oxygen-icons-5.113.0/scalable/mimetypes/application-x-pem-key.svg	pass	405316	81233	324083
svgs/oxygen-icons-5.113.0/scalable/mimetypes/application-x-perl.svg	pass	903471	511900	391571
svgs/oxygen-icons-5.113.0/scalable/mimetypes/application-x-php.svg	pass	110952	35473	75479
svgs/oxygen-icons-5.113.0/scalable/mimetypes/application-x-plasma.svg	pass	174234	71777	102457
svgs/oxygen-icons-5.113.0/scalable/mimetypes/application-x-python-bytecode.svg	pass	268257	152199	116058
svgs/oxygen-icons-5.113.0/scalable/mimetypes/application-x-qet-element.svg	pass	200781	24045	176736
svgs/oxygen-icons-5.113.0/scalable/mimetypes/application-x-qet-project.svg	pass	260873	59011	201862
svgs/oxygen-icons-5.113.0/scalable/mimetypes/application-x-quattropro.svg	pass	86189	22792	63397
svgs/oxygen-icons-5.113.0/scalable/mimetypes/application-x-rar.svg	pass	259194	100730	158464
svgs/oxygen-icons-5.113.0/scalable/mimetypes/application-x-rpm.svg	pass	110267	36789	73478
svgs/oxygen-icons-5.113.0/scalable/mimetypes/application-x-ruby.svg	pass	249997	70946	179051
svgs/oxygen-icons-5.113.0/scalable/mimetypes/application-x-sharedlib.svg	pass	268257	152199	116058
svgs/oxygen-icons-5.113.0/scalable/mimetypes/application-x-shellscript.svg	pass	135532	13658	121874
svgs/oxygen-icons-5.113.0/scalable/mimetypes/application-x-shockwave-flash.svg	pass	110426	33551	76875
svgs/oxygen-icons-5.113.0/scalable/mimetypes/application-x-siag.svg	pass	86189	22792	63397
svgs/oxygen-icons-5.113.0/scalable/mimetypes/application-x-skg.svg	pass	153258	23591	129667
svgs/oxygen-icons-5.113.0/scalable/mimetypes/application-x-skgc.svg	pass	394525	160084	234441
svgs/oxygen-icons-5.113.0/scalable/mimetypes/application-x-smb-server.svg	pass	172044	64915	107129
svgs/oxygen-icons-5.113.0/scalable/mimetypes/application-x-smb-workgroup.svg	pass	867910	347693	520217
svgs/oxygen-icons-5.113.0/scalable/mimetypes/application-x-sqlite2.svg	pass	714235	172491	541744
svgs/oxygen-icons-5.113.0/scalable/mimetypes/application-x-sqlite3.svg	pass	714235	172491	541744
svgs/oxygen-icons-5.113.0/scalable/mimetypes/application-x-srt.svg	pass	582232	275544	306688
svgs/oxygen-icons-5.113.0/scalable/mimetypes/application-x-srtrip.svg	pass	582232	275544	306688
svgs/oxygen-icons-5.113.0/scalable/mimetypes/application-x-subrip.svg	pass	591671	275550	316121
svgs/oxygen-icons-5.113.0/scalable/mimetypes/application-x-tar.svg	pass	109368	35818	73550
svgs/oxygen-icons-5.113.0/scalable/mimetypes/application-x-tarz.svg	pass	259194	100730	158464
svgs/oxygen-icons-5.113.0/scalable/mimetypes/application-x-tgif.svg	pass	143538	24676	118862
svgs/oxygen-icons-5.113.0/scalable/mimetypes/application-x-trash.svg	pass	83677	15990	67687
svgs/oxygen-icons-5.113.0/scalable/mimetypes/application-x-troff-man.svg	pass	74965	14117	60848
svgs/oxygen-icons-5.113.0/scalable/mimetypes/application-x-tzo.svg	pass	259194	100730	158464
svgs/oxygen-icons-5.113.0/scalable/mimetypes/application-x-wmf.svg	pass	143538	24676	118862
svgs/oxygen-icons-5.113.0/scalable/mimetypes/application-x-zerosize.svg	pass	46842	6658	40184
svgs/oxygen-icons-5.113.0/scalable/mimetypes/application-x-zoo.svg	pass	259194	100730	158464
svgs/oxygen-icons-5.113.0/scalable/mimetypes/application-xhtml+xml.svg	pass	2283031	1126155	1156876
svgs/oxygen-icons-5.113.0/scalable/mimetypes/application-xml.svg	pass	114455	23926	90529
svgs/oxygen-icons-5.113.0/scalable/mimetypes/application-xsd.svg	pass	1741874	855135	886739
svgs/oxygen-icons-5.113.0/scalable/mimetypes/application-xslt+xml.svg	pass	2234484	1121787	1112697
svgs/oxygen-icons-5.113.0/scalable/mimetypes/application-zip.svg	pass	259194	100730	158464
svgs/oxygen-icons-5.113.0/scalable/mimetypes/audio-ac3.svg	pass	284164	72889	211275
svgs/oxygen-icons-5.113.0/scalable/mimetypes/audio-midi.svg	pass	420515	200408	220107
svgs/oxygen-icons-5.113.0/scalable/mimetypes/audio-prs.sid.svg	pass	420515	200408	220107
svgs/oxygen-icons-5.113.0/scalable/mimetypes/audio-vn.rn-realmedia.svg	pass	112565	33525	79040
svgs/oxygen-icons-5.113.0/scalable/mimetypes/audio-vn.rn-realvideo.svg	pass	112565	33525	79040
svgs/oxygen-icons-5.113.0/scalable/mimetypes/audio-vnd.rn-realvideo.svg	pass	112565	33525	79040
svgs/oxygen-icons-5.113.0/scalable/mimetypes/audio-x-adpcm.svg	pass	134764	42929	91835
svgs/oxygen-icons-5.113.0/scalable/mimetypes/audio-x-aiff.svg	pass	134764	42929	91835
svgs/oxygen-icons-5.113.0/scalable/mimetypes/audio-x-flac+ogg.svg	pass	285237	72883	212354
svgs/oxygen-icons-5.113.0/scalable/mimetypes/audio-x-flac.svg	pass	285237	72883	212354
svgs/oxygen-icons-5.113.0/scalable/mimetypes/audio-x-generic.svg	pass	285237	72883	212354
svgs/oxygen-icons-5.113.0/scalable/mimetypes/audio-x-monkey.svg	pass	285237	72883	212354
svgs/oxygen-icons-5.113.0/scalable/mimetypes/audio-x-speex+ogg.svg	pass	211459	74109	137350
svgs/oxygen-icons-5.113.0/scalable/mimetypes/audio-x-wav.svg	pass	134764	42929	91835
svgs/oxygen-icons-5.113.0/scalable/mimetypes/encrypted.svg	pass	412491	83277	329214
svgs/oxygen-icons-5.113.0/scalable/mimetypes/hidef/application-epub+zip.svg	pass	2407260	1965710	441550
svgs/oxygen-icons-5.113.0/scalable/mimetypes/hidef/application-illustrator.svg	pass	68040	12224	55816
svgs/oxygen-icons-5.113.0/scalable/mimetypes/hidef/application-javascript.svg	pass	94397	22487	71910
svgs/oxygen-icons-5.113.0/scalable/mimetypes/hidef/application-msword-template.svg	pass	1618644	922350	696294
svgs/oxygen-icons-5.113.0/scalable/mimetypes/hidef/application-msword.svg	pass	1563068	909919	653149
svgs/oxygen-icons-5.113.0/scalable/mimetypes/hidef/application-octet-stream.svg	pass	847089	497756	349333
svgs/oxygen-icons-5.113.0/scalable/mimetypes/hidef/application-pdf.svg	pass	65840	9326	56514
svgs/oxygen-icons-5.113.0/scalable/mimetypes/hidef/application-pgp-encrypted.svg	pass	157471	21610	135861
svgs/oxygen-icons-5.113.0/scalable/mimetypes/hidef/application-pgp-keys.svg	pass	399967	80147	319820
svgs/oxygen-icons-5.113.0/scalable/mimetypes/hidef/application-pkcs7-mime.svg	pass	401919	81153	320766
svgs/oxygen-icons-5.113.0/scalable/mimetypes/hidef/application-postscript.svg	pass	114012	40249	73763
svgs/oxygen-icons-5.113.0/scalable/mimetypes/hidef/application-relaxng.svg	pass	1675642	603722	1071920
svgs/oxygen-icons-5.113.0/scalable/mimetypes/hidef/application-rtf.svg	pass	247329	135619	111710
svgs/oxygen-icons-5.113.0/scalable/mimetypes/hidef/application-sxw.svg	pass	305833	169174	136659
svgs/oxygen-icons-5.113.0/scalable/mimetypes/hidef/application-vnd-google-earth-kml.svg	pass	52837	8861	43976
svgs/oxygen-icons-5.113.0/scalable/mimetypes/hidef/application-vnd.iccprofile.svg	pass	185641	53467	132174
svgs/oxygen-icons-5.113.0/scalable/mimetypes/hidef/application-vnd.ms-access.svg	pass	712327	173163	539164
svgs/oxygen-icons-5.113.0/scalable/mimetypes/hidef/application-vnd.ms-excel.svg	pass	97306	25067	72239
svgs/oxygen-icons-5.113.0/scalable/mimetypes/hidef/application-vnd.ms-powerpoint.svg	pass	205366	37646	167720
svgs/oxygen-icons-5.113.0/scalable/mimetypes/hidef/application-vnd.oasis.opendocument.chart.svg	pass	250827	65661	185166
svgs/oxygen-icons-5.113.0/scalable/mimetypes/hidef/application-vnd.oasis.opendocument.database.svg	pass	710713	171411	539302
svgs/oxygen-icons-5.113.0/scalable/mimetypes/hidef/application-vnd.oasis.opendocument.formula-template.svg	pass	407323	196532	210791
svgs/oxygen-icons-5.113.0/scalable/mimetypes/hidef/application-vnd.oasis.opendocument.formula.svg	pass	329913	162499	167414
svgs/oxygen-icons-5.113.0/scalable/mimetypes/hidef/application-vnd.oasis.opendocument.graphics.svg	pass	178407	34855	143552
svgs/oxygen-icons-5.113.0/scalable/mimetypes/hidef/application-vnd.oasis.opendocument.image.svg	pass	310668	118673	191995
svgs/oxygen-icons-5.113.0/scalable/mimetypes/hidef/application-vnd.oasis.opendocument.presentation-template.svg	pass	171724	40317	131407
svgs/oxygen-icons-5.113.0/scalable/mimetypes/hidef/application-vnd.oasis.opendocument.presentation.svg	pass	202445	35571	166874
svgs/oxygen-icons-5.113.0/scalable/mimetypes/hidef/application-vnd.oasis.opendocument.spreadsheet-template.svg	pass	151219	36757	114462
svgs/oxygen-icons-5.113.0/scalable/mimetypes/hidef/application-vnd.oasis.opendocument.spreadsheet.svg	pass	94456	23657	70799
svgs/oxygen-icons-5.113.0/scalable/mimetypes/hidef/application-vnd.oasis.opendocument.text.svg	pass	1520123	897105	623018
svgs/oxygen-icons-5.113.0/scalable/mimetypes/hidef/application-vnd.openxmlformats-officedocument.wordprocessingml.document.svg	pass	1520123	897105	623018
svgs/oxygen-icons-5.113.0/scalable/mimetypes/hidef/application-vnd.rn-realmedia.svg	pass	106687	33193	73494
svgs/oxygen-icons-5.113.0/scalable/mimetypes/hidef/application-vnd.scribus.svg	pass	564448	139626	424822
svgs/oxygen-icons-5.113.0/scalable/mimetypes/hidef/application-vnd.stardivision.calc.svg	pass	94456	23657	70799
svgs/oxygen-icons-5.113.0/scalable/mimetypes/hidef/application-vnd.stardivision.draw.svg	pass	310668	118673	191995
svgs/oxygen-icons-5.113.0/scalable/mimetypes/hidef/application-vnd.stardivision.mail.svg	pass	900786	426926	473860
svgs/oxygen-icons-5.113.0/scalable/mimetypes/hidef/application-vnd.stardivision.math.svg	pass	329913	162499	167414
svgs/oxygen-icons-5.113.0/scalable/mimetypes/hidef/application-vnd.sun.xml.calc.svg	pass	94456	23657	70799
svgs/oxygen-icons-5.113.0/scalable/mimetypes/hidef/application-vnd.sun.xml.calc.template.svg	pass	151219	36757	114462
svgs/oxygen-icons-5.113.0/scalable/mimetypes/hidef/application-vnd.sun.xml.draw.svg	pass	310668	118673	191995
svgs/oxygen-icons-5.113.0/scalable/mimetypes/hidef/application-vnd.sun.xml.draw.template.svg	pass	371928	128145	243783
svgs/oxygen-icons-5.113.0/scalable/mimetypes/hidef/application-vnd.sun.xml.math.svg	pass	329913	162499	167414
svgs/oxygen-icons-5.113.0/scalable/mimetypes/hidef/application-vnd.wordperfect.svg	pass	1562016	909215	652801
svgs/oxygen-icons-5.113.0/scalable/mimetypes/hidef/application-x-7z-compressed.svg	pass	254671	102168	152503
svgs/oxygen-icons-5.113.0/scalable/mimetypes/hidef/application-x-abiword.svg	pass	1520123	897105	623018
svgs/oxygen-icons-5.113.0/scalable/mimetypes/hidef/application-x-ace.svg	pass	254671	102168	152503
svgs/oxygen-icons-5.113.0/scalable/mimetypes/hidef/application-x-applix-spreadsheet.svg	pass	94456	23657	70799
svgs/oxygen-icons-5.113.0/scalable/mimetypes/hidef/application-x-applix-word.svg	pass	1492671	882651	610020
svgs/oxygen-icons-5.113.0/scalable/mimetypes/hidef/application-x-ar.svg	pass	103784	35640	68144
svgs/oxygen-icons-5.113.0/scalable/mimetypes/hidef/application-x-arc.svg	pass	254671	102168	152503
svgs/oxygen-icons-5.113.0/scalable/mimetypes/hidef/application-x-archive.svg	pass	103797	35640	68157
svgs/oxygen-icons-5.113.0/scalable/mimetypes/hidef/application-x-arj.svg	pass	254671	102168	152503
svgs/oxygen-icons-5.113.0/scalable/mimetypes/hidef/application-x-bittorrent.svg	pass	173245	77448	95797
svgs/oxygen-icons-5.113.0/scalable/mimetypes/hidef/application-x-blender.svg	pass	101734	30692	71042
svgs/oxygen-icons-5.113.0/scalable/mimetypes/hidef/application-x-bzdvi.svg	pass	251246	99700	151546
svgs/oxygen-icons-5.113.0/scalable/mimetypes/hidef/application-x-bzip-compressed-tar.svg	pass	254671	102168	152503
svgs/oxygen-icons-5.113.0/scalable/mimetypes/hidef/application-x-bzip.svg	pass	236371	90080	146291
svgs/oxygen-icons-5.113.0/scalable/mimetypes/hidef/application-x-cd-image.svg	pass	158246	57859	100387
svgs/oxygen-icons-5.113.0/scalable/mimetypes/hidef/application-x-cda.svg	pass	165041	67624	97417
svgs/oxygen-icons-5.113.0/scalable/mimetypes/hidef/application-x-chm.svg	pass	69815	11916	57899
svgs/oxygen-icons-5.113.0/scalable/mimetypes/hidef/application-x-compress.svg	pass	236371	90080	146291
svgs/oxygen-icons-5.113.0/scalable/mimetypes/hidef/application-x-compressed-tar.svg	pass	105303	36573	68730
svgs/oxygen-icons-5.113.0/scalable/mimetypes/hidef/application-x-cue.svg	pass	330828	178855	151973
svgs/oxygen-icons-5.113.0/scalable/mimetypes/hidef/application-x-deb.svg	pass	105281	36573	68708
svgs/oxygen-icons-5.113.0/scalable/mimetypes/hidef/application-x-designer.svg	pass	174067	55930	118137
svgs/oxygen-icons-5.113.0/scalable/mimetypes/hidef/application-x-desktop.svg	pass	87990	40451	47539
svgs/oxygen-icons-5.113.0/scalable/mimetypes/hidef/application-x-dgn.svg	pass	317778	52783	264995
svgs/oxygen-icons-5.113.0/scalable/mimetypes/hidef/application-x-egon.svg	pass	240717	154219	86498
svgs/oxygen-icons-5.113.0/scalable/mimetypes/hidef/application-x-executable-script.svg	pass	96443	44016	52427
svgs/oxygen-icons-5.113.0/scalable/mimetypes/hidef/application-x-executable.svg	pass	87990	40451	47539
svgs/oxygen-icons-5.113.0/scalable/mimetypes/hidef/application-x-font-afm.svg	pass	115803	28569	87234
svgs/oxygen-icons-5.113.0/scalable/mimetypes/hidef/application-x-font-bdf.svg	pass	83197	31537	51660
svgs/oxygen-icons-5.113.0/scalable/mimetypes/hidef/application-x-font-otf.svg	pass	101197	34078	67119
svgs/oxygen-icons-5.113.0/scalable/mimetypes/hidef/application-x-font-pcf.svg	pass	83214	31537	51677
svgs/oxygen-icons-5.113.0/scalable/mimetypes/hidef/application-x-font-snf.svg	pass	83215	31537	51678
svgs/oxygen-icons-5.113.0/scalable/mimetypes/hidef/application-x-font-ttf.svg	pass	95299	30687	64612
svgs/oxygen-icons-5.113.0/scalable/mimetypes/hidef/application-x-font-type1.svg	pass	115802	28569	87233
svgs/oxygen-icons-5.113.0/scalable/mimetypes/hidef/application-x-gnumeric.svg	pass	94456	23657	70799
svgs/oxygen-icons-5.113.0/scalable/mimetypes/hidef/application-x-gzdvi.svg	pass	251246	99700	151546
svgs/oxygen-icons-5.113.0/scalable/mimetypes/hidef/application-x-gzip.svg	pass	236371	90080	146291
svgs/oxygen-icons-5.113.0/scalable/mimetypes/hidef/application-x-gzpostscript.svg	pass	351770	109009	242761
svgs/oxygen-icons-5.113.0/scalable/mimetypes/hidef/application-x-it87.svg	pass	185641	53467	132174
svgs/oxygen-icons-5.113.0/scalable/mimetypes/hidef/application-x-java-applet.svg	pass	1629387	803291	826096
svgs/oxygen-icons-5.113.0/scalable/mimetypes/hidef/application-x-java-archive.svg	pass	105304	36573	68731
svgs/oxygen-icons-5.113.0/scalable/mimetypes/hidef/application-x-java.svg	pass	124682	45704	78978
svgs/oxygen-icons-5.113.0/scalable/mimetypes/hidef/application-x-javascript.svg	pass	94428	22487	71941
svgs/oxygen-icons-5.113.0/scalable/mimetypes/hidef/application-x-k3b.svg	mismatch	314960	181488	133472
svgs/oxygen-icons-5.113.0/scalable/mimetypes/hidef/application-x-kcsrc.svg	pass	149029	50936	98093
svgs/oxygen-icons-5.113.0/scalable/mimetypes/hidef/application-x-kformula.svg	pass	329913	162499	167414
svgs/oxygen-icons-5.113.0/scalable/mimetypes/hidef/application-x-kgetlist.svg	pass	99369	31797	67572
svgs/oxygen-icons-5.113.0/scalable/mimetypes/hidef/application-x-kontour.svg	pass	136289	22899	113390
svgs/oxygen-icons-5.113.0/scalable/mimetypes/hidef/application-x-kplato.svg	pass	113180	28307	84873
svgs/oxygen-icons-5.113.0/scalable/mimetypes/hidef/application-x-krita.svg	pass	253258	95055	158203
svgs/oxygen-icons-5.113.0/scalable/mimetypes/hidef/application-x-kword.svg	pass	1520123	897105	623018
svgs/oxygen-icons-5.113.0/scalable/mimetypes/hidef/application-x-lha.svg	pass	254671	102168	152503
svgs/oxygen-icons-5.113.0/scalable/mimetypes/hidef/application-x-lyx.svg	pass	1507067	888043	619024
svgs/oxygen-icons-5.113.0/scalable/mimetypes/hidef/application-x-lzop.svg	pass	236371	90080	146291
svgs/oxygen-icons-5.113.0/scalable/mimetypes/hidef/application-x-m4.svg	pass	262366	119592	142774
svgs/oxygen-icons-5.113.0/scalable/mimetypes/hidef/application-x-marble.svg	pass	567465	225409	342056
svgs/oxygen-icons-5.113.0/scalable/mimetypes/hidef/application-x-mimearchive.svg	pass	900786	426926	473860
svgs/oxygen-icons-5.113.0/scalable/mimetypes/hidef/application-x-mplayer2.svg	pass	106687	33193	73494
svgs/oxygen-icons-5.113.0/scalable/mimetypes/hidef/application-x-ms-dos-executable.svg	pass	102964	44115	58849
svgs/oxygen-icons-5.113.0/scalable/mimetypes/hidef/application-x-mswinurl.svg	pass	3409766	1768065	1641701
svgs/oxygen-icons-5.113.0/scalable/mimetypes/hidef/application-x-mswrite.svg	pass	1547184	881398	665786
svgs/oxygen-icons-5.113.0/scalable/mimetypes/hidef/application-x-nzb.svg	pass	64027	13337	50690
svgs/oxygen-icons-5.113.0/scalable/mimetypes/hidef/application-x-object.svg	pass	847089	497756	349333
svgs/oxygen-icons-5.113.0/scalable/mimetypes/hidef/application-x-pak.svg	pass	236371	90080	146291
svgs/oxygen-icons-5.113.0/scalable/mimetypes/hidef/application-x-pem-key.svg	pass	400587	80149	320438
svgs/oxygen-icons-5.113.0/scalable/mimetypes/hidef/application-x-perl.svg	pass	898457	511458	386999
svgs/oxygen-icons-5.113.0/scalable/mimetypes/hidef/application-x-php.svg	pass	105999	34591	71408
svgs/oxygen-icons-5.113.0/scalable/mimetypes/hidef/application-x-plasma.svg	pass	167372	71343	96029
svgs/oxygen-icons-5.113.0/scalable/mimetypes/hidef/application-x-python-bytecode.svg	pass	847089	497756	349333
svgs/oxygen-icons-5.113.0/scalable/mimetypes/hidef/application-x-qet-element.svg	pass	194564	23258	171306
svgs/oxygen-icons-5.113.0/scalable/mimetypes/hidef/application-x-qet-project.svg	pass	261576	58352	203224
svgs/oxygen-icons-5.113.0/scalable/mimetypes/hidef/application-x-quattropro.svg	pass	94456	23657	70799
svgs/oxygen-icons-5.113.0/scalable/mimetypes/hidef/application-x-rar.svg	pass	254671	102168	152503
svgs/oxygen-icons-5.113.0/scalable/mimetypes/hidef/application-x-rpm.svg	pass	105474	36573	68901
svgs/oxygen-icons-5.113.0/scalable/mimetypes/hidef/application-x-ruby.svg	pass	243299	70023	173276
svgs/oxygen-icons-5.113.0/scalable/mimetypes/hidef/application-x-sharedlib.svg	pass	847089	497756	349333
svgs/oxygen-icons-5.113.0/scalable/mimetypes/hidef/application-x-shellscript.svg	pass	131040	13281	117759
svgs/oxygen-icons-5.113.0/scalable/mimetypes/hidef/application-x-shockwave-flash.svg	pass	107895	34109	73786
svgs/oxygen-icons-5.113.0/scalable/mimetypes/hidef/application-x-siag.svg	pass	94456	23657	70799
svgs/oxygen-icons-5.113.0/scalable/mimetypes/hidef/application-x-srt.svg	pass	224688	130198	94490
svgs/oxygen-icons-5.113.0/scalable/mimetypes/hidef/application-x-srtrip.svg	pass	224688	130198	94490
svgs/oxygen-icons-5.113.0/scalable/mimetypes/hidef/application-x-subrip.svg	pass	226806	131357	95449
svgs/oxygen-icons-5.113.0/scalable/mimetypes/hidef/application-x-tar.svg	pass	103784	35640	68144
svgs/oxygen-icons-5.113.0/scalable/mimetypes/hidef/application-x-tarz.svg	pass	254671	102168	152503
svgs/oxygen-icons-5.113.0/scalable/mimetypes/hidef/application-x-tgif.svg	pass	136289	22899	113390
svgs/oxygen-icons-5.113.0/scalable/mimetypes/hidef/application-x-trash.svg	pass	79387	15513	63874
svgs/oxygen-icons-5.113.0/scalable/mimetypes/hidef/application-x-troff-man.svg	pass	77089	24992	52097
svgs/oxygen-icons-5.113.0/scalable/mimetypes/hidef/application-x-tzo.svg	pass	254671	102168	152503
svgs/oxygen-icons-5.113.0/scalable/mimetypes/hidef/application-x-wmf.svg	pass	136289	22899	113390
svgs/oxygen-icons-5.113.0/scalable/mimetypes/hidef/application-x-zerosize.svg	pass	46537	6556	39981
svgs/oxygen-icons-5.113.0/scalable/mimetypes/hidef/application-x-zoo.svg	pass	254671	102168	152503
svgs/oxygen-icons-5.113.0/scalable/mimetypes/hidef/application-xhtml+xml.svg	pass	2278467	1125559	1152908
svgs/oxygen-icons-5.113.0/scalable/mimetypes/hidef/application-xml.svg	pass	114960	28719	86241
svgs/oxygen-icons-5.113.0/scalable/mimetypes/hidef/application-xsd.svg	pass	1734807	853477	881330
svgs/oxygen-icons-5.113.0/scalable/mimetypes/hidef/application-xslt+xml.svg	pass	2228094	1121276	1106818
svgs/oxygen-icons-5.113.0/scalable/mimetypes/hidef/application-zip.svg	pass	254671	102168	152503
svgs/oxygen-icons-5.113.0/scalable/mimetypes/hidef/audio-ac3.svg	pass	648625	240687	407938
svgs/oxygen-icons-5.113.0/scalable/mimetypes/hidef/audio-midi.svg	pass	417833	200032	217801
svgs/oxygen-icons-5.113.0/scalable/mimetypes/hidef/audio-prs.sid.svg	pass	417837	200032	217805
svgs/oxygen-icons-5.113.0/scalable/mimetypes/hidef/audio-vn.rn-realmedia.svg	pass	106687	33193	73494
svgs/oxygen-icons-5.113.0/scalable/mimetypes/hidef/audio-vn.rn-realvideo.svg	pass	106687	33193	73494
svgs/oxygen-icons-5.113.0/scalable/mimetypes/hidef/audio-vnd.rn-realvideo.svg	pass	106687	33193	73494
svgs/oxygen-icons-5.113.0/scalable/mimetypes/hidef/audio-x-adpcm.svg	pass	129840	42556	87284
svgs/oxygen-icons-5.113.0/scalable/mimetypes/hidef/audio-x-aiff.svg	pass	129840	42556	87284
svgs/oxygen-icons-5.113.0/scalable/mimetypes/hidef/audio-x-flac+ogg.svg	pass	651636	243696	407940
svgs/oxygen-icons-5.113.0/scalable/mimetypes/hidef/audio-x-flac.svg	pass	651636	243696	407940
svgs/oxygen-icons-5.113.0/scalable/mimetypes/hidef/audio-x-generic.svg	pass	651636	243696	407940
svgs/oxygen-icons-5.113.0/scalable/mimetypes/hidef/audio-x-monkey.svg	pass	651636	243696	407940
svgs/oxygen-icons-5.113.0/scalable/mimetypes/hidef/audio-x-speex+ogg.svg	pass	205592	73143	132449
svgs/oxygen-icons-5.113.0/scalable/mimetypes/hidef/audio-x-wav.svg	pass	129840	42556	87284
svgs/oxygen-icons-5.113.0/scalable/mimetypes/hidef/encrypted.svg	pass	408520	81362	327158
svgs/oxygen-icons-5.113.0/scalable/mimetypes/hidef/image-svg+xml-compressed.svg	pass	367310	108902	258408
svgs/oxygen-icons-5.113.0/scalable/mimetypes/hidef/image-svg+xml.svg	pass	136289	22899	113390
svgs/oxygen-icons-5.113.0/scalable/mimetypes/hidef/image-vnd.dwg.svg	pass	321481	54608	266873
svgs/oxygen-icons-5.113.0/scalable/mimetypes/hidef/image-x-adobe-dng.svg	pass	689971	556810	133161
svgs/oxygen-icons-5.113.0/scalable/mimetypes/hidef/image-x-eps.svg	pass	135939	22728	113211
svgs/oxygen-icons-5.113.0/scalable/mimetypes/hidef/image-x-generic.svg	pass	240310	153936	86374
svgs/oxygen-icons-5.113.0/scalable/mimetypes/hidef/image-x-vnd.trolltech.qpicture.svg	pass	136525	23056	113469
svgs/oxygen-icons-5.113.0/scalable/mimetypes/hidef/image-x-xfig.svg	pass	136289	22899	113390
svgs/oxygen-icons-5.113.0/scalable/mimetypes/hidef/inode-directory.svg	pass	138076	122664	15412
svgs/oxygen-icons-5.113.0/scalable/mimetypes/hidef/message-news.svg	pass	275669	9508	266161
svgs/oxygen-icons-5.113.0/scalable/mimetypes/hidef/message-partial.svg	pass	922859	428710	494149
svgs/oxygen-icons-5.113.0/scalable/mimetypes/hidef/message-rfc822.svg	pass	900786	426926	473860
svgs/oxygen-icons-5.113.0/scalable/mimetypes/hidef/message-x-gnu-rmail.svg	pass	900786	426926	473860
svgs/oxygen-icons-5.113.0/scalable/mimetypes/hidef/message.svg	pass	900786	426926	473860
svgs/oxygen-icons-5.113.0/scalable/mimetypes/hidef/mime2.svg	pass	46488	6556	39932
svgs/oxygen-icons-5.113.0/scalable/mimetypes/hidef/package-x-generic.svg	pass	103784	35640	68144
svgs/oxygen-icons-5.113.0/scalable/mimetypes/hidef/text-calendar.svg	pass	143498	37672	105826
svgs/oxygen-icons-5.113.0/scalable/mimetypes/hidef/text-css.svg	pass	1918246	877550	1040696
svgs/oxygen-icons-5.113.0/scalable/mimetypes/hidef/text-csv.svg	pass	100864	28114	72750
svgs/oxygen-icons-5.113.0/scalable/mimetypes/hidef/text-directory.svg	pass	585902	57688	528214
svgs/oxygen-icons-5.113.0/scalable/mimetypes/hidef/text-enriched.svg	pass	247329	135619	111710
svgs/oxygen-icons-5.113.0/scalable/mimetypes/hidef/text-html.svg	pass	3409766	1768065	1641701
svgs/oxygen-icons-5.113.0/scalable/mimetypes/hidef/text-mathml.svg	pass	321711	170434	151277
svgs/oxygen-icons-5.113.0/scalable/mimetypes/hidef/text-plain.svg	pass	187819	115027	72792
svgs/oxygen-icons-5.113.0/scalable/mimetypes/hidef/text-rdf+xml.svg	pass	2644990	1418205	1226785
svgs/oxygen-icons-5.113.0/scalable/mimetypes/hidef/text-rdf.svg	pass	2644990	1418205	1226785
svgs/oxygen-icons-5.113.0/scalable/mimetypes/hidef/text-rtf.svg	pass	1492671	882651	610020
svgs/oxygen-icons-5.113.0/scalable/mimetypes/hidef/text-sgml.svg	pass	491405	215297	276108
svgs/oxygen-icons-5.113.0/scalable/mimetypes/hidef/text-troff.svg	pass	1909215	1699656	209559
svgs/oxygen-icons-5.113.0/scalable/mimetypes/hidef/text-vcalendar.svg	pass	295113	156978	138135
svgs/oxygen-icons-5.113.0/scalable/mimetypes/hidef/text-vnd.abc.svg	pass	645945	238509	407436
svgs/oxygen-icons-5.113.0/scalable/mimetypes/hidef/text-vnd.wap.wml.svg	pass	1675639	603722	1071917
svgs/oxygen-icons-5.113.0/scalable/mimetypes/hidef/text-x-adasrc.svg	pass	95046	25897	69149
svgs/oxygen-icons-5.113.0/scalable/mimetypes/hidef/text-x-authors.svg	pass	506648	221533	285115
svgs/oxygen-icons-5.113.0/scalable/mimetypes/hidef/text-x-bibtex.svg	pass	60044	14371	45673
svgs/oxygen-icons-5.113.0/scalable/mimetypes/hidef/text-x-c++hdr.svg	pass	97194	24057	73137
svgs/oxygen-icons-5.113.0/scalable/mimetypes/hidef/text-x-c++src.svg	pass	80400	21891	58509
svgs/oxygen-icons-5.113.0/scalable/mimetypes/hidef/text-x-changelog.svg	pass	187819	115027	72792
svgs/oxygen-icons-5.113.0/scalable/mimetypes/hidef/text-x-chdr.svg	pass	88238	18231	70007
svgs/oxygen-icons-5.113.0/scalable/mimetypes/hidef/text-x-cmake.svg	pass	558821	252175	306646
svgs/oxygen-icons-5.113.0/scalable/mimetypes/hidef/text-x-copying.png.svg	pass	570539	225897	344642
svgs/oxygen-icons-5.113.0/scalable/mimetypes/hidef/text-x-copying.svg	pass	570535	225897	344638
svgs/oxygen-icons-5.113.0/scalable/mimetypes/hidef/text-x-csharp.svg	pass	100806	33627	67179
svgs/oxygen-icons-5.113.0/scalable/mimetypes/hidef/text-x-csrc.svg	pass	75995	22060	53935
svgs/oxygen-icons-5.113.0/scalable/mimetypes/hidef/text-x-dtd.svg	pass	1675642	603722	1071920
svgs/oxygen-icons-5.113.0/scalable/mimetypes/hidef/text-x-generic.svg	pass	491405	215297	276108
svgs/oxygen-icons-5.113.0/scalable/mimetypes/hidef/text-x-haskell.svg	pass	386165	188312	197853
svgs/oxygen-icons-5.113.0/scalable/mimetypes/hidef/text-x-hex.svg	pass	64256	13719	50537
svgs/oxygen-icons-5.113.0/scalable/mimetypes/hidef/text-x-install.svg	pass	568520	235058	333462
svgs/oxygen-icons-5.113.0/scalable/mimetypes/hidef/text-x-java.svg	pass	272739	99652	173087
svgs/oxygen-icons-5.113.0/scalable/mimetypes/hidef/text-x-katefilelist.svg	pass	512045	220708	291337
svgs/oxygen-icons-5.113.0/scalable/mimetypes/hidef/text-x-ldif.svg	pass	1211591	190228	1021363
svgs/oxygen-icons-5.113.0/scalable/mimetypes/hidef/text-x-lilypond.svg	pass	553621	275508	278113
svgs/oxygen-icons-5.113.0/scalable/mimetypes/hidef/text-x-log-t.svg	pass	252764	134439	118325
svgs/oxygen-icons-5.113.0/scalable/mimetypes/hidef/text-x-log.svg	pass	250198	136006	114192
svgs/oxygen-icons-5.113.0/scalable/mimetypes/hidef/text-x-makefile.svg	pass	469588	171830	297758
svgs/oxygen-icons-5.113.0/scalable/mimetypes/hidef/text-x-nfo.svg	pass	491405	215297	276108
svgs/oxygen-icons-5.113.0/scalable/mimetypes/hidef/text-x-objchdr.svg	pass	88234	18231	70003
svgs/oxygen-icons-5.113.0/scalable/mimetypes/hidef/text-x-objcsrc.svg	pass	75995	22060	53935
svgs/oxygen-icons-5.113.0/scalable/mimetypes/hidef/text-x-pascal.svg	pass	2748272	2082880	665392
svgs/oxygen-icons-5.113.0/scalable/mimetypes/hidef/text-x-patch.svg	pass	243610	47438	196172
svgs/oxygen-icons-5.113.0/scalable/mimetypes/hidef/text-x-po.svg	pass	789933	524010	265923
svgs/oxygen-icons-5.113.0/scalable/mimetypes/hidef/text-x-python.svg	pass	129770	43574	86196
svgs/oxygen-icons-5.113.0/scalable/mimetypes/hidef/text-x-qml.svg	pass	80863	24858	56005
svgs/oxygen-icons-5.113.0/scalable/mimetypes/hidef/text-x-readme.svg	pass	604095	326984	277111
svgs/oxygen-icons-5.113.0/scalable/mimetypes/hidef/text-x-rpm-spec.svg	pass	106942	34135	72807
svgs/oxygen-icons-5.113.0/scalable/mimetypes/hidef/text-x-script.svg	pass	1931031	1064225	866806
svgs/oxygen-icons-5.113.0/scalable/mimetypes/hidef/text-x-sql.svg	pass	144059	39565	104494
svgs/oxygen-icons-5.113.0/scalable/mimetypes/hidef/text-x-tex.svg	pass	60036	14371	45665
svgs/oxygen-icons-5.113.0/scalable/mimetypes/hidef/text-x-texinfo.svg	pass	354715	137300	217415
svgs/oxygen-icons-5.113.0/scalable/mimetypes/hidef/text-x-vcard.svg	pass	552648	58857	493791
svgs/oxygen-icons-5.113.0/scalable/mimetypes/hidef/text-x-xslfo.svg	pass	1675642	603722	1071920
svgs/oxygen-icons-5.113.0/scalable/mimetypes/hidef/text-xmcd.svg	pass	165041	67624	97417
svgs/oxygen-icons-5.113.0/scalable/mimetypes/hidef/text-xml.svg	pass	111972	28409	83563
svgs/oxygen-icons-5.113.0/scalable/mimetypes/hidef/unknown.svg	pass	58865	12038	46827
svgs/oxygen-icons-5.113.0/scalable/mimetypes/hidef/uri-mms.svg	pass	1680169	795738	884431
svgs/oxygen-icons-5.113.0/scalable/mimetypes/hidef/uri-mmst.svg	pass	1680169	795738	884431
svgs/oxygen-icons-5.113.0/scalable/mimetypes/hidef/uri-mmsu.svg	pass	1680169	795738	884431
svgs/oxygen-icons-5.113.0/scalable/mimetypes/hidef/uri-pnm.svg	pass	1680169	795738	884431
svgs/oxygen-icons-5.113.0/scalable/mimetypes/hidef/uri-rtspt.svg	pass	1680169	795738	884431
svgs/oxygen-icons-5.113.0/scalable/mimetypes/hidef/uri-rtspu.svg	pass	1680169	795738	884431
svgs/oxygen-icons-5.113.0/scalable/mimetypes/hidef/video-x-generic.svg	pass	106687	33193	73494
svgs/oxygen-icons-5.113.0/scalable/mimetypes/hidef/video-x-mng.svg	pass	240310	153936	86374
svgs/oxygen-icons-5.113.0/scalable/mimetypes/hidef/x-kde-nsplugin-generated.svg	pass	139947	45161	94786
svgs/oxygen-icons-5.113.0/scalable/mimetypes/hidef/x-media-podcast.svg	pass	143404	33480	109924
svgs/oxygen-icons-5.113.0/scalable/mimetypes/hidef/x-office-address-book.svg	pass	3024953	2351252	673701
svgs/oxygen-icons-5.113.0/scalable/mimetypes/hidef/x-office-calendar.svg	pass	295113	156978	138135
svgs/oxygen-icons-5.113.0/scalable/mimetypes/hidef/x-office-document.svg	pass	203188	125370	77818
svgs/oxygen-icons-5.113.0/scalable/mimetypes/hidef/x-office-spreadsheet.svg	pass	94456	23657	70799
svgs/oxygen-icons-5.113.0/scalable/mimetypes/image-svg+xml-compressed.svg	pass	448992	108907	340085
svgs/oxygen-icons-5.113.0/scalable/mimetypes/image-svg+xml.svg	pass	143538	24676	118862
svgs/oxygen-icons-5.113.0/scalable/mimetypes/image-vnd.dgn.svg	pass	280514	39918	240596
svgs/oxygen-icons-5.113.0/scalable/mimetypes/image-vnd.dwg.svg	pass	280195	39918	240277
svgs/oxygen-icons-5.113.0/scalable/mimetypes/image-x-adobe-dng.svg	pass	689979	556827	133152
svgs/oxygen-icons-5.113.0/scalable/mimetypes/image-x-eps.svg	pass	143496	24798	118698
svgs/oxygen-icons-5.113.0/scalable/mimetypes/image-x-generic.svg	pass	246742	155234	91508
svgs/oxygen-icons-5.113.0/scalable/mimetypes/image-x-vnd.trolltech.qpicture.svg	pass	144355	24808	119547
svgs/oxygen-icons-5.113.0/scalable/mimetypes/image-x-xfig.svg	pass	143538	24676	118862
svgs/oxygen-icons-5.113.0/scalable/mimetypes/inode-directory.svg	pass	135983	121353	14630
svgs/oxygen-icons-5.113.0/scalable/mimetypes/message-news.svg	pass	276523	9991	266532
svgs/oxygen-icons-5.113.0/scalable/mimetypes/message-partial.svg	pass	922861	428724	494137
svgs/oxygen-icons-5.113.0/scalable/mimetypes/message-rfc822.svg	pass	909212	427382	481830
svgs/oxygen-icons-5.113.0/scalable/mimetypes/message-x-gnu-rmail.svg	pass	909212	427382	481830
svgs/oxygen-icons-5.113.0/scalable/mimetypes/message.svg	pass	909212	427382	481830
svgs/oxygen-icons-5.113.0/scalable/mimetypes/mime2.svg	pass	46516	6546	39970
svgs/oxygen-icons-5.113.0/scalable/mimetypes/package-x-generic.svg	pass	109368	35818	73550
svgs/oxygen-icons-5.113.0/scalable/mimetypes/small/16x16/application-epub+zip.svg	pass	2783426	2319949	463477
svgs/oxygen-icons-5.113.0/scalable/mimetypes/small/16x16/application-illustrator.svg	pass	22879	10647	12232
svgs/oxygen-icons-5.113.0/scalable/mimetypes/small/16x16/application-javascript.svg	pass	32851	10158	22693
svgs/oxygen-icons-5.113.0/scalable/mimetypes/small/16x16/application-msword-template.svg	pass	220131	101956	118175
svgs/oxygen-icons-5.113.0/scalable/mimetypes/small/16x16/application-msword.svg	pass	219621	101317	118304
svgs/oxygen-icons-5.113.0/scalable/mimetypes/small/16x16/application-octet-stream.svg	pass	39531	13686	25845
svgs/oxygen-icons-5.113.0/scalable/mimetypes/small/16x16/application-pdf.svg	pass	20103	9744	10359
svgs/oxygen-icons-5.113.0/scalable/mimetypes/small/16x16/application-pgp-encrypted.svg	pass	191474	9861	181613
svgs/oxygen-icons-5.113.0/scalable/mimetypes/small/16x16/application-pgp-keys.svg	pass	465544	75030	390514
svgs/oxygen-icons-5.113.0/scalable/mimetypes/small/16x16/application-pkcs7-mime.svg	pass	465544	75030	390514
svgs/oxygen-icons-5.113.0/scalable/mimetypes/small/16x16/application-postscript.svg	pass	54338	22877	31461
svgs/oxygen-icons-5.113.0/scalable/mimetypes/small/16x16/application-relaxng.svg	pass	511410	202673	308737
svgs/oxygen-icons-5.113.0/scalable/mimetypes/small/16x16/application-rss+xml.svg	pass	22949	9858	13091
svgs/oxygen-icons-5.113.0/scalable/mimetypes/small/16x16/application-rtf.svg	pass	191081	118141	72940
svgs/oxygen-icons-5.113.0/scalable/mimetypes/small/16x16/application-sxw.svg	pass	300299	149897	150402
svgs/oxygen-icons-5.113.0/scalable/mimetypes/small/16x16/application-vnd-google-earth-kml.svg	pass	25453	12120	13333
svgs/oxygen-icons-5.113.0/scalable/mimetypes/small/16x16/application-vnd.iccprofile.svg	pass	97089	32544	64545
svgs/oxygen-icons-5.113.0/scalable/mimetypes/small/16x16/application-vnd.ms-access.svg	pass	84091	12971	71120
svgs/oxygen-icons-5.113.0/scalable/mimetypes/small/16x16/application-vnd.ms-excel.svg	pass	42953	11160	31793
svgs/oxygen-icons-5.113.0/scalable/mimetypes/small/16x16/application-vnd.ms-powerpoint.svg	pass	33973	12841	21132
svgs/oxygen-icons-5.113.0/scalable/mimetypes/small/16x16/application-vnd.oasis.opendocument.chart.svg	pass	79393	25077	54316
svgs/oxygen-icons-5.113.0/scalable/mimetypes/small/16x16/application-vnd.oasis.opendocument.database.svg	pass	23912	10951	12961
svgs/oxygen-icons-5.113.0/scalable/mimetypes/small/16x16/application-vnd.oasis.opendocument.formula-template.svg	pass	33137	9936	23201
svgs/oxygen-icons-5.113.0/scalable/mimetypes/small/16x16/application-vnd.oasis.opendocument.formula.svg	pass	33509	9309	24200
svgs/oxygen-icons-5.113.0/scalable/mimetypes/small/16x16/application-vnd.oasis.opendocument.graphics.svg	pass	39097	16347	22750
svgs/oxygen-icons-5.113.0/scalable/mimetypes/small/16x16/application-vnd.oasis.opendocument.image.svg	pass	145374	21921	123453
svgs/oxygen-icons-5.113.0/scalable/mimetypes/small/16x16/application-vnd.oasis.opendocument.presentation-template.svg	pass	103290	14621	88669
svgs/oxygen-icons-5.113.0/scalable/mimetypes/small/16x16/application-vnd.oasis.opendocument.presentation.svg	pass	103645	13982	89663
svgs/oxygen-icons-5.113.0/scalable/mimetypes/small/16x16/application-vnd.oasis.opendocument.spreadsheet-template.svg	pass	29762	10140	19622
svgs/oxygen-icons-5.113.0/scalable/mimetypes/small/16x16/application-vnd.oasis.opendocument.spreadsheet.svg	pass	28785	9306	19479
svgs/oxygen-icons-5.113.0/scalable/mimetypes/small/16x16/application-vnd.oasis.opendocument.text-template.svg	pass	193421	99645	93776
svgs/oxygen-icons-5.113.0/scalable/mimetypes/small/16x16/application-vnd.oasis.opendocument.text.svg	pass	216941	99271	117670
svgs/oxygen-icons-5.113.0/scalable/mimetypes/small/16x16/application-vnd.openxmlformats-officedocument.wordprocessingml.document.svg	pass	216941	99271	117670
svgs/oxygen-icons-5.113.0/scalable/mimetypes/small/16x16/application-vnd.rn-realmedia.svg	pass	216717	15822	200895
svgs/oxygen-icons-5.113.0/scalable/mimetypes/small/16x16/application-vnd.scribus.svg	pass	205754	10304	195450
svgs/oxygen-icons-5.113.0/scalable/mimetypes/small/16x16/application-vnd.stardivision.calc.svg	pass	28785	9306	19479
svgs/oxygen-icons-5.113.0/scalable/mimetypes/small/16x16/application-vnd.stardivision.draw.svg	pass	145374	21921	123453
svgs/oxygen-icons-5.113.0/scalable/mimetypes/small/16x16/application-vnd.stardivision.mail.svg	pass	108530	21121	87409
svgs/oxygen-icons-5.113.0/scalable/mimetypes/small/16x16/application-vnd.stardivision.math.svg	pass	33509	9309	24200
svgs/oxygen-icons-5.113.0/scalable/mimetypes/small/16x16/application-vnd.sun.xml.calc.svg	pass	28785	9306	19479
svgs/oxygen-icons-5.113.0/scalable/mimetypes/small/16x16/application-vnd.sun.xml.calc.template.svg	pass	29762	10140	19622
svgs/oxygen-icons-5.113.0/scalable/mimetypes/small/16x16/application-vnd.sun.xml.draw.svg	pass	145374	21921	123453
svgs/oxygen-icons-5.113.0/scalable/mimetypes/small/16x16/application-vnd.sun.xml.draw.template.svg	pass	158636	23712	134924
svgs/oxygen-icons-5.113.0/scalable/mimetypes/small/16x16/application-vnd.sun.xml.math.svg	pass	33509	9309	24200
svgs/oxygen-icons-5.113.0/scalable/mimetypes/small/16x16/application-vnd.wordperfect.svg	pass	218685	100782	117903
svgs/oxygen-icons-5.113.0/scalable/mimetypes/small/16x16/application-x-7z-compressed.svg	pass	217475	67378	150097
svgs/oxygen-icons-5.113.0/scalable/mimetypes/small/16x16/application-x-abiword.svg	pass	216941	99271	117670
svgs/oxygen-icons-5.113.0/scalable/mimetypes/small/16x16/application-x-ace.svg	pass	217475	67378	150097
svgs/oxygen-icons-5.113.0/scalable/mimetypes/small/16x16/application-x-applix-spreadsheet.svg	pass	28785	9306	19479
svgs/oxygen-icons-5.113.0/scalable/mimetypes/small/16x16/application-x-applix-word.svg	pass	201050	100429	100621
svgs/oxygen-icons-5.113.0/scalable/mimetypes/small/16x16/application-x-ar.svg	pass	42042	18303	23739
svgs/oxygen-icons-5.113.0/scalable/mimetypes/small/16x16/application-x-arc.svg	pass	217475	67378	150097
svgs/oxygen-icons-5.113.0/scalable/mimetypes/small/16x16/application-x-archive.svg	pass	42042	18303	23739
svgs/oxygen-icons-5.113.0/scalable/mimetypes/small/16x16/application-x-arj.svg	pass	217475	67378	150097
svgs/oxygen-icons-5.113.0/scalable/mimetypes/small/16x16/application-x-awk.svg	pass	9491	4176	5315
svgs/oxygen-icons-5.113.0/scalable/mimetypes/small/16x16/application-x-bittorrent.svg	pass	240686	119069	121617
svgs/oxygen-icons-5.113.0/scalable/mimetypes/small/16x16/application-x-blender.svg	pass	50679	21239	29440
svgs/oxygen-icons-5.113.0/scalable/mimetypes/small/16x16/application-x-bzdvi.svg	pass	215213	66255	148958
svgs/oxygen-icons-5.113.0/scalable/mimetypes/small/16x16/application-x-bzip-compressed-tar.svg	pass	217475	67378	150097
svgs/oxygen-icons-5.113.0/scalable/mimetypes/small/16x16/application-x-bzip.svg	pass	290690	57402	233288
svgs/oxygen-icons-5.113.0/scalable/mimetypes/small/16x16/application-x-cd-image.svg	pass	45153	22182	22971
svgs/oxygen-icons-5.113.0/scalable/mimetypes/small/16x16/application-x-cda.svg	pass	63116	30489	32627
svgs/oxygen-icons-5.113.0/scalable/mimetypes/small/16x16/application-x-chm.svg	pass	32117	10265	21852
svgs/oxygen-icons-5.113.0/scalable/mimetypes/small/16x16/application-x-compress.svg	pass	290690	57402	233288
svgs/oxygen-icons-5.113.0/scalable/mimetypes/small/16x16/application-x-compressed-tar.svg	pass	84195	20974	63221
svgs/oxygen-icons-5.113.0/scalable/mimetypes/small/16x16/application-x-cpio.svg	pass	42042	18303	23739
svgs/oxygen-icons-5.113.0/scalable/mimetypes/small/16x16/application-x-cue.svg	pass	294790	141952	152838
svgs/oxygen-icons-5.113.0/scalable/mimetypes/small/16x16/application-x-deb.svg	pass	97421	22055	75366
svgs/oxygen-icons-5.113.0/scalable/mimetypes/small/16x16/application-x-designer.svg	pass	109026	41242	67784
svgs/oxygen-icons-5.113.0/scalable/mimetypes/small/16x16/application-x-desktop.svg	pass	99919	43610	56309
svgs/oxygen-icons-5.113.0/scalable/mimetypes/small/16x16/application-x-egon.svg	pass	77974	38850	39124
svgs/oxygen-icons-5.113.0/scalable/mimetypes/small/16x16/application-x-executable-script.svg	pass	192180	46938	145242
svgs/oxygen-icons-5.113.0/scalable/mimetypes/small/16x16/application-x-executable.svg	pass	99919	43610	56309
svgs/oxygen-icons-5.113.0/scalable/mimetypes/small/16x16/application-x-font-afm.svg	pass	41205	15952	25253
svgs/oxygen-icons-5.113.0/scalable/mimetypes/small/16x16/application-x-font-bdf.svg	pass	34507	15813	18694
svgs/oxygen-icons-5.113.0/scalable/mimetypes/small/16x16/application-x-font-otf.svg	pass	50974	19290	31684
svgs/oxygen-icons-5.113.0/scalable/mimetypes/small/16x16/application-x-font-pcf.svg	pass	34507	15813	18694
svgs/oxygen-icons-5.113.0/scalable/mimetypes/small/16x16/application-x-font-snf.svg	pass	34507	15813	18694
svgs/oxygen-icons-5.113.0/scalable/mimetypes/small/16x16/application-x-font-ttf.svg	pass	35648	10210	25438
svgs/oxygen-icons-5.113.0/scalable/mimetypes/small/16x16/application-x-font-type1.svg	pass	41205	15952	25253
svgs/oxygen-icons-5.113.0/scalable/mimetypes/small/16x16/application-x-gnumeric.svg	pass	28785	9306	19479
svgs/oxygen-icons-5.113.0/scalable/mimetypes/small/16x16/application-x-gzdvi.svg	pass	215213	66255	148958
svgs/oxygen-icons-5.113.0/scalable/mimetypes/small/16x16/application-x-gzip.svg	pass	290690	57402	233288
svgs/oxygen-icons-5.113.0/scalable/mimetypes/small/16x16/application-x-gzpostscript.svg	pass	54338	22877	31461
svgs/oxygen-icons-5.113.0/scalable/mimetypes/small/16x16/application-x-it87.svg	pass	97089	32544	64545
svgs/oxygen-icons-5.113.0/scalable/mimetypes/small/16x16/application-x-java-applet.svg	pass	491212	31592	459620
svgs/oxygen-icons-5.113.0/scalable/mimetypes/small/16x16/application-x-java-archive.svg	pass	107713	22059	85654
svgs/oxygen-icons-5.113.0/scalable/mimetypes/small/16x16/application-x-java.svg	pass	491212	31592	459620
svgs/oxygen-icons-5.113.0/scalable/mimetypes/small/16x16/application-x-javascript.svg	pass	32851	10158	22693
svgs/oxygen-icons-5.113.0/scalable/mimetypes/small/16x16/application-x-k3b.svg	pass	228144	169938	58206
svgs/oxygen-icons-5.113.0/scalable/mimetypes/small/16x16/application-x-kcsrc.svg	pass	61977	22827	39150
svgs/oxygen-icons-5.113.0/scalable/mimetypes/small/16x16/application-x-kexi-connectiondata.svg	pass	43188	10131	33057
svgs/oxygen-icons-5.113.0/scalable/mimetypes/small/16x16/application-x-kexiproject-shortcut.svg	pass	46031	11479	34552
svgs/oxygen-icons-5.113.0/scalable/mimetypes/small/16x16/application-x-kexiproject-sqlite.svg	pass	23912	10951	12961
svgs/oxygen-icons-5.113.0/scalable/mimetypes/small/16x16/application-x-kexiproject-sqlite2.svg	pass	23912	10951	12961
svgs/oxygen-icons-5.113.0/scalable/mimetypes/small/16x16/application-x-kexiproject-sqlite3.svg	pass	23912	10951	12961
svgs/oxygen-icons-5.113.0/scalable/mimetypes/small/16x16/application-x-kformula.svg	pass	33509	9309	24200
svgs/oxygen-icons-5.113.0/scalable/mimetypes/small/16x16/application-x-kgetlist.svg	pass	44875	18638	26237
svgs/oxygen-icons-5.113.0/scalable/mimetypes/small/16x16/application-x-kontour.svg	pass	39097	16347	22750
svgs/oxygen-icons-5.113.0/scalable/mimetypes/small/16x16/application-x-kplato.svg	pass	27989	9746	18243
svgs/oxygen-icons-5.113.0/scalable/mimetypes/small/16x16/application-x-krita.svg	pass	135002	62681	72321
svgs/oxygen-icons-5.113.0/scalable/mimetypes/small/16x16/application-x-kword.svg	pass	216941	99271	117670
svgs/oxygen-icons-5.113.0/scalable/mimetypes/small/16x16/application-x-lha.svg	pass	217475	67378	150097
svgs/oxygen-icons-5.113.0/scalable/mimetypes/small/16x16/application-x-lyx.svg	pass	225447	73993	151454
svgs/oxygen-icons-5.113.0/scalable/mimetypes/small/16x16/application-x-lzma-compressed-tar.svg	pass	42042	18303	23739
svgs/oxygen-icons-5.113.0/scalable/mimetypes/small/16x16/application-x-lzop.svg	pass	290690	57402	233288
svgs/oxygen-icons-5.113.0/scalable/mimetypes/small/16x16/application-x-m4.svg	pass	115123	51343	63780
svgs/oxygen-icons-5.113.0/scalable/mimetypes/small/16x16/application-x-marble.svg	pass	440624	226054	214570
svgs/oxygen-icons-5.113.0/scalable/mimetypes/small/16x16/application-x-mimearchive.svg	pass	108530	21121	87409
svgs/oxygen-icons-5.113.0/scalable/mimetypes/small/16x16/application-x-mplayer2.svg	pass	216717	15822	200895
svgs/oxygen-icons-5.113.0/scalable/mimetypes/small/16x16/application-x-ms-dos-executable.svg	pass	192180	46938	145242
svgs/oxygen-icons-5.113.0/scalable/mimetypes/small/16x16/application-x-mswinurl.svg	pass	783030	365131	417899
svgs/oxygen-icons-5.113.0/scalable/mimetypes/small/16x16/application-x-mswrite.svg	pass	331661	195834	135827
svgs/oxygen-icons-5.113.0/scalable/mimetypes/small/16x16/application-x-nzb.svg	pass	67010	35029	31981
svgs/oxygen-icons-5.113.0/scalable/mimetypes/small/16x16/application-x-object.svg	pass	39531	13686	25845
svgs/oxygen-icons-5.113.0/scalable/mimetypes/small/16x16/application-x-pak.svg	pass	290690	57402	233288
svgs/oxygen-icons-5.113.0/scalable/mimetypes/small/16x16/application-x-pem-key.svg	pass	465544	75030	390514
svgs/oxygen-icons-5.113.0/scalable/mimetypes/small/16x16/application-x-perl.svg	pass	448978	258857	190121
svgs/oxygen-icons-5.113.0/scalable/mimetypes/small/16x16/application-x-php.svg	pass	47510	14042	33468
svgs/oxygen-icons-5.113.0/scalable/mimetypes/small/16x16/application-x-plasma.svg	pass	69329	28010	41319
svgs/oxygen-icons-5.113.0/scalable/mimetypes/small/16x16/application-x-python-bytecode.svg	pass	39531	13686	25845
svgs/oxygen-icons-5.113.0/scalable/mimetypes/small/16x16/application-x-python.svg	pass	14728	6938	7790
svgs/oxygen-icons-5.113.0/scalable/mimetypes/small/16x16/application-x-qet-element.svg	pass	463636	118195	345441
svgs/oxygen-icons-5.113.0/scalable/mimetypes/small/16x16/application-x-qet-project.svg	pass	462660	118046	344614
svgs/oxygen-icons-5.113.0/scalable/mimetypes/small/16x16/application-x-quattropro.svg	pass	28785	9306	19479
svgs/oxygen-icons-5.113.0/scalable/mimetypes/small/16x16/application-x-rar.svg	pass	217475	67378	150097
svgs/oxygen-icons-5.113.0/scalable/mimetypes/small/16x16/application-x-rpm.svg	pass	67804	21487	46317
svgs/oxygen-icons-5.113.0/scalable/mimetypes/small/16x16/application-x-ruby.svg	pass	112377	27386	84991
svgs/oxygen-icons-5.113.0/scalable/mimetypes/small/16x16/application-x-sharedlib.svg	pass	39531	13686	25845
svgs/oxygen-icons-5.113.0/scalable/mimetypes/small/16x16/application-x-shellscript.svg	pass	20900	8225	12675
svgs/oxygen-icons-5.113.0/scalable/mimetypes/small/16x16/application-x-shockwave-flash.svg	pass	216717	15822	200895
svgs/oxygen-icons-5.113.0/scalable/mimetypes/small/16x16/application-x-siag.svg	pass	28785	9306	19479
svgs/oxygen-icons-5.113.0/scalable/mimetypes/small/16x16/application-x-sqlite2.svg	pass	23912	10951	12961
svgs/oxygen-icons-5.113.0/scalable/mimetypes/small/16x16/application-x-sqlite3.svg	pass	23912	10951	12961
svgs/oxygen-icons-5.113.0/scalable/mimetypes/small/16x16/application-x-srt.svg	pass	317716	224773	92943
svgs/oxygen-icons-5.113.0/scalable/mimetypes/small/16x16/application-x-srtrip.svg	pass	317716	224773	92943
svgs/oxygen-icons-5.113.0/scalable/mimetypes/small/16x16/application-x-subrip.svg	pass	317716	224773	92943
svgs/oxygen-icons-5.113.0/scalable/mimetypes/small/16x16/application-x-tar.svg	pass	42042	18303	23739
svgs/oxygen-icons-5.113.0/scalable/mimetypes/small/16x16/application-x-tarz.svg	pass	217475	67378	150097
svgs/oxygen-icons-5.113.0/scalable/mimetypes/small/16x16/application-x-tgif.svg	pass	39097	16347	22750
svgs/oxygen-icons-5.113.0/scalable/mimetypes/small/16x16/application-x-trash.svg	pass	49643	20684	28959
svgs/oxygen-icons-5.113.0/scalable/mimetypes/small/16x16/application-x-troff-man.svg	pass	2815335	2327797	487538
svgs/oxygen-icons-5.113.0/scalable/mimetypes/small/16x16/application-x-tzo.svg	pass	217475	67378	150097
svgs/oxygen-icons-5.113.0/scalable/mimetypes/small/16x16/application-x-wmf.svg	pass	39097	16347	22750
svgs/oxygen-icons-5.113.0/scalable/mimetypes/small/16x16/application-x-zerosize.svg	pass	16522	7637	8885
svgs/oxygen-icons-5.113.0/scalable/mimetypes/small/16x16/application-x-zip.svg	pass	205951	62682	143269
svgs/oxygen-icons-5.113.0/scalable/mimetypes/small/16x16/application-x-zoo.svg	pass	217475	67378	150097
svgs/oxygen-icons-5.113.0/scalable/mimetypes/small/16x16/application-xhtml+xml.svg	pass	108314	9639	98675
svgs/oxygen-icons-5.113.0/scalable/mimetypes/small/16x16/application-xml.svg	pass	108314	9639	98675
svgs/oxygen-icons-5.113.0/scalable/mimetypes/small/16x16/application-xsd.svg	pass	653614	272916	380698
svgs/oxygen-icons-5.113.0/scalable/mimetypes/small/16x16/application-xslt+xml.svg	pass	783030	365131	417899
svgs/oxygen-icons-5.113.0/scalable/mimetypes/small/16x16/application-zip.svg	pass	217475	67378	150097
svgs/oxygen-icons-5.113.0/scalable/mimetypes/small/16x16/audio-ac3.svg	pass	40425	16273	24152
svgs/oxygen-icons-5.113.0/scalable/mimetypes/small/16x16/audio-midi.svg	pass	42088	16608	25480
svgs/oxygen-icons-5.113.0/scalable/mimetypes/small/16x16/audio-prs.sid.svg	pass	42088	16608	25480
svgs/oxygen-icons-5.113.0/scalable/mimetypes/small/16x16/audio-vn.rn-realmedia.svg	pass	216717	15822	200895
svgs/oxygen-icons-5.113.0/scalable/mimetypes/small/16x16/audio-vnd.rn-realvideo.svg	pass	216717	15822	200895
svgs/oxygen-icons-5.113.0/scalable/mimetypes/small/16x16/audio-x-adpcm.svg	pass	40425	16273	24152
svgs/oxygen-icons-5.113.0/scalable/mimetypes/small/16x16/audio-x-aiff.svg	pass	40425	16273	24152
svgs/oxygen-icons-5.113.0/scalable/mimetypes/small/16x16/audio-x-flac+ogg.svg	pass	40425	16273	24152
svgs/oxygen-icons-5.113.0/scalable/mimetypes/small/16x16/audio-x-flac.svg	pass	40425	16273	24152
svgs/oxygen-icons-5.113.0/scalable/mimetypes/small/16x16/audio-x-generic.svg	pass	40425	16273	24152
svgs/oxygen-icons-5.113.0/scalable/mimetypes/small/16x16/audio-x-monkey.svg	pass	40425	16273	24152
svgs/oxygen-icons-5.113.0/scalable/mimetypes/small/16x16/audio-x-speex+ogg.svg	pass	130203	61370	68833
svgs/oxygen-icons-5.113.0/scalable/mimetypes/small/16x16/audio-x-wav.svg	pass	40425	16273	24152
svgs/oxygen-icons-5.113.0/scalable/mimetypes/small/16x16/encrypted.svg	pass	465544	75030	390514
svgs/oxygen-icons-5.113.0/scalable/mimetypes/small/16x16/image-svg+xml-compressed.svg	pass	39097	16347	22750
svgs/oxygen-icons-5.113.0/scalable/mimetypes/small/16x16/image-svg+xml.svg	pass	39097	16347	22750
svgs/oxygen-icons-5.113.0/scalable/mimetypes/small/16x16/image-vnd.dgn.svg	pass	39347	8426	30921
svgs/oxygen-icons-5.113.0/scalable/mimetypes/small/16x16/image-vnd.dwg.svg	pass	31052	9080	21972
svgs/oxygen-icons-5.113.0/scalable/mimetypes/small/16x16/image-x-adobe-dng.svg	pass	77974	38850	39124
svgs/oxygen-icons-5.113.0/scalable/mimetypes/small/16x16/image-x-eps.svg	pass	37811	16179	21632
svgs/oxygen-icons-5.113.0/scalable/mimetypes/small/16x16/image-x-generic.svg	pass	77974	38850	39124
svgs/oxygen-icons-5.113.0/scalable/mimetypes/small/16x16/image-x-vnd.trolltech.qpicture.svg	pass	38151	16339	21812
svgs/oxygen-icons-5.113.0/scalable/mimetypes/small/16x16/image-x-xfig.svg	pass	39097	16347	22750
svgs/oxygen-icons-5.113.0/scalable/mimetypes/small/16x16/inode-directory.svg	pass	243394	116132	127262
svgs/oxygen-icons-5.113.0/scalable/mimetypes/small/16x16/message-news.svg	pass	111760	9086	102674
svgs/oxygen-icons-5.113.0/scalable/mimetypes/small/16x16/message-partial.svg	pass	113212	21519	91693
svgs/oxygen-icons-5.113.0/scalable/mimetypes/small/16x16/message-rfc822.svg	pass	108530	21121	87409
svgs/oxygen-icons-5.113.0/scalable/mimetypes/small/16x16/message-x-gnu-rmail.svg	pass	108530	21121	87409
svgs/oxygen-icons-5.113.0/scalable/mimetypes/small/16x16/message.svg	pass	108530	21121	87409
svgs/oxygen-icons-5.113.0/scalable/mimetypes/small/16x16/package-x-generic.svg	pass	42042	18303	23739
svgs/oxygen-icons-5.113.0/scalable/mimetypes/small/16x16/text-calendar.svg	pass	25023	9717	15306
svgs/oxygen-icons-5.113.0/scalable/mimetypes/small/16x16/text-css.svg	pass	317716	224773	92943
svgs/oxygen-icons-5.113.0/scalable/mimetypes/small/16x16/text-csv.svg	pass	28785	9306	19479
svgs/oxygen-icons-5.113.0/scalable/mimetypes/small/16x16/text-directory.svg	pass	81652	39063	42589
svgs/oxygen-icons-5.113.0/scalable/mimetypes/small/16x16/text-enriched.svg	pass	191081	118141	72940
svgs/oxygen-icons-5.113.0/scalable/mimetypes/small/16x16/text-html.svg	pass	783030	365131	417899
svgs/oxygen-icons-5.113.0/scalable/mimetypes/small/16x16/text-mathml.svg	pass	32272	9029	23243
svgs/oxygen-icons-5.113.0/scalable/mimetypes/small/16x16/text-plain.svg	pass	317716	224773	92943
svgs/oxygen-icons-5.113.0/scalable/mimetypes/small/16x16/text-rdf+xml.svg	pass	29886	10748	19138
svgs/oxygen-icons-5.113.0/scalable/mimetypes/small/16x16/text-rdf.svg	pass	29863	10748	19115
svgs/oxygen-icons-5.113.0/scalable/mimetypes/small/16x16/text-rtf.svg	pass	201050	100429	100621
svgs/oxygen-icons-5.113.0/scalable/mimetypes/small/16x16/text-sgml.svg	pass	191081	118141	72940
svgs/oxygen-icons-5.113.0/scalable/mimetypes/small/16x16/text-troff.svg	pass	2815335	2327797	487538
svgs/oxygen-icons-5.113.0/scalable/mimetypes/small/16x16/text-vcalendar.svg	pass	25023	9717	15306
svgs/oxygen-icons-5.113.0/scalable/mimetypes/small/16x16/text-vnd.abc.svg	pass	40425	16273	24152
svgs/oxygen-icons-5.113.0/scalable/mimetypes/small/16x16/text-vnd.wap.wml.svg	pass	511410	202673	308737
svgs/oxygen-icons-5.113.0/scalable/mimetypes/small/16x16/text-x-adasrc.svg	pass	11430	4442	6988
svgs/oxygen-icons-5.113.0/scalable/mimetypes/small/16x16/text-x-authors.svg	pass	191081	118141	72940
svgs/oxygen-icons-5.113.0/scalable/mimetypes/small/16x16/text-x-bibtex.svg	pass	19723	9763	9960
svgs/oxygen-icons-5.113.0/scalable/mimetypes/small/16x16/text-x-c++hdr.svg	pass	31077	8898	22179
svgs/oxygen-icons-5.113.0/scalable/mimetypes/small/16x16/text-x-c++src.svg	pass	52982	9459	43523
svgs/oxygen-icons-5.113.0/scalable/mimetypes/small/16x16/text-x-changelog.svg	pass	317716	224773	92943
svgs/oxygen-icons-5.113.0/scalable/mimetypes/small/16x16/text-x-chdr.svg	pass	31997	8710	23287
svgs/oxygen-icons-5.113.0/scalable/mimetypes/small/16x16/text-x-cmake.svg	pass	191081	118141	72940
svgs/oxygen-icons-5.113.0/scalable/mimetypes/small/16x16/text-x-copying.svg	pass	191081	118141	72940
svgs/oxygen-icons-5.113.0/scalable/mimetypes/small/16x16/text-x-csharp.svg	pass	51307	9703	41604
svgs/oxygen-icons-5.113.0/scalable/mimetypes/small/16x16/text-x-csrc.svg	pass	73283	9378	63905
svgs/oxygen-icons-5.113.0/scalable/mimetypes/small/16x16/text-x-dtd.svg	pass	511410	202673	308737
svgs/oxygen-icons-5.113.0/scalable/mimetypes/small/16x16/text-x-generic.svg	pass	191081	118141	72940
svgs/oxygen-icons-5.113.0/scalable/mimetypes/small/16x16/text-x-haskell.svg	pass	193495	104930	88565
svgs/oxygen-icons-5.113.0/scalable/mimetypes/small/16x16/text-x-hex.svg	pass	46483	19969	26514
svgs/oxygen-icons-5.113.0/scalable/mimetypes/small/16x16/text-x-install.svg	pass	191081	118141	72940
svgs/oxygen-icons-5.113.0/scalable/mimetypes/small/16x16/text-x-java.svg	pass	491212	31592	459620
svgs/oxygen-icons-5.113.0/scalable/mimetypes/small/16x16/text-x-katefilelist.svg	pass	191081	118141	72940
svgs/oxygen-icons-5.113.0/scalable/mimetypes/small/16x16/text-x-ldif.svg	pass	82250	39256	42994
svgs/oxygen-icons-5.113.0/scalable/mimetypes/small/16x16/text-x-lilypond.svg	pass	34567	15303	19264
svgs/oxygen-icons-5.113.0/scalable/mimetypes/small/16x16/text-x-log.svg	pass	191081	118141	72940
svgs/oxygen-icons-5.113.0/scalable/mimetypes/small/16x16/text-x-makefile.svg	pass	115130	51343	63787
svgs/oxygen-icons-5.113.0/scalable/mimetypes/small/16x16/text-x-nfo.svg	pass	191081	118141	72940
svgs/oxygen-icons-5.113.0/scalable/mimetypes/small/16x16/text-x-objchdr.svg	pass	31997	8710	23287
svgs/oxygen-icons-5.113.0/scalable/mimetypes/small/16x16/text-x-objcsrc.svg	pass	73283	9378	63905
svgs/oxygen-icons-5.113.0/scalable/mimetypes/small/16x16/text-x-pascal.svg	pass	1336675	1042698	293977
svgs/oxygen-icons-5.113.0/scalable/mimetypes/small/16x16/text-x-patch.svg	pass	201328	39750	161578
svgs/oxygen-icons-5.113.0/scalable/mimetypes/small/16x16/text-x-po.svg	pass	171641	113383	58258
svgs/oxygen-icons-5.113.0/scalable/mimetypes/small/16x16/text-x-python.svg	pass	73272	41277	31995
svgs/oxygen-icons-5.113.0/scalable/mimetypes/small/16x16/text-x-qml.svg	pass	47894	20471	27423
svgs/oxygen-icons-5.113.0/scalable/mimetypes/small/16x16/text-x-readme.svg	pass	191081	118141	72940
svgs/oxygen-icons-5.113.0/scalable/mimetypes/small/16x16/text-x-rpm-spec.svg	pass	58718	18782	39936
svgs/oxygen-icons-5.113.0/scalable/mimetypes/small/16x16/text-x-script.svg	pass	20900	8225	12675
svgs/oxygen-icons-5.113.0/scalable/mimetypes/small/16x16/text-x-sql.svg	pass	88287	19756	68531
svgs/oxygen-icons-5.113.0/scalable/mimetypes/small/16x16/text-x-tcl.svg	pass	8642	3665	4977
svgs/oxygen-icons-5.113.0/scalable/mimetypes/small/16x16/text-x-tex.svg	pass	19723	9763	9960
svgs/oxygen-icons-5.113.0/scalable/mimetypes/small/16x16/text-x-texinfo.svg	pass	44690	16591	28099
svgs/oxygen-icons-5.113.0/scalable/mimetypes/small/16x16/text-x-vcard.svg	pass	82250	39256	42994
svgs/oxygen-icons-5.113.0/scalable/mimetypes/small/16x16/text-x-xslfo.svg	pass	511410	202673	308737
svgs/oxygen-icons-5.113.0/scalable/mimetypes/small/16x16/text-xmcd.svg	pass	63116	30489	32627
svgs/oxygen-icons-5.113.0/scalable/mimetypes/small/16x16/text-xml.svg	pass	108314	9639	98675
svgs/oxygen-icons-5.113.0/scalable/mimetypes/small/16x16/unknown.svg	pass	58393	28305	30088
svgs/oxygen-icons-5.113.0/scalable/mimetypes/small/16x16/uri-mms.svg	pass	216717	15822	200895
svgs/oxygen-icons-5.113.0/scalable/mimetypes/small/16x16/uri-mmst.svg	pass	216717	15822	200895
svgs/oxygen-icons-5.113.0/scalable/mimetypes/small/16x16/uri-mmsu.svg	pass	216717	15822	200895
svgs/oxygen-icons-5.113.0/scalable/mimetypes/small/16x16/uri-pnm.svg	pass	216717	15822	200895
svgs/oxygen-icons-5.113.0/scalable/mimetypes/small/16x16/uri-rtspt.svg	pass	216717	15822	200895
svgs/oxygen-icons-5.113.0/scalable/mimetypes/small/16x16/uri-rtspu.svg	pass	216717	15822	200895
svgs/oxygen-icons-5.113.0/scalable/mimetypes/small/16x16/video-x-generic.svg	pass	216717	15822	200895
svgs/oxygen-icons-5.113.0/scalable/mimetypes/small/16x16/video-x-mng.svg	pass	77974	38850	39124
svgs/oxygen-icons-5.113.0/scalable/mimetypes/small/16x16/x-kde-nsplugin-generated.svg	pass	47786	20866	26920
svgs/oxygen-icons-5.113.0/scalable/mimetypes/small/16x16/x-media-podcast.svg	pass	85108	34038	51070
svgs/oxygen-icons-5.113.0/scalable/mimetypes/small/16x16/x-office-address-book.svg	pass	2985422	2323974	661448
svgs/oxygen-icons-5.113.0/scalable/mimetypes/small/16x16/x-office-calendar.svg	pass	25023	9717	15306
svgs/oxygen-icons-5.113.0/scalable/mimetypes/small/16x16/x-office-contact.svg	pass	117798	46049	71749
svgs/oxygen-icons-5.113.0/scalable/mimetypes/small/16x16/x-office-document.svg	pass	17734	7909	9825
svgs/oxygen-icons-5.113.0/scalable/mimetypes/small/16x16/x-office-presentation.svg	pass	103645	13982	89663
svgs/oxygen-icons-5.113.0/scalable/mimetypes/small/16x16/x-office-spreadsheet.svg	pass	28785	9306	19479
svgs/oxygen-icons-5.113.0/scalable/mimetypes/small/22x22/application-epub+zip.svg	pass	2785485	2319143	466342
svgs/oxygen-icons-5.113.0/scalable/mimetypes/small/22x22/application-illustrator.svg	pass	25295	12364	12931
svgs/oxygen-icons-5.113.0/scalable/mimetypes/small/22x22/application-javascript.svg	mismatch	91934	37668	54266
svgs/oxygen-icons-5.113.0/scalable/mimetypes/small/22x22/application-msword-template.svg	pass	266597	133112	133485
svgs/oxygen-icons-5.113.0/scalable/mimetypes/small/22x22/application-msword.svg	pass	232947	126071	106876
svgs/oxygen-icons-5.113.0/scalable/mimetypes/small/22x22/application-octet-stream.svg	pass	58550	16065	42485
svgs/oxygen-icons-5.113.0/scalable/mimetypes/small/22x22/application-pdf.svg	mismatch	21790	10471	11319
svgs/oxygen-icons-5.113.0/scalable/mimetypes/small/22x22/application-pgp-encrypted.svg	pass	185304	19193	166111
svgs/oxygen-icons-5.113.0/scalable/mimetypes/small/22x22/application-pgp-keys.svg	pass	409134	78053	331081
svgs/oxygen-icons-5.113.0/scalable/mimetypes/small/22x22/application-pkcs7-mime.svg	pass	409134	78053	331081
svgs/oxygen-icons-5.113.0/scalable/mimetypes/small/22x22/application-postscript.svg	pass	49270	22455	26815
svgs/oxygen-icons-5.113.0/scalable/mimetypes/small/22x22/application-relaxng.svg	pass	999177	395903	603274
svgs/oxygen-icons-5.113.0/scalable/mimetypes/small/22x22/application-rss+xml.svg	pass	22949	9858	13091
svgs/oxygen-icons-5.113.0/scalable/mimetypes/small/22x22/application-rtf.svg	pass	189377	118356	71021
svgs/oxygen-icons-5.113.0/scalable/mimetypes/small/22x22/application-sxw.svg	pass	373202	151953	221249
svgs/oxygen-icons-5.113.0/scalable/mimetypes/small/22x22/application-vnd-google-earth-kml.svg	pass	22672	10444	12228
svgs/oxygen-icons-5.113.0/scalable/mimetypes/small/22x22/application-vnd.iccprofile.svg	pass	98119	32638	65481
svgs/oxygen-icons-5.113.0/scalable/mimetypes/small/22x22/application-vnd.ms-access.svg	pass	50684	18750	31934
svgs/oxygen-icons-5.113.0/scalable/mimetypes/small/22x22/application-vnd.ms-excel.svg	pass	68177	12903	55274
svgs/oxygen-icons-5.113.0/scalable/mimetypes/small/22x22/application-vnd.ms-powerpoint.svg	pass	131135	16457	114678
svgs/oxygen-icons-5.113.0/scalable/mimetypes/small/22x22/application-vnd.oasis.opendocument.chart.svg	pass	95310	38237	57073
svgs/oxygen-icons-5.113.0/scalable/mimetypes/small/22x22/application-vnd.oasis.opendocument.database.svg	pass	124504	33225	91279
svgs/oxygen-icons-5.113.0/scalable/mimetypes/small/22x22/application-vnd.oasis.opendocument.formula-template.svg	pass	65585	19508	46077
svgs/oxygen-icons-5.113.0/scalable/mimetypes/small/22x22/application-vnd.oasis.opendocument.formula.svg	pass	53391	13197	40194
svgs/oxygen-icons-5.113.0/scalable/mimetypes/small/22x22/application-vnd.oasis.opendocument.graphics.svg	pass	35191	16506	18685
svgs/oxygen-icons-5.113.0/scalable/mimetypes/small/22x22/application-vnd.oasis.opendocument.image.svg	pass	140653	22395	118258
svgs/oxygen-icons-5.113.0/scalable/mimetypes/small/22x22/application-vnd.oasis.opendocument.presentation-template.svg	pass	208367	22789	185578
svgs/oxygen-icons-5.113.0/scalable/mimetypes/small/22x22/application-vnd.oasis.opendocument.presentation.svg	pass	103645	14697	88948
svgs/oxygen-icons-5.113.0/scalable/mimetypes/small/22x22/application-vnd.oasis.opendocument.spreadsheet-template.svg	pass	45434	18353	27081
svgs/oxygen-icons-5.113.0/scalable/mimetypes/small/22x22/application-vnd.oasis.opendocument.spreadsheet.svg	pass	32369	12013	20356
svgs/oxygen-icons-5.113.0/scalable/mimetypes/small/22x22/application-vnd.oasis.opendocument.text.svg	pass	289892	142423	147469
svgs/oxygen-icons-5.113.0/scalable/mimetypes/small/22x22/application-vnd.openxmlformats-officedocument.wordprocessingml.document.svg	pass	289892	142423	147469
svgs/oxygen-icons-5.113.0/scalable/mimetypes/small/22x22/application-vnd.rn-realmedia.svg	pass	51681	21288	30393
svgs/oxygen-icons-5.113.0/scalable/mimetypes/small/22x22/application-vnd.scribus.svg	pass	37457	17882	19575
svgs/oxygen-icons-5.113.0/scalable/mimetypes/small/22x22/application-vnd.stardivision.calc.svg	pass	32369	12013	20356
svgs/oxygen-icons-5.113.0/scalable/mimetypes/small/22x22/application-vnd.stardivision.draw.svg	pass	140607	22395	118212
svgs/oxygen-icons-5.113.0/scalable/mimetypes/small/22x22/application-vnd.stardivision.math.svg	pass	53329	13197	40132
svgs/oxygen-icons-5.113.0/scalable/mimetypes/small/22x22/application-vnd.sun.xml.calc.svg	pass	32369	12013	20356
svgs/oxygen-icons-5.113.0/scalable/mimetypes/small/22x22/application-vnd.sun.xml.calc.template.svg	pass	45365	18353	27012
svgs/oxygen-icons-5.113.0/scalable/mimetypes/small/22x22/application-vnd.sun.xml.draw.svg	pass	140607	22395	118212
svgs/oxygen-icons-5.113.0/scalable/mimetypes/small/22x22/application-vnd.sun.xml.draw.template.svg	pass	152952	28758	124194
svgs/oxygen-icons-5.113.0/scalable/mimetypes/small/22x22/application-vnd.sun.xml.math.svg	pass	53329	13197	40132
svgs/oxygen-icons-5.113.0/scalable/mimetypes/small/22x22/application-vnd.sun.xml.svg	pass	140608	12526	128082
svgs/oxygen-icons-5.113.0/scalable/mimetypes/small/22x22/application-vnd.wordperfect.svg	pass	231636	125282	106354
svgs/oxygen-icons-5.113.0/scalable/mimetypes/small/22x22/application-x-7z-compressed.svg	pass	193232	84357	108875
svgs/oxygen-icons-5.113.0/scalable/mimetypes/small/22x22/application-x-abiword.svg	pass	289892	142423	147469
svgs/oxygen-icons-5.113.0/scalable/mimetypes/small/22x22/application-x-ace.svg	pass	193232	84357	108875
svgs/oxygen-icons-5.113.0/scalable/mimetypes/small/22x22/application-x-applix-spreadsheet.svg	pass	32369	12013	20356
svgs/oxygen-icons-5.113.0/scalable/mimetypes/small/22x22/application-x-applix-word.svg	pass	270018	142260	127758
svgs/oxygen-icons-5.113.0/scalable/mimetypes/small/22x22/application-x-ar.svg	pass	49266	20064	29202
svgs/oxygen-icons-5.113.0/scalable/mimetypes/small/22x22/application-x-arc.svg	pass	193232	84357	108875
svgs/oxygen-icons-5.113.0/scalable/mimetypes/small/22x22/application-x-archive.svg	pass	49266	20064	29202
svgs/oxygen-icons-5.113.0/scalable/mimetypes/small/22x22/application-x-arj.svg	pass	193232	84357	108875
svgs/oxygen-icons-5.113.0/scalable/mimetypes/small/22x22/application-x-awk.svg	pass	38716	14021	24695
svgs/oxygen-icons-5.113.0/scalable/mimetypes/small/22x22/application-x-bittorrent.svg	pass	240698	119185	121513
svgs/oxygen-icons-5.113.0/scalable/mimetypes/small/22x22/application-x-blender.svg	pass	49502	20803	28699
svgs/oxygen-icons-5.113.0/scalable/mimetypes/small/22x22/application-x-bzdvi.svg	pass	191045	83234	107811
svgs/oxygen-icons-5.113.0/scalable/mimetypes/small/22x22/application-x-bzip-compressed-tar.svg	pass	193232	84357	108875
svgs/oxygen-icons-5.113.0/scalable/mimetypes/small/22x22/application-x-bzip.svg	pass	141309	57431	83878
svgs/oxygen-icons-5.113.0/scalable/mimetypes/small/22x22/application-x-cd-image.svg	pass	53602	22761	30841
svgs/oxygen-icons-5.113.0/scalable/mimetypes/small/22x22/application-x-cda.svg	pass	68808	31416	37392
svgs/oxygen-icons-5.113.0/scalable/mimetypes/small/22x22/application-x-chm.svg	pass	28999	10279	18720
svgs/oxygen-icons-5.113.0/scalable/mimetypes/small/22x22/application-x-compress.svg	pass	141309	57431	83878
svgs/oxygen-icons-5.113.0/scalable/mimetypes/small/22x22/application-x-compressed-tar.svg	pass	86163	22706	63457
svgs/oxygen-icons-5.113.0/scalable/mimetypes/small/22x22/application-x-cpio.svg	pass	49266	20064	29202
svgs/oxygen-icons-5.113.0/scalable/mimetypes/small/22x22/application-x-cue.svg	pass	295294	141948	153346
svgs/oxygen-icons-5.113.0/scalable/mimetypes/small/22x22/application-x-deb.svg	pass	76733	23076	53657
svgs/oxygen-icons-5.113.0/scalable/mimetypes/small/22x22/application-x-designer.svg	pass	130538	41144	89394
svgs/oxygen-icons-5.113.0/scalable/mimetypes/small/22x22/application-x-desktop.svg	pass	99930	43615	56315
svgs/oxygen-icons-5.113.0/scalable/mimetypes/small/22x22/application-x-egon.svg	pass	78856	39391	39465
svgs/oxygen-icons-5.113.0/scalable/mimetypes/small/22x22/application-x-executable-script.svg	pass	129027	47847	81180
svgs/oxygen-icons-5.113.0/scalable/mimetypes/small/22x22/application-x-executable.svg	pass	99924	43615	56309
svgs/oxygen-icons-5.113.0/scalable/mimetypes/small/22x22/application-x-font-afm.svg	pass	88707	13949	74758
svgs/oxygen-icons-5.113.0/scalable/mimetypes/small/22x22/application-x-font-bdf.svg	pass	23366	10424	12942
svgs/oxygen-icons-5.113.0/scalable/mimetypes/small/22x22/application-x-font-otf.svg	pass	62705	20980	41725
svgs/oxygen-icons-5.113.0/scalable/mimetypes/small/22x22/application-x-font-pcf.svg	pass	23366	10424	12942
svgs/oxygen-icons-5.113.0/scalable/mimetypes/small/22x22/application-x-font-snf.svg	pass	23366	10424	12942
svgs/oxygen-icons-5.113.0/scalable/mimetypes/small/22x22/application-x-font-ttf.svg	pass	23091	10376	12715
svgs/oxygen-icons-5.113.0/scalable/mimetypes/small/22x22/application-x-font-type1.svg	pass	88707	13949	74758
svgs/oxygen-icons-5.113.0/scalable/mimetypes/small/22x22/application-x-gnumeric.svg	pass	32369	12013	20356
svgs/oxygen-icons-5.113.0/scalable/mimetypes/small/22x22/application-x-gzdvi.svg	pass	191045	83234	107811
svgs/oxygen-icons-5.113.0/scalable/mimetypes/small/22x22/application-x-gzip.svg	pass	141309	57431	83878
svgs/oxygen-icons-5.113.0/scalable/mimetypes/small/22x22/application-x-gzpostscript.svg	pass	49270	22455	26815
svgs/oxygen-icons-5.113.0/scalable/mimetypes/small/22x22/application-x-it87.svg	pass	98119	32638	65481
svgs/oxygen-icons-5.113.0/scalable/mimetypes/small/22x22/application-x-java-applet.svg	pass	110975	34823	76152
svgs/oxygen-icons-5.113.0/scalable/mimetypes/small/22x22/application-x-java-archive.svg	pass	98328	23445	74883
svgs/oxygen-icons-5.113.0/scalable/mimetypes/small/22x22/application-x-java.svg	pass	62222	30653	31569
svgs/oxygen-icons-5.113.0/scalable/mimetypes/small/22x22/application-x-javascript.svg	mismatch	91934	37668	54266
svgs/oxygen-icons-5.113.0/scalable/mimetypes/small/22x22/application-x-k3b.svg	pass	892928	169599	723329
svgs/oxygen-icons-5.113.0/scalable/mimetypes/small/22x22/application-x-kcsrc.svg	pass	50229	22328	27901
svgs/oxygen-icons-5.113.0/scalable/mimetypes/small/22x22/application-x-kexi-connectiondata.svg	pass	194675	45111	149564
svgs/oxygen-icons-5.113.0/scalable/mimetypes/small/22x22/application-x-kexiproject-shortcut.svg	pass	202291	46059	156232
svgs/oxygen-icons-5.113.0/scalable/mimetypes/small/22x22/application-x-kexiproject-sqlite.svg	pass	124504	33225	91279
svgs/oxygen-icons-5.113.0/scalable/mimetypes/small/22x22/application-x-kexiproject-sqlite2.svg	pass	124504	33225	91279
svgs/oxygen-icons-5.113.0/scalable/mimetypes/small/22x22/application-x-kexiproject-sqlite3.svg	pass	124504	33225	91279
svgs/oxygen-icons-5.113.0/scalable/mimetypes/small/22x22/application-x-kformula.svg	pass	53329	13197	40132
svgs/oxygen-icons-5.113.0/scalable/mimetypes/small/22x22/application-x-kgetlist.svg	pass	45364	18624	26740
svgs/oxygen-icons-5.113.0/scalable/mimetypes/small/22x22/application-x-kontour.svg	pass	33785	15660	18125
svgs/oxygen-icons-5.113.0/scalable/mimetypes/small/22x22/application-x-kplato.svg	pass	31852	12141	19711
svgs/oxygen-icons-5.113.0/scalable/mimetypes/small/22x22/application-x-krita.svg	pass	126245	62827	63418
svgs/oxygen-icons-5.113.0/scalable/mimetypes/small/22x22/application-x-kword.svg	pass	289892	142423	147469
svgs/oxygen-icons-5.113.0/scalable/mimetypes/small/22x22/application-x-lha.svg	pass	193232	84357	108875
svgs/oxygen-icons-5.113.0/scalable/mimetypes/small/22x22/application-x-lyx.svg	pass	152709	40675	112034
svgs/oxygen-icons-5.113.0/scalable/mimetypes/small/22x22/application-x-lzma-compressed-tar.svg	pass	49266	20064	29202
svgs/oxygen-icons-5.113.0/scalable/mimetypes/small/22x22/application-x-lzop.svg	pass	141309	57431	83878
svgs/oxygen-icons-5.113.0/scalable/mimetypes/small/22x22/application-x-m4.svg	pass	118370	49561	68809
svgs/oxygen-icons-5.113.0/scalable/mimetypes/small/22x22/application-x-marble.svg	pass	434005	225511	208494
svgs/oxygen-icons-5.113.0/scalable/mimetypes/small/22x22/application-x-mimearchive.svg	pass	196372	36013	160359
svgs/oxygen-icons-5.113.0/scalable/mimetypes/small/22x22/application-x-mplayer2.svg	pass	51681	21288	30393
svgs/oxygen-icons-5.113.0/scalable/mimetypes/small/22x22/application-x-ms-dos-executable.svg	pass	123082	47296	75786
svgs/oxygen-icons-5.113.0/scalable/mimetypes/small/22x22/application-x-mswinurl.svg	pass	777410	364651	412759
svgs/oxygen-icons-5.113.0/scalable/mimetypes/small/22x22/application-x-mswrite.svg	pass	253064	128560	124504
svgs/oxygen-icons-5.113.0/scalable/mimetypes/small/22x22/application-x-nzb.svg	pass	50088	23458	26630
svgs/oxygen-icons-5.113.0/scalable/mimetypes/small/22x22/application-x-object.svg	pass	58550	16065	42485
svgs/oxygen-icons-5.113.0/scalable/mimetypes/small/22x22/application-x-pak.svg	pass	141309	57431	83878
svgs/oxygen-icons-5.113.0/scalable/mimetypes/small/22x22/application-x-pem-key.svg	pass	402630	77901	324729
svgs/oxygen-icons-5.113.0/scalable/mimetypes/small/22x22/application-x-perl.svg	pass	477449	262254	215195
svgs/oxygen-icons-5.113.0/scalable/mimetypes/small/22x22/application-x-php.svg	pass	53658	14926	38732
svgs/oxygen-icons-5.113.0/scalable/mimetypes/small/22x22/application-x-plasma.svg	pass	79624	27997	51627
svgs/oxygen-icons-5.113.0/scalable/mimetypes/small/22x22/application-x-python-bytecode.svg	pass	58550	16065	42485
svgs/oxygen-icons-5.113.0/scalable/mimetypes/small/22x22/application-x-qet-element.svg	pass	463032	118874	344158
svgs/oxygen-icons-5.113.0/scalable/mimetypes/small/22x22/application-x-qet-project.svg	pass	457067	118158	338909
svgs/oxygen-icons-5.113.0/scalable/mimetypes/small/22x22/application-x-quattropro.svg	pass	32369	12013	20356
svgs/oxygen-icons-5.113.0/scalable/mimetypes/small/22x22/application-x-rar.svg	pass	193232	84357	108875
svgs/oxygen-icons-5.113.0/scalable/mimetypes/small/22x22/application-x-rpm.svg	pass	56041	22861	33180
svgs/oxygen-icons-5.113.0/scalable/mimetypes/small/22x22/application-x-ruby.svg	pass	61915	26622	35293
svgs/oxygen-icons-5.113.0/scalable/mimetypes/small/22x22/application-x-sharedlib.svg	pass	58550	16065	42485
svgs/oxygen-icons-5.113.0/scalable/mimetypes/small/22x22/application-x-shellscript.svg	pass	38716	14021	24695
svgs/oxygen-icons-5.113.0/scalable/mimetypes/small/22x22/application-x-shockwave-flash.svg	pass	51681	21288	30393
svgs/oxygen-icons-5.113.0/scalable/mimetypes/small/22x22/application-x-siag.svg	pass	32369	12013	20356
svgs/oxygen-icons-5.113.0/scalable/mimetypes/small/22x22/application-x-sqlite2.svg	pass	124504	33225	91279
svgs/oxygen-icons-5.113.0/scalable/mimetypes/small/22x22/application-x-sqlite3.svg	pass	124504	33225	91279
svgs/oxygen-icons-5.113.0/scalable/mimetypes/small/22x22/application-x-srt.svg	mismatch	464116	306205	157911
svgs/oxygen-icons-5.113.0/scalable/mimetypes/small/22x22/application-x-srtrip.svg	mismatch	464494	305840	158654
svgs/oxygen-icons-5.113.0/scalable/mimetypes/small/22x22/application-x-subrip.svg	mismatch	464494	305840	158654
svgs/oxygen-icons-5.113.0/scalable/mimetypes/small/22x22/application-x-tar.svg	pass	49266	20064	29202
svgs/oxygen-icons-5.113.0/scalable/mimetypes/small/22x22/application-x-tarz.svg	pass	193232	84357	108875
svgs/oxygen-icons-5.113.0/scalable/mimetypes/small/22x22/application-x-tgif.svg	pass	33785	15660	18125
svgs/oxygen-icons-5.113.0/scalable/mimetypes/small/22x22/application-x-trash.svg	pass	45224	21374	23850
svgs/oxygen-icons-5.113.0/scalable/mimetypes/small/22x22/application-x-troff-man.svg	pass	47414	15105	32309
svgs/oxygen-icons-5.113.0/scalable/mimetypes/small/22x22/application-x-tzo.svg	pass	193232	84357	108875
svgs/oxygen-icons-5.113.0/scalable/mimetypes/small/22x22/application-x-wmf.svg	pass	33785	15660	18125
svgs/oxygen-icons-5.113.0/scalable/mimetypes/small/22x22/application-x-zerosize.svg	pass	17014	7630	9384
svgs/oxygen-icons-5.113.0/scalable/mimetypes/small/22x22/application-x-zip.svg	pass	154754	65306	89448
svgs/oxygen-icons-5.113.0/scalable/mimetypes/small/22x22/application-x-zoo.svg	pass	193232	84357	108875
svgs/oxygen-icons-5.113.0/scalable/mimetypes/small/22x22/application-xhtml+xml.svg	pass	106606	16821	89785
svgs/oxygen-icons-5.113.0/scalable/mimetypes/small/22x22/application-xml.svg	pass	39703	14232	25471
svgs/oxygen-icons-5.113.0/scalable/mimetypes/small/22x22/application-xsd.svg	pass	651372	278759	372613
svgs/oxygen-icons-5.113.0/scalable/mimetypes/small/22x22/application-xslt+xml.svg	pass	777410	364651	412759
svgs/oxygen-icons-5.113.0/scalable/mimetypes/small/22x22/application-zip.svg	pass	193232	84357	108875
svgs/oxygen-icons-5.113.0/scalable/mimetypes/small/22x22/audio-ac3.svg	pass	47898	16427	31471
svgs/oxygen-icons-5.113.0/scalable/mimetypes/small/22x22/audio-midi.svg	pass	272554	11199	261355
svgs/oxygen-icons-5.113.0/scalable/mimetypes/small/22x22/audio-prs.sid.svg	pass	272554	11199	261355
svgs/oxygen-icons-5.113.0/scalable/mimetypes/small/22x22/audio-vn.rn-realmedia.svg	pass	51681	21288	30393
svgs/oxygen-icons-5.113.0/scalable/mimetypes/small/22x22/audio-vnd.rn-realvideo.svg	pass	51681	21288	30393
svgs/oxygen-icons-5.113.0/scalable/mimetypes/small/22x22/audio-x-adpcm.svg	pass	47898	16427	31471
svgs/oxygen-icons-5.113.0/scalable/mimetypes/small/22x22/audio-x-aiff.svg	pass	47898	16427	31471
svgs/oxygen-icons-5.113.0/scalable/mimetypes/small/22x22/audio-x-flac+ogg.svg	pass	47898	16427	31471
svgs/oxygen-icons-5.113.0/scalable/mimetypes/small/22x22/audio-x-flac.svg	pass	47898	16427	31471
svgs/oxygen-icons-5.113.0/scalable/mimetypes/small/22x22/audio-x-generic.svg	pass	47898	16427	31471
svgs/oxygen-icons-5.113.0/scalable/mimetypes/small/22x22/audio-x-monkey.svg	pass	47898	16427	31471
svgs/oxygen-icons-5.113.0/scalable/mimetypes/small/22x22/audio-x-speex+ogg.svg	pass	130701	61359	69342
svgs/oxygen-icons-5.113.0/scalable/mimetypes/small/22x22/encrypted.svg	pass	410509	78897	331612
svgs/oxygen-icons-5.113.0/scalable/mimetypes/small/22x22/image-svg+xml-compressed.svg	pass	33785	15660	18125
svgs/oxygen-icons-5.113.0/scalable/mimetypes/small/22x22/image-svg+xml.svg	pass	33785	15660	18125
svgs/oxygen-icons-5.113.0/scalable/mimetypes/small/22x22/image-vnd.dgn.svg	pass	495031	130311	364720
svgs/oxygen-icons-5.113.0/scalable/mimetypes/small/22x22/image-vnd.dwg.svg	pass	75108	21208	53900
svgs/oxygen-icons-5.113.0/scalable/mimetypes/small/22x22/image-x-adobe-dng.svg	pass	79681	39914	39767
svgs/oxygen-icons-5.113.0/scalable/mimetypes/small/22x22/image-x-eps.svg	pass	33467	15492	17975
svgs/oxygen-icons-5.113.0/scalable/mimetypes/small/22x22/image-x-generic.svg	pass	78856	39391	39465
svgs/oxygen-icons-5.113.0/scalable/mimetypes/small/22x22/image-x-vnd.trolltech.qpicture.svg	pass	40683	15793	24890
svgs/oxygen-icons-5.113.0/scalable/mimetypes/small/22x22/image-x-xfig.svg	pass	33785	15660	18125
svgs/oxygen-icons-5.113.0/scalable/mimetypes/small/22x22/inode-directory.svg	pass	129849	116896	12953
svgs/oxygen-icons-5.113.0/scalable/mimetypes/small/22x22/mail-message-new-list.svg	pass	196372	36013	160359
svgs/oxygen-icons-5.113.0/scalable/mimetypes/small/22x22/message-news.svg	pass	145284	8521	136763
svgs/oxygen-icons-5.113.0/scalable/mimetypes/small/22x22/message-partial.svg	pass	196466	36771	159695
svgs/oxygen-icons-5.113.0/scalable/mimetypes/small/22x22/message-rfc822.svg	pass	196372	36013	160359
svgs/oxygen-icons-5.113.0/scalable/mimetypes/small/22x22/message-x-gnu-rmail.svg	pass	196372	36013	160359
svgs/oxygen-icons-5.113.0/scalable/mimetypes/small/22x22/message.svg	pass	196372	36013	160359
svgs/oxygen-icons-5.113.0/scalable/mimetypes/small/22x22/package-x-generic.svg	pass	49266	20064	29202
svgs/oxygen-icons-5.113.0/scalable/mimetypes/small/22x22/text-adasrc.svg	pass	35670	10867	24803
svgs/oxygen-icons-5.113.0/scalable/mimetypes/small/22x22/text-calendar.svg	pass	52138	14029	38109
svgs/oxygen-icons-5.113.0/scalable/mimetypes/small/22x22/text-csharp.svg	mismatch	54696	19313	35383
svgs/oxygen-icons-5.113.0/scalable/mimetypes/small/22x22/text-css.svg	mismatch	464116	306205	157911
svgs/oxygen-icons-5.113.0/scalable/mimetypes/small/22x22/text-csv.svg	pass	32369	12013	20356
svgs/oxygen-icons-5.113.0/scalable/mimetypes/small/22x22/text-directory.svg	pass	115969	47048	68921
svgs/oxygen-icons-5.113.0/scalable/mimetypes/small/22x22/text-enriched.svg	pass	189377	118356	71021
svgs/oxygen-icons-5.113.0/scalable/mimetypes/small/22x22/text-html.svg	pass	777410	364651	412759
svgs/oxygen-icons-5.113.0/scalable/mimetypes/small/22x22/text-mathml.svg	pass	45748	11999	33749
svgs/oxygen-icons-5.113.0/scalable/mimetypes/small/22x22/text-plain.svg	mismatch	464111	306205	157906
svgs/oxygen-icons-5.113.0/scalable/mimetypes/small/22x22/text-rdf+xml.svg	pass	31856	10743	21113
svgs/oxygen-icons-5.113.0/scalable/mimetypes/small/22x22/text-rdf.svg	pass	31856	10743	21113
svgs/oxygen-icons-5.113.0/scalable/mimetypes/small/22x22/text-rtf.svg	pass	270018	142260	127758
svgs/oxygen-icons-5.113.0/scalable/mimetypes/small/22x22/text-sgml.svg	pass	189377	118356	71021
svgs/oxygen-icons-5.113.0/scalable/mimetypes/small/22x22/text-troff.svg	pass	309612	94760	214852
svgs/oxygen-icons-5.113.0/scalable/mimetypes/small/22x22/text-vcalendar.svg	pass	52138	14029	38109
svgs/oxygen-icons-5.113.0/scalable/mimetypes/small/22x22/text-vnd.abc.svg	pass	47898	16427	31471
svgs/oxygen-icons-5.113.0/scalable/mimetypes/small/22x22/text-vnd.wap.wml.svg	pass	999177	395903	603274
svgs/oxygen-icons-5.113.0/scalable/mimetypes/small/22x22/text-x-authors.svg	pass	189377	118356	71021
svgs/oxygen-icons-5.113.0/scalable/mimetypes/small/22x22/text-x-bibtex.svg	pass	20313	9665	10648
svgs/oxygen-icons-5.113.0/scalable/mimetypes/small/22x22/text-x-c++hdr.svg	pass	36950	14111	22839
svgs/oxygen-icons-5.113.0/scalable/mimetypes/small/22x22/text-x-c++src.svg	pass	48948	16482	32466
svgs/oxygen-icons-5.113.0/scalable/mimetypes/small/22x22/text-x-changelog.svg	mismatch	464494	305840	158654
svgs/oxygen-icons-5.113.0/scalable/mimetypes/small/22x22/text-x-chdr.svg	mismatch	34560	14067	20493
svgs/oxygen-icons-5.113.0/scalable/mimetypes/small/22x22/text-x-cmake.svg	pass	189377	118356	71021
svgs/oxygen-icons-5.113.0/scalable/mimetypes/small/22x22/text-x-copying.svg	pass	189377	118356	71021
svgs/oxygen-icons-5.113.0/scalable/mimetypes/small/22x22/text-x-csharp.svg	mismatch	54696	19313	35383
svgs/oxygen-icons-5.113.0/scalable/mimetypes/small/22x22/text-x-csrc.svg	pass	75408	16180	59228
svgs/oxygen-icons-5.113.0/scalable/mimetypes/small/22x22/text-x-dtd.svg	pass	999177	395903	603274
svgs/oxygen-icons-5.113.0/scalable/mimetypes/small/22x22/text-x-generic.svg	pass	189377	118356	71021
svgs/oxygen-icons-5.113.0/scalable/mimetypes/small/22x22/text-x-haskell.svg	pass	32210	11263	20947
svgs/oxygen-icons-5.113.0/scalable/mimetypes/small/22x22/text-x-hex.svg	pass	30336	11545	18791
svgs/oxygen-icons-5.113.0/scalable/mimetypes/small/22x22/text-x-install.svg	pass	189377	118356	71021
svgs/oxygen-icons-5.113.0/scalable/mimetypes/small/22x22/text-x-java.svg	pass	110975	34823	76152
svgs/oxygen-icons-5.113.0/scalable/mimetypes/small/22x22/text-x-katefilelist.svg	pass	410106	134753	275353
svgs/oxygen-icons-5.113.0/scalable/mimetypes/small/22x22/text-x-ldif.svg	pass	115447	46615	68832
svgs/oxygen-icons-5.113.0/scalable/mimetypes/small/22x22/text-x-lilypond.svg	pass	34908	15285	19623
svgs/oxygen-icons-5.113.0/scalable/mimetypes/small/22x22/text-x-log.svg	pass	189377	118356	71021
svgs/oxygen-icons-5.113.0/scalable/mimetypes/small/22x22/text-x-makefile.svg	pass	243052	90305	152747
svgs/oxygen-icons-5.113.0/scalable/mimetypes/small/22x22/text-x-nfo.svg	pass	189377	118356	71021
svgs/oxygen-icons-5.113.0/scalable/mimetypes/small/22x22/text-x-objchdr.svg	mismatch	34560	14067	20493
svgs/oxygen-icons-5.113.0/scalable/mimetypes/small/22x22/text-x-objcsrc.svg	pass	75408	16180	59228
svgs/oxygen-icons-5.113.0/scalable/mimetypes/small/22x22/text-x-pascal.svg	pass	1337176	1042680	294496
svgs/oxygen-icons-5.113.0/scalable/mimetypes/small/22x22/text-x-patch.svg	pass	131140	33294	97846
svgs/oxygen-icons-5.113.0/scalable/mimetypes/small/22x22/text-x-po.svg	pass	171953	113278	58675
svgs/oxygen-icons-5.113.0/scalable/mimetypes/small/22x22/text-x-python.svg	pass	47882	19883	27999
svgs/oxygen-icons-5.113.0/scalable/mimetypes/small/22x22/text-x-qml.svg	pass	44562	20436	24126
svgs/oxygen-icons-5.113.0/scalable/mimetypes/small/22x22/text-x-readme.svg	pass	189377	118356	71021
svgs/oxygen-icons-5.113.0/scalable/mimetypes/small/22x22/text-x-rpm-spec.svg	pass	31444	11799	19645
svgs/oxygen-icons-5.113.0/scalable/mimetypes/small/22x22/text-x-script.svg	pass	38707	14021	24686
svgs/oxygen-icons-5.113.0/scalable/mimetypes/small/22x22/text-x-sql.svg	pass	93018	36706	56312
svgs/oxygen-icons-5.113.0/scalable/mimetypes/small/22x22/text-x-tcl.svg	pass	24074	9122	14952
svgs/oxygen-icons-5.113.0/scalable/mimetypes/small/22x22/text-x-tex.svg	pass	20313	9665	10648
svgs/oxygen-icons-5.113.0/scalable/mimetypes/small/22x22/text-x-texinfo.svg	pass	75400	16180	59220
svgs/oxygen-icons-5.113.0/scalable/mimetypes/small/22x22/text-x-vcard.svg	pass	115447	46615	68832
svgs/oxygen-icons-5.113.0/scalable/mimetypes/small/22x22/text-x-xslfo.svg	pass	999177	395903	603274
svgs/oxygen-icons-5.113.0/scalable/mimetypes/small/22x22/text-xmcd.svg	pass	68808	31416	37392
svgs/oxygen-icons-5.113.0/scalable/mimetypes/small/22x22/text-xml.svg	pass	106594	16821	89773
svgs/oxygen-icons-5.113.0/scalable/mimetypes/small/22x22/unknown.svg	pass	47761	20847	26914
svgs/oxygen-icons-5.113.0/scalable/mimetypes/small/22x22/uri-mms.svg	pass	51681	21288	30393
svgs/oxygen-icons-5.113.0/scalable/mimetypes/small/22x22/uri-mmst.svg	pass	51681	21288	30393
svgs/oxygen-icons-5.113.0/scalable/mimetypes/small/22x22/uri-mmsu.svg	pass	51681	21288	30393
svgs/oxygen-icons-5.113.0/scalable/mimetypes/small/22x22/uri-pnm.svg	pass	51681	21288	30393
svgs/oxygen-icons-5.113.0/scalable/mimetypes/small/22x22/uri-rtspt.svg	pass	51681	21288	30393
svgs/oxygen-icons-5.113.0/scalable/mimetypes/small/22x22/uri-rtspu.svg	pass	51681	21288	30393
svgs/oxygen-icons-5.113.0/scalable/mimetypes/small/22x22/video-x-generic.svg	pass	51681	21288	30393
svgs/oxygen-icons-5.113.0/scalable/mimetypes/small/22x22/video-x-mng.svg	pass	78856	39391	39465
svgs/oxygen-icons-5.113.0/scalable/mimetypes/small/22x22/x-kde-nsplugin-generated.svg	pass	48291	20865	27426
svgs/oxygen-icons-5.113.0/scalable/mimetypes/small/22x22/x-media-podcast.svg	pass	76708	33565	43143
svgs/oxygen-icons-5.113.0/scalable/mimetypes/small/22x22/x-office-address-book.svg	pass	2985125	2323852	661273
svgs/oxygen-icons-5.113.0/scalable/mimetypes/small/22x22/x-office-calendar.svg	pass	52138	14029	38109
svgs/oxygen-icons-5.113.0/scalable/mimetypes/small/22x22/x-office-contact.svg	pass	101682	46364	55318
svgs/oxygen-icons-5.113.0/scalable/mimetypes/small/22x22/x-office-document.svg	pass	18413	8476	9937
svgs/oxygen-icons-5.113.0/scalable/mimetypes/small/22x22/x-office-presentation.svg	pass	103645	14697	88948
svgs/oxygen-icons-5.113.0/scalable/mimetypes/small/22x22/x-office-spreadsheet.svg	pass	32369	12013	20356
svgs/oxygen-icons-5.113.0/scalable/mimetypes/small/32x32/application-epub+zip.svg	pass	2781876	2319051	462825
svgs/oxygen-icons-5.113.0/scalable/mimetypes/small/32x32/application-illustrator.svg	pass	25291	12388	12903
svgs/oxygen-icons-5.113.0/scalable/mimetypes/small/32x32/application-javascript.svg	pass	62460	24401	38059
svgs/oxygen-icons-5.113.0/scalable/mimetypes/small/32x32/application-msword-template.svg	pass	350296	204131	146165
svgs/oxygen-icons-5.113.0/scalable/mimetypes/small/32x32/application-msword.svg	pass	351657	204065	147592
svgs/oxygen-icons-5.113.0/scalable/mimetypes/small/32x32/application-octet-stream.svg	pass	46897	14812	32085
svgs/oxygen-icons-5.113.0/scalable/mimetypes/small/32x32/application-pdf.svg	pass	21126	10280	10846
svgs/oxygen-icons-5.113.0/scalable/mimetypes/small/32x32/application-pgp-encrypted.svg	pass	201532	18166	183366
svgs/oxygen-icons-5.113.0/scalable/mimetypes/small/32x32/application-pgp-keys.svg	pass	427766	78182	349584
svgs/oxygen-icons-5.113.0/scalable/mimetypes/small/32x32/application-pkcs7-mime.svg	pass	427766	78182	349584
svgs/oxygen-icons-5.113.0/scalable/mimetypes/small/32x32/application-postscript.svg	pass	61333	28933	32400
svgs/oxygen-icons-5.113.0/scalable/mimetypes/small/32x32/application-relaxng.svg	pass	991686	395650	596036
svgs/oxygen-icons-5.113.0/scalable/mimetypes/small/32x32/application-rtf.svg	pass	162337	127612	34725
svgs/oxygen-icons-5.113.0/scalable/mimetypes/small/32x32/application-sxw.svg	pass	224724	160561	64163
svgs/oxygen-icons-5.113.0/scalable/mimetypes/small/32x32/application-vnd-google-earth-kml.svg	pass	22175	10217	11958
svgs/oxygen-icons-5.113.0/scalable/mimetypes/small/32x32/application-vnd.iccprofile.svg	pass	72513	32037	40476
svgs/oxygen-icons-5.113.0/scalable/mimetypes/small/32x32/application-vnd.ms-access.svg	pass	94214	38558	55656
svgs/oxygen-icons-5.113.0/scalable/mimetypes/small/32x32/application-vnd.ms-excel.svg	pass	42713	18088	24625
svgs/oxygen-icons-5.113.0/scalable/mimetypes/small/32x32/application-vnd.ms-powerpoint.svg	pass	53314	19854	33460
svgs/oxygen-icons-5.113.0/scalable/mimetypes/small/32x32/application-vnd.oasis.opendocument.chart.svg	pass	81058	30548	50510
svgs/oxygen-icons-5.113.0/scalable/mimetypes/small/32x32/application-vnd.oasis.opendocument.database.svg	pass	91377	37218	54159
svgs/oxygen-icons-5.113.0/scalable/mimetypes/small/32x32/application-vnd.oasis.opendocument.formula-template.svg	pass	69648	26147	43501
svgs/oxygen-icons-5.113.0/scalable/mimetypes/small/32x32/application-vnd.oasis.opendocument.formula.svg	pass	66476	26705	39771
svgs/oxygen-icons-5.113.0/scalable/mimetypes/small/32x32/application-vnd.oasis.opendocument.graphics.svg	pass	60076	21806	38270
svgs/oxygen-icons-5.113.0/scalable/mimetypes/small/32x32/application-vnd.oasis.opendocument.image.svg	pass	177135	84786	92349
svgs/oxygen-icons-5.113.0/scalable/mimetypes/small/32x32/application-vnd.oasis.opendocument.presentation-template.svg	pass	50070	18283	31787
svgs/oxygen-icons-5.113.0/scalable/mimetypes/small/32x32/application-vnd.oasis.opendocument.presentation.svg	pass	50238	18213	32025
svgs/oxygen-icons-5.113.0/scalable/mimetypes/small/32x32/application-vnd.oasis.opendocument.spreadsheet-template.svg	pass	44783	17063	27720
svgs/oxygen-icons-5.113.0/scalable/mimetypes/small/32x32/application-vnd.oasis.opendocument.spreadsheet.svg	pass	40482	17007	23475
svgs/oxygen-icons-5.113.0/scalable/mimetypes/small/32x32/application-vnd.oasis.opendocument.text-template.svg	pass	348676	202846	145830
svgs/oxygen-icons-5.113.0/scalable/mimetypes/small/32x32/application-vnd.oasis.opendocument.text.svg	pass	346498	202823	143675
svgs/oxygen-icons-5.113.0/scalable/mimetypes/small/32x32/application-vnd.openxmlformats-officedocument.wordprocessingml.document.svg	pass	346498	202823	143675
svgs/oxygen-icons-5.113.0/scalable/mimetypes/small/32x32/application-vnd.rn-realmedia.svg	pass	53050	21489	31561
svgs/oxygen-icons-5.113.0/scalable/mimetypes/small/32x32/application-vnd.scribus.svg	pass	57718	23123	34595
svgs/oxygen-icons-5.113.0/scalable/mimetypes/small/32x32/application-vnd.stardivision.calc.svg	pass	40482	17007	23475
svgs/oxygen-icons-5.113.0/scalable/mimetypes/small/32x32/application-vnd.stardivision.draw.svg	pass	177135	84786	92349
svgs/oxygen-icons-5.113.0/scalable/mimetypes/small/32x32/application-vnd.stardivision.mail.svg	pass	109126	57203	51923
svgs/oxygen-icons-5.113.0/scalable/mimetypes/small/32x32/application-vnd.stardivision.math.svg	pass	66476	26705	39771
svgs/oxygen-icons-5.113.0/scalable/mimetypes/small/32x32/application-vnd.sun.xml.calc.svg	pass	40482	17007	23475
svgs/oxygen-icons-5.113.0/scalable/mimetypes/small/32x32/application-vnd.sun.xml.calc.template.svg	pass	44783	17063	27720
svgs/oxygen-icons-5.113.0/scalable/mimetypes/small/32x32/application-vnd.sun.xml.draw.svg	pass	177135	84786	92349
svgs/oxygen-icons-5.113.0/scalable/mimetypes/small/32x32/application-vnd.sun.xml.draw.template.svg	pass	181367	84829	96538
svgs/oxygen-icons-5.113.0/scalable/mimetypes/small/32x32/application-vnd.sun.xml.math.svg	pass	66476	26705	39771
svgs/oxygen-icons-5.113.0/scalable/mimetypes/small/32x32/application-vnd.wordperfect.svg	pass	350693	203510	147183
svgs/oxygen-icons-5.113.0/scalable/mimetypes/small/32x32/application-x-7z-compressed.svg	pass	162937	68915	94022
svgs/oxygen-icons-5.113.0/scalable/mimetypes/small/32x32/application-x-abiword.svg	pass	346498	202823	143675
svgs/oxygen-icons-5.113.0/scalable/mimetypes/small/32x32/application-x-ace.svg	pass	162937	68915	94022
svgs/oxygen-icons-5.113.0/scalable/mimetypes/small/32x32/application-x-applix-spreadsheet.svg	pass	40482	17007	23475
svgs/oxygen-icons-5.113.0/scalable/mimetypes/small/32x32/application-x-applix-word.svg	pass	336538	196535	140003
svgs/oxygen-icons-5.113.0/scalable/mimetypes/small/32x32/application-x-ar.svg	pass	40454	19485	20969
svgs/oxygen-icons-5.113.0/scalable/mimetypes/small/32x32/application-x-arc.svg	pass	162937	68915	94022
svgs/oxygen-icons-5.113.0/scalable/mimetypes/small/32x32/application-x-archive.svg	pass	40454	19485	20969
svgs/oxygen-icons-5.113.0/scalable/mimetypes/small/32x32/application-x-arj.svg	pass	162937	68915	94022
svgs/oxygen-icons-5.113.0/scalable/mimetypes/small/32x32/application-x-bittorrent.svg	pass	215136	119371	95765
svgs/oxygen-icons-5.113.0/scalable/mimetypes/small/32x32/application-x-blender.svg	pass	39747	20685	19062
svgs/oxygen-icons-5.113.0/scalable/mimetypes/small/32x32/application-x-bzdvi.svg	pass	160706	67763	92943
svgs/oxygen-icons-5.113.0/scalable/mimetypes/small/32x32/application-x-bzip-compressed-tar.svg	pass	162937	68915	94022
svgs/oxygen-icons-5.113.0/scalable/mimetypes/small/32x32/application-x-bzip.svg	pass	241810	62630	179180
svgs/oxygen-icons-5.113.0/scalable/mimetypes/small/32x32/application-x-cd-image.svg	pass	47124	21922	25202
svgs/oxygen-icons-5.113.0/scalable/mimetypes/small/32x32/application-x-cda.svg	pass	75159	35144	40015
svgs/oxygen-icons-5.113.0/scalable/mimetypes/small/32x32/application-x-chm.svg	pass	21073	10053	11020
svgs/oxygen-icons-5.113.0/scalable/mimetypes/small/32x32/application-x-compress.svg	pass	241810	62630	179180
svgs/oxygen-icons-5.113.0/scalable/mimetypes/small/32x32/application-x-compressed-tar.svg	pass	44899	21386	23513
svgs/oxygen-icons-5.113.0/scalable/mimetypes/small/32x32/application-x-cpio.svg	pass	40454	19485	20969
svgs/oxygen-icons-5.113.0/scalable/mimetypes/small/32x32/application-x-cue.svg	pass	287476	141080	146396
svgs/oxygen-icons-5.113.0/scalable/mimetypes/small/32x32/application-x-deb.svg	pass	46818	22115	24703
svgs/oxygen-icons-5.113.0/scalable/mimetypes/small/32x32/application-x-designer.svg	pass	102434	40629	61805
svgs/oxygen-icons-5.113.0/scalable/mimetypes/small/32x32/application-x-desktop.svg	pass	99851	43534	56317
svgs/oxygen-icons-5.113.0/scalable/mimetypes/small/32x32/application-x-egon.svg	pass	78262	39005	39257
svgs/oxygen-icons-5.113.0/scalable/mimetypes/small/32x32/application-x-executable-script.svg	pass	107585	47070	60515
svgs/oxygen-icons-5.113.0/scalable/mimetypes/small/32x32/application-x-executable.svg	pass	99851	43534	56317
svgs/oxygen-icons-5.113.0/scalable/mimetypes/small/32x32/application-x-font-afm.svg	pass	32811	17247	15564
svgs/oxygen-icons-5.113.0/scalable/mimetypes/small/32x32/application-x-font-bdf.svg	pass	36499	20680	15819
svgs/oxygen-icons-5.113.0/scalable/mimetypes/small/32x32/application-x-font-otf.svg	pass	48326	20475	27851
svgs/oxygen-icons-5.113.0/scalable/mimetypes/small/32x32/application-x-font-pcf.svg	pass	36499	20680	15819
svgs/oxygen-icons-5.113.0/scalable/mimetypes/small/32x32/application-x-font-snf.svg	pass	36499	20680	15819
svgs/oxygen-icons-5.113.0/scalable/mimetypes/small/32x32/application-x-font-ttf.svg	pass	45734	19898	25836
svgs/oxygen-icons-5.113.0/scalable/mimetypes/small/32x32/application-x-font-type1.svg	pass	32811	17247	15564
svgs/oxygen-icons-5.113.0/scalable/mimetypes/small/32x32/application-x-gnumeric.svg	pass	40482	17007	23475
svgs/oxygen-icons-5.113.0/scalable/mimetypes/small/32x32/application-x-gzdvi.svg	pass	160706	67763	92943
svgs/oxygen-icons-5.113.0/scalable/mimetypes/small/32x32/application-x-gzip.svg	pass	241810	62630	179180
svgs/oxygen-icons-5.113.0/scalable/mimetypes/small/32x32/application-x-gzpostscript.svg	pass	354489	79604	274885
svgs/oxygen-icons-5.113.0/scalable/mimetypes/small/32x32/application-x-it87.svg	pass	72513	32037	40476
svgs/oxygen-icons-5.113.0/scalable/mimetypes/small/32x32/application-x-java-applet.svg	pass	2781103	1429446	1351657
svgs/oxygen-icons-5.113.0/scalable/mimetypes/small/32x32/application-x-java-archive.svg	pass	45867	21767	24100
svgs/oxygen-icons-5.113.0/scalable/mimetypes/small/32x32/application-x-java.svg	pass	61848	30479	31369
svgs/oxygen-icons-5.113.0/scalable/mimetypes/small/32x32/application-x-javascript.svg	pass	62460	24401	38059
svgs/oxygen-icons-5.113.0/scalable/mimetypes/small/32x32/application-x-k3b.svg	pass	576721	169685	407036
svgs/oxygen-icons-5.113.0/scalable/mimetypes/small/32x32/application-x-kcsrc.svg	pass	58841	22171	36670
svgs/oxygen-icons-5.113.0/scalable/mimetypes/small/32x32/application-x-kexi-connectiondata.svg	pass	135285	49382	85903
svgs/oxygen-icons-5.113.0/scalable/mimetypes/small/32x32/application-x-kexiproject-shortcut.svg	pass	135902	50395	85507
svgs/oxygen-icons-5.113.0/scalable/mimetypes/small/32x32/application-x-kformula.svg	pass	66476	26705	39771
svgs/oxygen-icons-5.113.0/scalable/mimetypes/small/32x32/application-x-kgetlist.svg	pass	37974	18245	19729
svgs/oxygen-icons-5.113.0/scalable/mimetypes/small/32x32/application-x-kontour.svg	pass	33485	15576	17909
svgs/oxygen-icons-5.113.0/scalable/mimetypes/small/32x32/application-x-kplato.svg	pass	46557	18728	27829
svgs/oxygen-icons-5.113.0/scalable/mimetypes/small/32x32/application-x-krita.svg	pass	115807	62913	52894
svgs/oxygen-icons-5.113.0/scalable/mimetypes/small/32x32/application-x-kword.svg	pass	346498	202823	143675
svgs/oxygen-icons-5.113.0/scalable/mimetypes/small/32x32/application-x-lha.svg	pass	162937	68915	94022
svgs/oxygen-icons-5.113.0/scalable/mimetypes/small/32x32/application-x-lyx.svg	pass	344021	199290	144731
svgs/oxygen-icons-5.113.0/scalable/mimetypes/small/32x32/application-x-lzma-compressed-tar.svg	pass	40454	19485	20969
svgs/oxygen-icons-5.113.0/scalable/mimetypes/small/32x32/application-x-lzop.svg	pass	241810	62630	179180
svgs/oxygen-icons-5.113.0/scalable/mimetypes/small/32x32/application-x-m4.svg	pass	102954	48640	54314
svgs/oxygen-icons-5.113.0/scalable/mimetypes/small/32x32/application-x-marble.svg	pass	433640	225360	208280
svgs/oxygen-icons-5.113.0/scalable/mimetypes/small/32x32/application-x-mimearchive.svg	pass	109104	57203	51901
svgs/oxygen-icons-5.113.0/scalable/mimetypes/small/32x32/application-x-mplayer2.svg	pass	53050	21489	31561
svgs/oxygen-icons-5.113.0/scalable/mimetypes/small/32x32/application-x-ms-dos-executable.svg	pass	106728	46710	60018
svgs/oxygen-icons-5.113.0/scalable/mimetypes/small/32x32/application-x-mswinurl.svg	pass	778000	364523	413477
svgs/oxygen-icons-5.113.0/scalable/mimetypes/small/32x32/application-x-mswrite.svg	pass	343720	189160	154560
svgs/oxygen-icons-5.113.0/scalable/mimetypes/small/32x32/application-x-nzb.svg	pass	32866	16857	16009
svgs/oxygen-icons-5.113.0/scalable/mimetypes/small/32x32/application-x-object.svg	pass	46897	14812	32085
svgs/oxygen-icons-5.113.0/scalable/mimetypes/small/32x32/application-x-pak.svg	pass	241810	62630	179180
svgs/oxygen-icons-5.113.0/scalable/mimetypes/small/32x32/application-x-pem-key.svg	pass	427766	78182	349584
svgs/oxygen-icons-5.113.0/scalable/mimetypes/small/32x32/application-x-perl.svg	pass	442600	259869	182731
svgs/oxygen-icons-5.113.0/scalable/mimetypes/small/32x32/application-x-php.svg	pass	40455	15485	24970
svgs/oxygen-icons-5.113.0/scalable/mimetypes/small/32x32/application-x-plasma.svg	pass	62107	27316	34791
svgs/oxygen-icons-5.113.0/scalable/mimetypes/small/32x32/application-x-python-bytecode.svg	pass	46897	14812	32085
svgs/oxygen-icons-5.113.0/scalable/mimetypes/small/32x32/application-x-qet-element.svg	pass	40280	15090	25190
svgs/oxygen-icons-5.113.0/scalable/mimetypes/small/32x32/application-x-qet-project.svg	pass	18833	8852	9981
svgs/oxygen-icons-5.113.0/scalable/mimetypes/small/32x32/application-x-quattropro.svg	pass	40482	17007	23475
svgs/oxygen-icons-5.113.0/scalable/mimetypes/small/32x32/application-x-rar.svg	pass	162937	68915	94022
svgs/oxygen-icons-5.113.0/scalable/mimetypes/small/32x32/application-x-rpm.svg	pass	47229	22275	24954
svgs/oxygen-icons-5.113.0/scalable/mimetypes/small/32x32/application-x-ruby.svg	pass	187670	74742	112928
svgs/oxygen-icons-5.113.0/scalable/mimetypes/small/32x32/application-x-sharedlib.svg	pass	46897	14812	32085
svgs/oxygen-icons-5.113.0/scalable/mimetypes/small/32x32/application-x-shellscript.svg	pass	25061	11147	13914
svgs/oxygen-icons-5.113.0/scalable/mimetypes/small/32x32/application-x-shockwave-flash.svg	pass	53094	21555	31539
svgs/oxygen-icons-5.113.0/scalable/mimetypes/small/32x32/application-x-siag.svg	pass	40482	17007	23475
svgs/oxygen-icons-5.113.0/scalable/mimetypes/small/32x32/application-x-srt.svg	pass	635258	253197	382061
svgs/oxygen-icons-5.113.0/scalable/mimetypes/small/32x32/application-x-srtrip.svg	pass	635258	253197	382061
svgs/oxygen-icons-5.113.0/scalable/mimetypes/small/32x32/application-x-subrip.svg	pass	636940	253649	383291
svgs/oxygen-icons-5.113.0/scalable/mimetypes/small/32x32/application-x-tar.svg	pass	40454	19485	20969
svgs/oxygen-icons-5.113.0/scalable/mimetypes/small/32x32/application-x-tarz.svg	pass	162937	68915	94022
svgs/oxygen-icons-5.113.0/scalable/mimetypes/small/32x32/application-x-tgif.svg	pass	33485	15576	17909
svgs/oxygen-icons-5.113.0/scalable/mimetypes/small/32x32/application-x-trash.svg	pass	30267	14551	15716
svgs/oxygen-icons-5.113.0/scalable/mimetypes/small/32x32/application-x-troff-man.svg	pass	40834	14599	26235
svgs/oxygen-icons-5.113.0/scalable/mimetypes/small/32x32/application-x-tzo.svg	pass	162937	68915	94022
svgs/oxygen-icons-5.113.0/scalable/mimetypes/small/32x32/application-x-wmf.svg	pass	33485	15576	17909
svgs/oxygen-icons-5.113.0/scalable/mimetypes/small/32x32/application-x-zerosize.svg	pass	16659	7478	9181
svgs/oxygen-icons-5.113.0/scalable/mimetypes/small/32x32/application-x-zoo.svg	pass	162937	68915	94022
svgs/oxygen-icons-5.113.0/scalable/mimetypes/small/32x32/application-xhtml+xml.svg	pass	805213	371478	433735
svgs/oxygen-icons-5.113.0/scalable/mimetypes/small/32x32/application-xml.svg	pass	39461	14232	25229
svgs/oxygen-icons-5.113.0/scalable/mimetypes/small/32x32/application-xsd.svg	pass	646788	272290	374498
svgs/oxygen-icons-5.113.0/scalable/mimetypes/small/32x32/application-xslt+xml.svg	pass	778000	364523	413477
svgs/oxygen-icons-5.113.0/scalable/mimetypes/small/32x32/application-zip.svg	pass	162937	68915	94022
svgs/oxygen-icons-5.113.0/scalable/mimetypes/small/32x32/audio-ac3.svg	pass	111863	43931	67932
svgs/oxygen-icons-5.113.0/scalable/mimetypes/small/32x32/audio-midi.svg	pass	274584	36328	238256
svgs/oxygen-icons-5.113.0/scalable/mimetypes/small/32x32/audio-prs.sid.svg	pass	274584	36328	238256
svgs/oxygen-icons-5.113.0/scalable/mimetypes/small/32x32/audio-vn.rn-realmedia.svg	pass	53050	21489	31561
svgs/oxygen-icons-5.113.0/scalable/mimetypes/small/32x32/audio-vnd.rn-realvideo.svg	pass	53050	21489	31561
svgs/oxygen-icons-5.113.0/scalable/mimetypes/small/32x32/audio-x-adpcm.svg	pass	57483	30375	27108
svgs/oxygen-icons-5.113.0/scalable/mimetypes/small/32x32/audio-x-aiff.svg	pass	57483	30375	27108
svgs/oxygen-icons-5.113.0/scalable/mimetypes/small/32x32/audio-x-flac+ogg.svg	pass	111863	43931	67932
svgs/oxygen-icons-5.113.0/scalable/mimetypes/small/32x32/audio-x-flac.svg	pass	111863	43931	67932
svgs/oxygen-icons-5.113.0/scalable/mimetypes/small/32x32/audio-x-generic.svg	pass	111863	43931	67932
svgs/oxygen-icons-5.113.0/scalable/mimetypes/small/32x32/audio-x-monkey.svg	pass	111863	43931	67932
svgs/oxygen-icons-5.113.0/scalable/mimetypes/small/32x32/audio-x-speex+ogg.svg	pass	144987	75430	69557
svgs/oxygen-icons-5.113.0/scalable/mimetypes/small/32x32/audio-x-wav.svg	pass	57483	30375	27108
svgs/oxygen-icons-5.113.0/scalable/mimetypes/small/32x32/encrypted.svg	pass	428297	78415	349882
svgs/oxygen-icons-5.113.0/scalable/mimetypes/small/32x32/image-svg+xml-compressed.svg	pass	791140	71282	719858
svgs/oxygen-icons-5.113.0/scalable/mimetypes/small/32x32/image-svg+xml.svg	pass	33485	15576	17909
svgs/oxygen-icons-5.113.0/scalable/mimetypes/small/32x32/image-vnd.dgn.svg	pass	44319	13670	30649
svgs/oxygen-icons-5.113.0/scalable/mimetypes/small/32x32/image-vnd.dwg.svg	pass	25437	12448	12989
svgs/oxygen-icons-5.113.0/scalable/mimetypes/small/32x32/image-x-adobe-dng.svg	pass	79795	39886	39909
svgs/oxygen-icons-5.113.0/scalable/mimetypes/small/32x32/image-x-eps.svg	pass	42209	15698	26511
svgs/oxygen-icons-5.113.0/scalable/mimetypes/small/32x32/image-x-generic.svg	pass	78262	39005	39257
svgs/oxygen-icons-5.113.0/scalable/mimetypes/small/32x32/image-x-vnd.trolltech.qpicture.svg	pass	41719	15707	26012
svgs/oxygen-icons-5.113.0/scalable/mimetypes/small/32x32/image-x-xfig.svg	pass	33485	15576	17909
svgs/oxygen-icons-5.113.0/scalable/mimetypes/small/32x32/inode-directory.svg	pass	133192	119997	13195
svgs/oxygen-icons-5.113.0/scalable/mimetypes/small/32x32/message-news.svg	pass	147870	9907	137963
svgs/oxygen-icons-5.113.0/scalable/mimetypes/small/32x32/message-partial.svg	pass	111755	58249	53506
svgs/oxygen-icons-5.113.0/scalable/mimetypes/small/32x32/message-rfc822.svg	pass	109104	57203	51901
svgs/oxygen-icons-5.113.0/scalable/mimetypes/small/32x32/message-x-gnu-rmail.svg	pass	109104	57203	51901
svgs/oxygen-icons-5.113.0/scalable/mimetypes/small/32x32/message.svg	pass	109104	57203	51901
svgs/oxygen-icons-5.113.0/scalable/mimetypes/small/32x32/package-x-generic.svg	pass	40454	19485	20969
svgs/oxygen-icons-5.113.0/scalable/mimetypes/small/32x32/text-calendar.svg	pass	86517	36731	49786
svgs/oxygen-icons-5.113.0/scalable/mimetypes/small/32x32/text-css.svg	pass	592871	235715	357156
svgs/oxygen-icons-5.113.0/scalable/mimetypes/small/32x32/text-csv.svg	pass	43480	18819	24661
svgs/oxygen-icons-5.113.0/scalable/mimetypes/small/32x32/text-directory.svg	pass	111130	46466	64664
svgs/oxygen-icons-5.113.0/scalable/mimetypes/small/32x32/text-enriched.svg	pass	162337	127612	34725
svgs/oxygen-icons-5.113.0/scalable/mimetypes/small/32x32/text-html.svg	pass	778000	364523	413477
svgs/oxygen-icons-5.113.0/scalable/mimetypes/small/32x32/text-mathml.svg	pass	56857	20469	36388
svgs/oxygen-icons-5.113.0/scalable/mimetypes/small/32x32/text-plain.svg	pass	594932	236584	358348
svgs/oxygen-icons-5.113.0/scalable/mimetypes/small/32x32/text-rdf+xml.svg	pass	23467	10241	13226
svgs/oxygen-icons-5.113.0/scalable/mimetypes/small/32x32/text-rdf.svg	pass	23467	10241	13226
svgs/oxygen-icons-5.113.0/scalable/mimetypes/small/32x32/text-rtf.svg	pass	336538	196535	140003
svgs/oxygen-icons-5.113.0/scalable/mimetypes/small/32x32/text-sgml.svg	pass	152988	123579	29409
svgs/oxygen-icons-5.113.0/scalable/mimetypes/small/32x32/text-troff.svg	pass	562108	173581	388527
svgs/oxygen-icons-5.113.0/scalable/mimetypes/small/32x32/text-vcalendar.svg	pass	86517	36731	49786
svgs/oxygen-icons-5.113.0/scalable/mimetypes/small/32x32/text-vnd.abc.svg	pass	111863	43931	67932
svgs/oxygen-icons-5.113.0/scalable/mimetypes/small/32x32/text-vnd.wap.wml.svg	pass	991686	395650	596036
svgs/oxygen-icons-5.113.0/scalable/mimetypes/small/32x32/text-x-authors.svg	pass	170245	131466	38779
svgs/oxygen-icons-5.113.0/scalable/mimetypes/small/32x32/text-x-bibtex.svg	pass	25209	12998	12211
svgs/oxygen-icons-5.113.0/scalable/mimetypes/small/32x32/text-x-c++hdr.svg	pass	60521	24556	35965
svgs/oxygen-icons-5.113.0/scalable/mimetypes/small/32x32/text-x-c++src.svg	pass	73376	24899	48477
svgs/oxygen-icons-5.113.0/scalable/mimetypes/small/32x32/text-x-changelog.svg	pass	594932	236584	358348
svgs/oxygen-icons-5.113.0/scalable/mimetypes/small/32x32/text-x-chdr.svg	pass	62043	20686	41357
svgs/oxygen-icons-5.113.0/scalable/mimetypes/small/32x32/text-x-cmake.svg	pass	221657	161607	60050
svgs/oxygen-icons-5.113.0/scalable/mimetypes/small/32x32/text-x-copying.svg	pass	176184	135173	41011
svgs/oxygen-icons-5.113.0/scalable/mimetypes/small/32x32/text-x-csharp.svg	pass	76283	29687	46596
svgs/oxygen-icons-5.113.0/scalable/mimetypes/small/32x32/text-x-csrc.svg	pass	41342	20536	20806
svgs/oxygen-icons-5.113.0/scalable/mimetypes/small/32x32/text-x-dtd.svg	pass	991686	395650	596036
svgs/oxygen-icons-5.113.0/scalable/mimetypes/small/32x32/text-x-generic.svg	pass	152988	123579	29409
svgs/oxygen-icons-5.113.0/scalable/mimetypes/small/32x32/text-x-haskell.svg	pass	181100	97864	83236
svgs/oxygen-icons-5.113.0/scalable/mimetypes/small/32x32/text-x-hex.svg	pass	23505	11024	12481
svgs/oxygen-icons-5.113.0/scalable/mimetypes/small/32x32/text-x-install.svg	pass	212244	144449	67795
svgs/oxygen-icons-5.113.0/scalable/mimetypes/small/32x32/text-x-java.svg	pass	381243	109790	271453
svgs/oxygen-icons-5.113.0/scalable/mimetypes/small/32x32/text-x-katefilelist.svg	pass	185014	139627	45387
svgs/oxygen-icons-5.113.0/scalable/mimetypes/small/32x32/text-x-ldif.svg	pass	89838	46343	43495
svgs/oxygen-icons-5.113.0/scalable/mimetypes/small/32x32/text-x-lilypond.svg	pass	218980	15314	203666
svgs/oxygen-icons-5.113.0/scalable/mimetypes/small/32x32/text-x-log.svg	pass	156118	124890	31228
svgs/oxygen-icons-5.113.0/scalable/mimetypes/small/32x32/text-x-makefile.svg	pass	249164	94939	154225
svgs/oxygen-icons-5.113.0/scalable/mimetypes/small/32x32/text-x-nfo.svg	pass	152988	123579	29409
svgs/oxygen-icons-5.113.0/scalable/mimetypes/small/32x32/text-x-objchdr.svg	pass	62043	20686	41357
svgs/oxygen-icons-5.113.0/scalable/mimetypes/small/32x32/text-x-objcsrc.svg	pass	41342	20536	20806
svgs/oxygen-icons-5.113.0/scalable/mimetypes/small/32x32/text-x-pascal.svg	pass	1336549	1044929	291620
svgs/oxygen-icons-5.113.0/scalable/mimetypes/small/32x32/text-x-patch.svg	pass	123572	32152	91420
svgs/oxygen-icons-5.113.0/scalable/mimetypes/small/32x32/text-x-po.svg	pass	165038	112779	52259
svgs/oxygen-icons-5.113.0/scalable/mimetypes/small/32x32/text-x-python.svg	pass	56156	34215	21941
svgs/oxygen-icons-5.113.0/scalable/mimetypes/small/32x32/text-x-qml.svg	pass	38129	19938	18191
svgs/oxygen-icons-5.113.0/scalable/mimetypes/small/32x32/text-x-readme.svg	pass	577318	336516	240802
svgs/oxygen-icons-5.113.0/scalable/mimetypes/small/32x32/text-x-rpm-spec.svg	pass	24509	11278	13231
svgs/oxygen-icons-5.113.0/scalable/mimetypes/small/32x32/text-x-script.svg	pass	25061	11147	13914
svgs/oxygen-icons-5.113.0/scalable/mimetypes/small/32x32/text-x-sql.svg	pass	83887	36082	47805
svgs/oxygen-icons-5.113.0/scalable/mimetypes/small/32x32/text-x-tex.svg	pass	25209	12998	12211
svgs/oxygen-icons-5.113.0/scalable/mimetypes/small/32x32/text-x-texinfo.svg	pass	33879	16080	17799
svgs/oxygen-icons-5.113.0/scalable/mimetypes/small/32x32/text-x-vcard.svg	pass	89838	46343	43495
svgs/oxygen-icons-5.113.0/scalable/mimetypes/small/32x32/text-x-xslfo.svg	pass	991686	395650	596036
svgs/oxygen-icons-5.113.0/scalable/mimetypes/small/32x32/text-xmcd.svg	pass	75159	35144	40015
svgs/oxygen-icons-5.113.0/scalable/mimetypes/small/32x32/text-xml.svg	pass	39700	14232	25468
svgs/oxygen-icons-5.113.0/scalable/mimetypes/small/32x32/unknown.svg	pass	33410	17050	16360
svgs/oxygen-icons-5.113.0/scalable/mimetypes/small/32x32/uri-mms.svg	pass	2751822	1420367	1331455
svgs/oxygen-icons-5.113.0/scalable/mimetypes/small/32x32/uri-mmst.svg	pass	2751822	1420367	1331455
svgs/oxygen-icons-5.113.0/scalable/mimetypes/small/32x32/uri-mmsu.svg	pass	2751822	1420367	1331455
svgs/oxygen-icons-5.113.0/scalable/mimetypes/small/32x32/uri-pnm.svg	pass	2751822	1420367	1331455
svgs/oxygen-icons-5.113.0/scalable/mimetypes/small/32x32/uri-rtspt.svg	pass	2751822	1420367	1331455
svgs/oxygen-icons-5.113.0/scalable/mimetypes/small/32x32/uri-rtspu.svg	pass	2751822	1420367	1331455
svgs/oxygen-icons-5.113.0/scalable/mimetypes/small/32x32/video-x-generic.svg	pass	53050	21489	31561
svgs/oxygen-icons-5.113.0/scalable/mimetypes/small/32x32/video-x-mng.svg	pass	78262	39005	39257
svgs/oxygen-icons-5.113.0/scalable/mimetypes/small/32x32/x-kde-nsplugin-generated.svg	pass	37918	20355	17563
svgs/oxygen-icons-5.113.0/scalable/mimetypes/small/32x32/x-media-podcast.svg	pass	76346	33413	42933
svgs/oxygen-icons-5.113.0/scalable/mimetypes/small/32x32/x-office-address-book.svg	pass	2981996	2323868	658128
svgs/oxygen-icons-5.113.0/scalable/mimetypes/small/32x32/x-office-calendar.svg	pass	86517	36731	49786
svgs/oxygen-icons-5.113.0/scalable/mimetypes/small/32x32/x-office-document.svg	pass	38683	13714	24969
svgs/oxygen-icons-5.113.0/scalable/mimetypes/small/32x32/x-office-presentation.svg	pass	50238	18213	32025
svgs/oxygen-icons-5.113.0/scalable/mimetypes/small/32x32/x-office-spreadsheet.svg	pass	40482	17007	23475
svgs/oxygen-icons-5.113.0/scalable/mimetypes/small/48x48/application-epub+zip.svg	pass	2779759	2318018	461741
svgs/oxygen-icons-5.113.0/scalable/mimetypes/small/48x48/application-illustrator.svg	pass	22772	11209	11563
svgs/oxygen-icons-5.113.0/scalable/mimetypes/small/48x48/application-javascript.svg	pass	42240	21025	21215
svgs/oxygen-icons-5.113.0/scalable/mimetypes/small/48x48/application-msword-template.svg	pass	791525	409835	381690
svgs/oxygen-icons-5.113.0/scalable/mimetypes/small/48x48/application-msword.svg	pass	788632	410478	378154
svgs/oxygen-icons-5.113.0/scalable/mimetypes/small/48x48/application-octet-stream.svg	pass	112065	51373	60692
svgs/oxygen-icons-5.113.0/scalable/mimetypes/small/48x48/application-pdf.svg	pass	91881	9905	81976
svgs/oxygen-icons-5.113.0/scalable/mimetypes/small/48x48/application-pgp-encrypted.svg	pass	180842	18488	162354
svgs/oxygen-icons-5.113.0/scalable/mimetypes/small/48x48/application-pgp-keys.svg	pass	406011	77850	328161
svgs/oxygen-icons-5.113.0/scalable/mimetypes/small/48x48/application-pkcs7-mime.svg	pass	406011	77850	328161
svgs/oxygen-icons-5.113.0/scalable/mimetypes/small/48x48/application-postscript.svg	pass	133067	28265	104802
svgs/oxygen-icons-5.113.0/scalable/mimetypes/small/48x48/application-relaxng.svg	pass	502846	200975	301871
svgs/oxygen-icons-5.113.0/scalable/mimetypes/small/48x48/application-rtf.svg	pass	191038	127190	63848
svgs/oxygen-icons-5.113.0/scalable/mimetypes/small/48x48/application-sxw.svg	pass	253514	160208	93306
svgs/oxygen-icons-5.113.0/scalable/mimetypes/small/48x48/application-vnd-google-earth-kml.svg	pass	97615	10143	87472
svgs/oxygen-icons-5.113.0/scalable/mimetypes/small/48x48/application-vnd.iccprofile.svg	pass	72493	31655	40838
svgs/oxygen-icons-5.113.0/scalable/mimetypes/small/48x48/application-vnd.ms-access.svg	pass	166954	39231	127723
svgs/oxygen-icons-5.113.0/scalable/mimetypes/small/48x48/application-vnd.ms-excel.svg	pass	72308	20934	51374
svgs/oxygen-icons-5.113.0/scalable/mimetypes/small/48x48/application-vnd.ms-powerpoint.svg	pass	131222	23259	107963
svgs/oxygen-icons-5.113.0/scalable/mimetypes/small/48x48/application-vnd.oasis.opendocument.chart.svg	pass	81733	30719	51014
svgs/oxygen-icons-5.113.0/scalable/mimetypes/small/48x48/application-vnd.oasis.opendocument.database.svg	pass	236380	63303	173077
svgs/oxygen-icons-5.113.0/scalable/mimetypes/small/48x48/application-vnd.oasis.opendocument.formula-template.svg	pass	71601	26531	45070
svgs/oxygen-icons-5.113.0/scalable/mimetypes/small/48x48/application-vnd.oasis.opendocument.formula.svg	pass	69068	27137	41931
svgs/oxygen-icons-5.113.0/scalable/mimetypes/small/48x48/application-vnd.oasis.opendocument.graphics.svg	pass	86888	22126	64762
svgs/oxygen-icons-5.113.0/scalable/mimetypes/small/48x48/application-vnd.oasis.opendocument.image.svg	pass	240423	85209	155214
svgs/oxygen-icons-5.113.0/scalable/mimetypes/small/48x48/application-vnd.oasis.opendocument.presentation-template.svg	pass	156055	20979	135076
svgs/oxygen-icons-5.113.0/scalable/mimetypes/small/48x48/application-vnd.oasis.opendocument.presentation.svg	pass	128218	21535	106683
svgs/oxygen-icons-5.113.0/scalable/mimetypes/small/48x48/application-vnd.oasis.opendocument.spreadsheet-template.svg	pass	43446	19242	24204
svgs/oxygen-icons-5.113.0/scalable/mimetypes/small/48x48/application-vnd.oasis.opendocument.spreadsheet.svg	pass	67958	18905	49053
svgs/oxygen-icons-5.113.0/scalable/mimetypes/small/48x48/application-vnd.oasis.opendocument.text.svg	pass	891726	472074	419652
svgs/oxygen-icons-5.113.0/scalable/mimetypes/small/48x48/application-vnd.openxmlformats-officedocument.wordprocessingml.document.svg	pass	891726	472074	419652
svgs/oxygen-icons-5.113.0/scalable/mimetypes/small/48x48/application-vnd.rn-realmedia.svg	pass	89625	33930	55695
svgs/oxygen-icons-5.113.0/scalable/mimetypes/small/48x48/application-vnd.scribus.svg	pass	128460	24607	103853
svgs/oxygen-icons-5.113.0/scalable/mimetypes/small/48x48/application-vnd.stardivision.calc.svg	pass	67958	18905	49053
svgs/oxygen-icons-5.113.0/scalable/mimetypes/small/48x48/application-vnd.stardivision.draw.svg	pass	240423	85209	155214
svgs/oxygen-icons-5.113.0/scalable/mimetypes/small/48x48/application-vnd.stardivision.mail.svg	pass	244355	136592	107763
svgs/oxygen-icons-5.113.0/scalable/mimetypes/small/48x48/application-vnd.stardivision.math.svg	pass	69068	27137	41931
svgs/oxygen-icons-5.113.0/scalable/mimetypes/small/48x48/application-vnd.sun.xml.calc.svg	pass	67958	18905	49053
svgs/oxygen-icons-5.113.0/scalable/mimetypes/small/48x48/application-vnd.sun.xml.calc.template.svg	pass	66252	19242	47010
svgs/oxygen-icons-5.113.0/scalable/mimetypes/small/48x48/application-vnd.sun.xml.draw.svg	pass	240423	85209	155214
svgs/oxygen-icons-5.113.0/scalable/mimetypes/small/48x48/application-vnd.sun.xml.draw.template.svg	pass	243412	84601	158811
svgs/oxygen-icons-5.113.0/scalable/mimetypes/small/48x48/application-vnd.sun.xml.math.svg	pass	69068	27137	41931
svgs/oxygen-icons-5.113.0/scalable/mimetypes/small/48x48/application-vnd.sun.xml.writer.template.svg	pass	790426	408548	381878
svgs/oxygen-icons-5.113.0/scalable/mimetypes/small/48x48/application-vnd.wordperfect.svg	pass	787845	410056	377789
svgs/oxygen-icons-5.113.0/scalable/mimetypes/small/48x48/application-x-7z-compressed.svg	pass	266776	101626	165150
svgs/oxygen-icons-5.113.0/scalable/mimetypes/small/48x48/application-x-abiword.svg	pass	891726	472074	419652
svgs/oxygen-icons-5.113.0/scalable/mimetypes/small/48x48/application-x-ace.svg	pass	266776	101626	165150
svgs/oxygen-icons-5.113.0/scalable/mimetypes/small/48x48/application-x-applix-spreadsheet.svg	pass	67958	18905	49053
svgs/oxygen-icons-5.113.0/scalable/mimetypes/small/48x48/application-x-applix-word.svg	pass	875720	465117	410603
svgs/oxygen-icons-5.113.0/scalable/mimetypes/small/48x48/application-x-ar.svg	pass	72870	35901	36969
svgs/oxygen-icons-5.113.0/scalable/mimetypes/small/48x48/application-x-arc.svg	pass	266776	101626	165150
svgs/oxygen-icons-5.113.0/scalable/mimetypes/small/48x48/application-x-archive.svg	pass	72870	35901	36969
svgs/oxygen-icons-5.113.0/scalable/mimetypes/small/48x48/application-x-arj.svg	pass	266776	101626	165150
svgs/oxygen-icons-5.113.0/scalable/mimetypes/small/48x48/application-x-bittorrent.svg	pass	351898	137597	214301
svgs/oxygen-icons-5.113.0/scalable/mimetypes/small/48x48/application-x-blender.svg	pass	47942	26059	21883
svgs/oxygen-icons-5.113.0/scalable/mimetypes/small/48x48/application-x-bzdvi.svg	pass	265285	100673	164612
svgs/oxygen-icons-5.113.0/scalable/mimetypes/small/48x48/application-x-bzip-compressed-tar.svg	pass	266776	101626	165150
svgs/oxygen-icons-5.113.0/scalable/mimetypes/small/48x48/application-x-bzip.svg	pass	257195	94096	163099
svgs/oxygen-icons-5.113.0/scalable/mimetypes/small/48x48/application-x-cd-image.svg	pass	104141	44480	59661
svgs/oxygen-icons-5.113.0/scalable/mimetypes/small/48x48/application-x-cda.svg	pass	126876	54443	72433
svgs/oxygen-icons-5.113.0/scalable/mimetypes/small/48x48/application-x-chm.svg	pass	24315	12569	11746
svgs/oxygen-icons-5.113.0/scalable/mimetypes/small/48x48/application-x-compress.svg	pass	257195	94096	163099
svgs/oxygen-icons-5.113.0/scalable/mimetypes/small/48x48/application-x-compressed-tar.svg	pass	83574	39853	43721
svgs/oxygen-icons-5.113.0/scalable/mimetypes/small/48x48/application-x-cpio.svg	pass	72870	35901	36969
svgs/oxygen-icons-5.113.0/scalable/mimetypes/small/48x48/application-x-cue.svg	pass	341761	162326	179435
svgs/oxygen-icons-5.113.0/scalable/mimetypes/small/48x48/application-x-deb.svg	pass	86990	41310	45680
svgs/oxygen-icons-5.113.0/scalable/mimetypes/small/48x48/application-x-designer.svg	pass	175434	57099	118335
svgs/oxygen-icons-5.113.0/scalable/mimetypes/small/48x48/application-x-desktop.svg	pass	99500	43342	56158
svgs/oxygen-icons-5.113.0/scalable/mimetypes/small/48x48/application-x-egon.svg	pass	192221	153727	38494
svgs/oxygen-icons-5.113.0/scalable/mimetypes/small/48x48/application-x-executable-script.svg	pass	108145	46489	61656
svgs/oxygen-icons-5.113.0/scalable/mimetypes/small/48x48/application-x-executable.svg	pass	99500	43342	56158
svgs/oxygen-icons-5.113.0/scalable/mimetypes/small/48x48/application-x-font-afm.svg	pass	32878	18229	14649
svgs/oxygen-icons-5.113.0/scalable/mimetypes/small/48x48/application-x-font-bdf.svg	pass	113991	20218	93773
svgs/oxygen-icons-5.113.0/scalable/mimetypes/small/48x48/application-x-font-otf.svg	pass	47521	20471	27050
svgs/oxygen-icons-5.113.0/scalable/mimetypes/small/48x48/application-x-font-pcf.svg	pass	113991	20218	93773
svgs/oxygen-icons-5.113.0/scalable/mimetypes/small/48x48/application-x-font-snf.svg	pass	113991	20218	93773
svgs/oxygen-icons-5.113.0/scalable/mimetypes/small/48x48/application-x-font-ttf.svg	pass	118266	20331	97935
svgs/oxygen-icons-5.113.0/scalable/mimetypes/small/48x48/application-x-font-type1.svg	pass	32878	18229	14649
svgs/oxygen-icons-5.113.0/scalable/mimetypes/small/48x48/application-x-gnumeric.svg	pass	67958	18905	49053
svgs/oxygen-icons-5.113.0/scalable/mimetypes/small/48x48/application-x-gzdvi.svg	pass	265285	100673	164612
svgs/oxygen-icons-5.113.0/scalable/mimetypes/small/48x48/application-x-gzip.svg	pass	257195	94096	163099
svgs/oxygen-icons-5.113.0/scalable/mimetypes/small/48x48/application-x-gzpostscript.svg	pass	301807	115569	186238
svgs/oxygen-icons-5.113.0/scalable/mimetypes/small/48x48/application-x-it87.svg	pass	72493	31655	40838
svgs/oxygen-icons-5.113.0/scalable/mimetypes/small/48x48/application-x-java-applet.svg	pass	1470406	793114	677292
svgs/oxygen-icons-5.113.0/scalable/mimetypes/small/48x48/application-x-java-archive.svg	pass	81191	38820	42371
svgs/oxygen-icons-5.113.0/scalable/mimetypes/small/48x48/application-x-java.svg	pass	174573	46556	128017
svgs/oxygen-icons-5.113.0/scalable/mimetypes/small/48x48/application-x-javascript.svg	pass	42240	21025	21215
svgs/oxygen-icons-5.113.0/scalable/mimetypes/small/48x48/application-x-k3b.svg	mismatch	574861	170431	404430
svgs/oxygen-icons-5.113.0/scalable/mimetypes/small/48x48/application-x-kcsrc.svg	pass	190363	51857	138506
svgs/oxygen-icons-5.113.0/scalable/mimetypes/small/48x48/application-x-kexi-connectiondata.svg	pass	275857	75141	200716
svgs/oxygen-icons-5.113.0/scalable/mimetypes/small/48x48/application-x-kexiproject-shortcut.svg	pass	276617	76148	200469
svgs/oxygen-icons-5.113.0/scalable/mimetypes/small/48x48/application-x-kformula.svg	pass	69068	27137	41931
svgs/oxygen-icons-5.113.0/scalable/mimetypes/small/48x48/application-x-kgetlist.svg	pass	77397	33030	44367
svgs/oxygen-icons-5.113.0/scalable/mimetypes/small/48x48/application-x-kontour.svg	pass	32347	15199	17148
svgs/oxygen-icons-5.113.0/scalable/mimetypes/small/48x48/application-x-kplato.svg	pass	68155	18983	49172
svgs/oxygen-icons-5.113.0/scalable/mimetypes/small/48x48/application-x-krita.svg	pass	98982	62388	36594
svgs/oxygen-icons-5.113.0/scalable/mimetypes/small/48x48/application-x-kword.svg	pass	891726	472074	419652
svgs/oxygen-icons-5.113.0/scalable/mimetypes/small/48x48/application-x-lha.svg	pass	266776	101626	165150
svgs/oxygen-icons-5.113.0/scalable/mimetypes/small/48x48/application-x-lyx.svg	pass	890499	470628	419871
svgs/oxygen-icons-5.113.0/scalable/mimetypes/small/48x48/application-x-lzma-compressed-tar.svg	pass	72870	35901	36969
svgs/oxygen-icons-5.113.0/scalable/mimetypes/small/48x48/application-x-lzop.svg	pass	257195	94096	163099
svgs/oxygen-icons-5.113.0/scalable/mimetypes/small/48x48/application-x-m4.svg	pass	207864	76689	131175
svgs/oxygen-icons-5.113.0/scalable/mimetypes/small/48x48/application-x-marble.svg	pass	464017	224845	239172
svgs/oxygen-icons-5.113.0/scalable/mimetypes/small/48x48/application-x-mimearchive.svg	pass	244355	136592	107763
svgs/oxygen-icons-5.113.0/scalable/mimetypes/small/48x48/application-x-mplayer2.svg	pass	89625	33930	55695
svgs/oxygen-icons-5.113.0/scalable/mimetypes/small/48x48/application-x-ms-dos-executable.svg	pass	114002	47322	66680
svgs/oxygen-icons-5.113.0/scalable/mimetypes/small/48x48/application-x-mswinurl.svg	pass	2386718	1124934	1261784
svgs/oxygen-icons-5.113.0/scalable/mimetypes/small/48x48/application-x-mswrite.svg	pass	892024	458407	433617
svgs/oxygen-icons-5.113.0/scalable/mimetypes/small/48x48/application-x-nzb.svg	pass	33997	17282	16715
svgs/oxygen-icons-5.113.0/scalable/mimetypes/small/48x48/application-x-object.svg	pass	112065	51373	60692
svgs/oxygen-icons-5.113.0/scalable/mimetypes/small/48x48/application-x-pak.svg	pass	257195	94096	163099
svgs/oxygen-icons-5.113.0/scalable/mimetypes/small/48x48/application-x-pem-key.svg	pass	406011	77850	328161
svgs/oxygen-icons-5.113.0/scalable/mimetypes/small/48x48/application-x-perl.svg	pass	438353	261092	177261
svgs/oxygen-icons-5.113.0/scalable/mimetypes/small/48x48/application-x-php.svg	pass	33069	15388	17681
svgs/oxygen-icons-5.113.0/scalable/mimetypes/small/48x48/application-x-plasma.svg	pass	152020	71591	80429
svgs/oxygen-icons-5.113.0/scalable/mimetypes/small/48x48/application-x-python-bytecode.svg	pass	112065	51373	60692
svgs/oxygen-icons-5.113.0/scalable/mimetypes/small/48x48/application-x-qet-element.svg	pass	40308	16562	23746
svgs/oxygen-icons-5.113.0/scalable/mimetypes/small/48x48/application-x-qet-project.svg	pass	126386	59192	67194
svgs/oxygen-icons-5.113.0/scalable/mimetypes/small/48x48/application-x-quattropro.svg	pass	67958	18905	49053
svgs/oxygen-icons-5.113.0/scalable/mimetypes/small/48x48/application-x-rar.svg	pass	266776	101626	165150
svgs/oxygen-icons-5.113.0/scalable/mimetypes/small/48x48/application-x-rpm.svg	pass	87147	41793	45354
svgs/oxygen-icons-5.113.0/scalable/mimetypes/small/48x48/application-x-ruby.svg	pass	255259	70762	184497
svgs/oxygen-icons-5.113.0/scalable/mimetypes/small/48x48/application-x-sharedlib.svg	pass	112065	51373	60692
svgs/oxygen-icons-5.113.0/scalable/mimetypes/small/48x48/application-x-shellscript.svg	pass	78175	13994	64181
svgs/oxygen-icons-5.113.0/scalable/mimetypes/small/48x48/application-x-shockwave-flash.svg	pass	89704	33996	55708
svgs/oxygen-icons-5.113.0/scalable/mimetypes/small/48x48/application-x-siag.svg	pass	67958	18905	49053
svgs/oxygen-icons-5.113.0/scalable/mimetypes/small/48x48/application-x-srt.svg	pass	449832	210298	239534
svgs/oxygen-icons-5.113.0/scalable/mimetypes/small/48x48/application-x-subrip.svg	pass	450807	210766	240041
svgs/oxygen-icons-5.113.0/scalable/mimetypes/small/48x48/application-x-tar.svg	pass	72870	35901	36969
svgs/oxygen-icons-5.113.0/scalable/mimetypes/small/48x48/application-x-tarz.svg	pass	266776	101626	165150
svgs/oxygen-icons-5.113.0/scalable/mimetypes/small/48x48/application-x-tgif.svg	pass	32347	15199	17148
svgs/oxygen-icons-5.113.0/scalable/mimetypes/small/48x48/application-x-trash.svg	pass	30750	15469	15281
svgs/oxygen-icons-5.113.0/scalable/mimetypes/small/48x48/application-x-troff-man.svg	pass	40125	14077	26048
svgs/oxygen-icons-5.113.0/scalable/mimetypes/small/48x48/application-x-tzo.svg	pass	266776	101626	165150
svgs/oxygen-icons-5.113.0/scalable/mimetypes/small/48x48/application-x-wmf.svg	pass	32347	15199	17148
svgs/oxygen-icons-5.113.0/scalable/mimetypes/small/48x48/application-x-zerosize.svg	pass	87375	7109	80266
svgs/oxygen-icons-5.113.0/scalable/mimetypes/small/48x48/application-x-zoo.svg	pass	266776	101626	165150
svgs/oxygen-icons-5.113.0/scalable/mimetypes/small/48x48/application-xhtml+xml.svg	pass	2089578	1129767	959811
svgs/oxygen-icons-5.113.0/scalable/mimetypes/small/48x48/application-xml.svg	pass	42851	19627	23224
svgs/oxygen-icons-5.113.0/scalable/mimetypes/small/48x48/application-xsd.svg	pass	1989798	850106	1139692
svgs/oxygen-icons-5.113.0/scalable/mimetypes/small/48x48/application-xslt+xml.svg	pass	2386752	1124934	1261818
svgs/oxygen-icons-5.113.0/scalable/mimetypes/small/48x48/application-zip.svg	pass	266776	101626	165150
svgs/oxygen-icons-5.113.0/scalable/mimetypes/small/48x48/audio-ac3.svg	pass	118649	48437	70212
svgs/oxygen-icons-5.113.0/scalable/mimetypes/small/48x48/audio-midi.svg	pass	174847	45882	128965
svgs/oxygen-icons-5.113.0/scalable/mimetypes/small/48x48/audio-prs.sid.svg	pass	174847	45882	128965
svgs/oxygen-icons-5.113.0/scalable/mimetypes/small/48x48/audio-vn.rn-realmedia.svg	pass	89625	33930	55695
svgs/oxygen-icons-5.113.0/scalable/mimetypes/small/48x48/audio-vnd.rn-realvideo.svg	pass	89625	33930	55695
svgs/oxygen-icons-5.113.0/scalable/mimetypes/small/48x48/audio-x-adpcm.svg	pass	77553	43313	34240
svgs/oxygen-icons-5.113.0/scalable/mimetypes/small/48x48/audio-x-aiff.svg	pass	55852	29824	26028
svgs/oxygen-icons-5.113.0/scalable/mimetypes/small/48x48/audio-x-flac+ogg.svg	pass	118635	48434	70201
svgs/oxygen-icons-5.113.0/scalable/mimetypes/small/48x48/audio-x-flac.svg	pass	118635	48434	70201
svgs/oxygen-icons-5.113.0/scalable/mimetypes/small/48x48/audio-x-generic.svg	pass	118635	48434	70201
svgs/oxygen-icons-5.113.0/scalable/mimetypes/small/48x48/audio-x-monkey.svg	pass	118635	48434	70201
svgs/oxygen-icons-5.113.0/scalable/mimetypes/small/48x48/audio-x-speex+ogg.svg	pass	143727	75059	68668
svgs/oxygen-icons-5.113.0/scalable/mimetypes/small/48x48/audio-x-wav.svg	pass	55852	29824	26028
svgs/oxygen-icons-5.113.0/scalable/mimetypes/small/48x48/encrypted.svg	pass	407815	78457	329358
svgs/oxygen-icons-5.113.0/scalable/mimetypes/small/48x48/help.svg	mismatch	1193485	574744	618741
svgs/oxygen-icons-5.113.0/scalable/mimetypes/small/48x48/image-svg+xml-compressed.svg	pass	699918	107352	592566
svgs/oxygen-icons-5.113.0/scalable/mimetypes/small/48x48/image-svg+xml.svg	pass	32347	15199	17148
svgs/oxygen-icons-5.113.0/scalable/mimetypes/small/48x48/image-vnd.dgn.svg	pass	139277	27672	111605
svgs/oxygen-icons-5.113.0/scalable/mimetypes/small/48x48/image-vnd.dwg.svg	pass	137659	27324	110335
svgs/oxygen-icons-5.113.0/scalable/mimetypes/small/48x48/image-x-adobe-dng.svg	pass	193631	154507	39124
svgs/oxygen-icons-5.113.0/scalable/mimetypes/small/48x48/image-x-eps.svg	pass	35319	15322	19997
svgs/oxygen-icons-5.113.0/scalable/mimetypes/small/48x48/image-x-generic.svg	pass	192221	153727	38494
svgs/oxygen-icons-5.113.0/scalable/mimetypes/small/48x48/image-x-vnd.trolltech.qpicture.svg	pass	43094	15331	27763
svgs/oxygen-icons-5.113.0/scalable/mimetypes/small/48x48/image-x-xfig.svg	pass	32347	15199	17148
svgs/oxygen-icons-5.113.0/scalable/mimetypes/small/48x48/inode-directory.svg	pass	134353	120947	13406
svgs/oxygen-icons-5.113.0/scalable/mimetypes/small/48x48/message-news.svg	pass	143096	7398	135698
svgs/oxygen-icons-5.113.0/scalable/mimetypes/small/48x48/message-partial.svg	pass	247989	137408	110581
svgs/oxygen-icons-5.113.0/scalable/mimetypes/small/48x48/message-rfc822.svg	pass	244355	136592	107763
svgs/oxygen-icons-5.113.0/scalable/mimetypes/small/48x48/message-x-gnu-rmail.svg	pass	244355	136592	107763
svgs/oxygen-icons-5.113.0/scalable/mimetypes/small/48x48/message.svg	pass	244355	136592	107763
svgs/oxygen-icons-5.113.0/scalable/mimetypes/small/48x48/mime2.svg	pass	15311	6955	8356
svgs/oxygen-icons-5.113.0/scalable/mimetypes/small/48x48/package-x-generic.svg	pass	72870	35901	36969
svgs/oxygen-icons-5.113.0/scalable/mimetypes/small/48x48/text-calendar.svg	pass	163048	36121	126927
svgs/oxygen-icons-5.113.0/scalable/mimetypes/small/48x48/text-css.svg	pass	390889	185848	205041
svgs/oxygen-icons-5.113.0/scalable/mimetypes/small/48x48/text-csv.svg	pass	74813	23514	51299
svgs/oxygen-icons-5.113.0/scalable/mimetypes/small/48x48/text-directory.svg	pass	90513	45925	44588
svgs/oxygen-icons-5.113.0/scalable/mimetypes/small/48x48/text-enriched.svg	pass	191038	127190	63848
svgs/oxygen-icons-5.113.0/scalable/mimetypes/small/48x48/text-html.svg	pass	2386718	1124934	1261784
svgs/oxygen-icons-5.113.0/scalable/mimetypes/small/48x48/text-mathml.svg	pass	108904	59283	49621
svgs/oxygen-icons-5.113.0/scalable/mimetypes/small/48x48/text-plain.svg	pass	409417	193684	215733
svgs/oxygen-icons-5.113.0/scalable/mimetypes/small/48x48/text-rdf+xml.svg	pass	1580577	782883	797694
svgs/oxygen-icons-5.113.0/scalable/mimetypes/small/48x48/text-rdf.svg	pass	1580577	782883	797694
svgs/oxygen-icons-5.113.0/scalable/mimetypes/small/48x48/text-rtf.svg	pass	875720	465117	410603
svgs/oxygen-icons-5.113.0/scalable/mimetypes/small/48x48/text-sgml.svg	pass	146088	123831	22257
svgs/oxygen-icons-5.113.0/scalable/mimetypes/small/48x48/text-troff.svg	pass	303054	93822	209232
svgs/oxygen-icons-5.113.0/scalable/mimetypes/small/48x48/text-vcalendar.svg	pass	173874	43067	130807
svgs/oxygen-icons-5.113.0/scalable/mimetypes/small/48x48/text-vnd.abc.svg	pass	118635	48434	70201
svgs/oxygen-icons-5.113.0/scalable/mimetypes/small/48x48/text-vnd.wap.wml.svg	pass	502846	200975	301871
svgs/oxygen-icons-5.113.0/scalable/mimetypes/small/48x48/text-x-authors.svg	pass	164641	131881	32760
svgs/oxygen-icons-5.113.0/scalable/mimetypes/small/48x48/text-x-bibtex.svg	pass	95922	12607	83315
svgs/oxygen-icons-5.113.0/scalable/mimetypes/small/48x48/text-x-c++hdr.svg	pass	51953	23171	28782
svgs/oxygen-icons-5.113.0/scalable/mimetypes/small/48x48/text-x-c++src.svg	pass	43937	21102	22835
svgs/oxygen-icons-5.113.0/scalable/mimetypes/small/48x48/text-x-changelog.svg	pass	409417	193684	215733
svgs/oxygen-icons-5.113.0/scalable/mimetypes/small/48x48/text-x-chdr.svg	pass	37863	16958	20905
svgs/oxygen-icons-5.113.0/scalable/mimetypes/small/48x48/text-x-cmake.svg	pass	290331	162474	127857
svgs/oxygen-icons-5.113.0/scalable/mimetypes/small/48x48/text-x-copying.svg	pass	278015	136453	141562
svgs/oxygen-icons-5.113.0/scalable/mimetypes/small/48x48/text-x-csharp.svg	pass	69407	29246	40161
svgs/oxygen-icons-5.113.0/scalable/mimetypes/small/48x48/text-x-csrc.svg	pass	40055	20026	20029
svgs/oxygen-icons-5.113.0/scalable/mimetypes/small/48x48/text-x-dtd.svg	pass	502846	200975	301871
svgs/oxygen-icons-5.113.0/scalable/mimetypes/small/48x48/text-x-generic.svg	pass	146088	123831	22257
svgs/oxygen-icons-5.113.0/scalable/mimetypes/small/48x48/text-x-haskell.svg	pass	183649	101467	82182
svgs/oxygen-icons-5.113.0/scalable/mimetypes/small/48x48/text-x-hex.svg	pass	26153	12358	13795
svgs/oxygen-icons-5.113.0/scalable/mimetypes/small/48x48/text-x-install.svg	pass	287055	145278	141777
svgs/oxygen-icons-5.113.0/scalable/mimetypes/small/48x48/text-x-java.svg	pass	190406	56557	133849
svgs/oxygen-icons-5.113.0/scalable/mimetypes/small/48x48/text-x-katefilelist.svg	pass	240501	140369	100132
svgs/oxygen-icons-5.113.0/scalable/mimetypes/small/48x48/text-x-ldif.svg	pass	90980	45848	45132
svgs/oxygen-icons-5.113.0/scalable/mimetypes/small/48x48/text-x-lilypond.svg	pass	128951	32152	96799
svgs/oxygen-icons-5.113.0/scalable/mimetypes/small/48x48/text-x-log.svg	pass	207654	125397	82257
svgs/oxygen-icons-5.113.0/scalable/mimetypes/small/48x48/text-x-makefile.svg	pass	317766	95331	222435
svgs/oxygen-icons-5.113.0/scalable/mimetypes/small/48x48/text-x-nfo.svg	pass	146088	123831	22257
svgs/oxygen-icons-5.113.0/scalable/mimetypes/small/48x48/text-x-objchdr.svg	pass	37863	16958	20905
svgs/oxygen-icons-5.113.0/scalable/mimetypes/small/48x48/text-x-objcsrc.svg	pass	40055	20026	20029
svgs/oxygen-icons-5.113.0/scalable/mimetypes/small/48x48/text-x-pascal.svg	pass	1344929	1049043	295886
svgs/oxygen-icons-5.113.0/scalable/mimetypes/small/48x48/text-x-patch.svg	pass	122141	31085	91056
svgs/oxygen-icons-5.113.0/scalable/mimetypes/small/48x48/text-x-po.svg	pass	460662	319179	141483
svgs/oxygen-icons-5.113.0/scalable/mimetypes/small/48x48/text-x-python.svg	pass	46124	27133	18991
svgs/oxygen-icons-5.113.0/scalable/mimetypes/small/48x48/text-x-qml.svg	pass	35393	19247	16146
svgs/oxygen-icons-5.113.0/scalable/mimetypes/small/48x48/text-x-readme.svg	pass	573165	337064	236101
svgs/oxygen-icons-5.113.0/scalable/mimetypes/small/48x48/text-x-rpm-spec.svg	pass	23174	10751	12423
svgs/oxygen-icons-5.113.0/scalable/mimetypes/small/48x48/text-x-script.svg	pass	790540	10683	779857
svgs/oxygen-icons-5.113.0/scalable/mimetypes/small/48x48/text-x-sql.svg	pass	89094	38717	50377
svgs/oxygen-icons-5.113.0/scalable/mimetypes/small/48x48/text-x-tex.svg	pass	95922	12607	83315
svgs/oxygen-icons-5.113.0/scalable/mimetypes/small/48x48/text-x-texinfo.svg	pass	32588	15541	17047
svgs/oxygen-icons-5.113.0/scalable/mimetypes/small/48x48/text-x-vcard.svg	pass	90980	45848	45132
svgs/oxygen-icons-5.113.0/scalable/mimetypes/small/48x48/text-x-xslfo.svg	pass	502846	200975	301871
svgs/oxygen-icons-5.113.0/scalable/mimetypes/small/48x48/text-xmcd.svg	pass	126876	54443	72433
svgs/oxygen-icons-5.113.0/scalable/mimetypes/small/48x48/text-xml.svg	pass	41745	18960	22785
svgs/oxygen-icons-5.113.0/scalable/mimetypes/small/48x48/unknown.svg	pass	37542	20189	17353
svgs/oxygen-icons-5.113.0/scalable/mimetypes/small/48x48/uri-mms.svg	pass	1614065	786634	827431
svgs/oxygen-icons-5.113.0/scalable/mimetypes/small/48x48/uri-mmst.svg	pass	1614065	786634	827431
svgs/oxygen-icons-5.113.0/scalable/mimetypes/small/48x48/uri-mmsu.svg	pass	1614065	786634	827431
svgs/oxygen-icons-5.113.0/scalable/mimetypes/small/48x48/uri-pnm.svg	pass	1614065	786634	827431
svgs/oxygen-icons-5.113.0/scalable/mimetypes/small/48x48/uri-rtspt.svg	pass	1614065	786634	827431
svgs/oxygen-icons-5.113.0/scalable/mimetypes/small/48x48/uri-rtspu.svg	pass	1614065	786634	827431
svgs/oxygen-icons-5.113.0/scalable/mimetypes/small/48x48/video-x-generic.svg	pass	89625	33930	55695
svgs/oxygen-icons-5.113.0/scalable/mimetypes/small/48x48/video-x-mng.svg	pass	192221	153727	38494
svgs/oxygen-icons-5.113.0/scalable/mimetypes/small/48x48/x-kde-nsplugin-generated.svg	pass	77688	45893	31795
svgs/oxygen-icons-5.113.0/scalable/mimetypes/small/48x48/x-media-podcast.svg	pass	75001	32886	42115
svgs/oxygen-icons-5.113.0/scalable/mimetypes/small/48x48/x-office-address-book.svg	pass	3008744	2339532	669212
svgs/oxygen-icons-5.113.0/scalable/mimetypes/small/48x48/x-office-calendar.svg	pass	173874	43067	130807
svgs/oxygen-icons-5.113.0/scalable/mimetypes/small/48x48/x-office-document.svg	pass	32676	13881	18795
svgs/oxygen-icons-5.113.0/scalable/mimetypes/small/48x48/x-office-presentation.svg	pass	128218	21535	106683
svgs/oxygen-icons-5.113.0/scalable/mimetypes/small/48x48/x-office-spreadsheet.svg	pass	67958	18905	49053
svgs/oxygen-icons-5.113.0/scalable/mimetypes/small/64x64/application-epub+zip.svg	pass	2409547	1967188	442359
svgs/oxygen-icons-5.113.0/scalable/mimetypes/small/64x64/application-illustrator.svg	pass	64537	16607	47930
svgs/oxygen-icons-5.113.0/scalable/mimetypes/small/64x64/application-javascript.svg	pass	102374	22936	79438
svgs/oxygen-icons-5.113.0/scalable/mimetypes/small/64x64/application-msword-template.svg	pass	886661	500315	386346
svgs/oxygen-icons-5.113.0/scalable/mimetypes/small/64x64/application-msword.svg	pass	849843	488581	361262
svgs/oxygen-icons-5.113.0/scalable/mimetypes/small/64x64/application-octet-stream.svg	pass	277376	153458	123918
svgs/oxygen-icons-5.113.0/scalable/mimetypes/small/64x64/application-pdf.svg	pass	56683	9492	47191
svgs/oxygen-icons-5.113.0/scalable/mimetypes/small/64x64/application-pgp-encrypted.svg	pass	480613	32568	448045
svgs/oxygen-icons-5.113.0/scalable/mimetypes/small/64x64/application-pgp-keys.svg	pass	410038	81990	328048
svgs/oxygen-icons-5.113.0/scalable/mimetypes/small/64x64/application-pkcs7-mime.svg	pass	411918	82875	329043
svgs/oxygen-icons-5.113.0/scalable/mimetypes/small/64x64/application-postscript.svg	pass	132798	42010	90788
svgs/oxygen-icons-5.113.0/scalable/mimetypes/small/64x64/application-relaxng.svg	pass	1687126	604410	1082716
svgs/oxygen-icons-5.113.0/scalable/mimetypes/small/64x64/application-rtf.svg	pass	185313	124958	60355
svgs/oxygen-icons-5.113.0/scalable/mimetypes/small/64x64/application-sxw.svg	pass	244379	158294	86085
svgs/oxygen-icons-5.113.0/scalable/mimetypes/small/64x64/application-vnd-google-earth-kml.svg	pass	54067	9672	44395
svgs/oxygen-icons-5.113.0/scalable/mimetypes/small/64x64/application-vnd.iccprofile.svg	pass	199364	53852	145512
svgs/oxygen-icons-5.113.0/scalable/mimetypes/small/64x64/application-vnd.ms-access.svg	pass	262959	63974	198985
svgs/oxygen-icons-5.113.0/scalable/mimetypes/small/64x64/application-vnd.ms-excel.svg	pass	67762	24949	42813
svgs/oxygen-icons-5.113.0/scalable/mimetypes/small/64x64/application-vnd.ms-powerpoint.svg	pass	147783	30266	117517
svgs/oxygen-icons-5.113.0/scalable/mimetypes/small/64x64/application-vnd.oasis.opendocument.chart.svg	pass	261622	63865	197757
svgs/oxygen-icons-5.113.0/scalable/mimetypes/small/64x64/application-vnd.oasis.opendocument.database.svg	pass	710388	168152	542236
svgs/oxygen-icons-5.113.0/scalable/mimetypes/small/64x64/application-vnd.oasis.opendocument.formula-template.svg	pass	609106	172131	436975
svgs/oxygen-icons-5.113.0/scalable/mimetypes/small/64x64/application-vnd.oasis.opendocument.formula.svg	pass	349899	159426	190473
svgs/oxygen-icons-5.113.0/scalable/mimetypes/small/64x64/application-vnd.oasis.opendocument.graphics.svg	pass	182400	32909	149491
svgs/oxygen-icons-5.113.0/scalable/mimetypes/small/64x64/application-vnd.oasis.opendocument.image.svg	pass	318745	115430	203315
svgs/oxygen-icons-5.113.0/scalable/mimetypes/small/64x64/application-vnd.oasis.opendocument.presentation-template.svg	pass	253872	38518	215354
svgs/oxygen-icons-5.113.0/scalable/mimetypes/small/64x64/application-vnd.oasis.opendocument.presentation.svg	pass	213612	32664	180948
svgs/oxygen-icons-5.113.0/scalable/mimetypes/small/64x64/application-vnd.oasis.opendocument.spreadsheet-template.svg	pass	117511	32944	84567
svgs/oxygen-icons-5.113.0/scalable/mimetypes/small/64x64/application-vnd.oasis.opendocument.spreadsheet.svg	pass	110842	21639	89203
svgs/oxygen-icons-5.113.0/scalable/mimetypes/small/64x64/application-vnd.oasis.opendocument.text.svg	pass	908251	487373	420878
svgs/oxygen-icons-5.113.0/scalable/mimetypes/small/64x64/application-vnd.openxmlformats-officedocument.wordprocessingml.document.svg	pass	908251	487373	420878
svgs/oxygen-icons-5.113.0/scalable/mimetypes/small/64x64/application-vnd.rn-realmedia.svg	pass	115544	33782	81762
svgs/oxygen-icons-5.113.0/scalable/mimetypes/small/64x64/application-vnd.scribus.svg	pass	569704	126186	443518
svgs/oxygen-icons-5.113.0/scalable/mimetypes/small/64x64/application-vnd.stardivision.calc.svg	pass	110842	21639	89203
svgs/oxygen-icons-5.113.0/scalable/mimetypes/small/64x64/application-vnd.stardivision.draw.svg	pass	318745	115430	203315
svgs/oxygen-icons-5.113.0/scalable/mimetypes/small/64x64/application-vnd.stardivision.mail.svg	pass	920656	374564	546092
svgs/oxygen-icons-5.113.0/scalable/mimetypes/small/64x64/application-vnd.stardivision.math.svg	pass	349899	159426	190473
svgs/oxygen-icons-5.113.0/scalable/mimetypes/small/64x64/application-vnd.sun.xml.calc.svg	pass	110842	21639	89203
svgs/oxygen-icons-5.113.0/scalable/mimetypes/small/64x64/application-vnd.sun.xml.calc.template.svg	pass	117511	32944	84567
svgs/oxygen-icons-5.113.0/scalable/mimetypes/small/64x64/application-vnd.sun.xml.draw.svg	pass	318745	115430	203315
svgs/oxygen-icons-5.113.0/scalable/mimetypes/small/64x64/application-vnd.sun.xml.draw.template.svg	pass	367472	127345	240127
svgs/oxygen-icons-5.113.0/scalable/mimetypes/small/64x64/application-vnd.sun.xml.math.svg	pass	349899	159426	190473
svgs/oxygen-icons-5.113.0/scalable/mimetypes/small/64x64/application-vnd.sun.xml.writer.template.svg	pass	884251	498991	385260
svgs/oxygen-icons-5.113.0/scalable/mimetypes/small/64x64/application-vnd.wordperfect.svg	pass	839708	488010	351698
svgs/oxygen-icons-5.113.0/scalable/mimetypes/small/64x64/application-x-7z-compressed.svg	pass	244880	101588	143292
svgs/oxygen-icons-5.113.0/scalable/mimetypes/small/64x64/application-x-abiword.svg	pass	908251	487373	420878
svgs/oxygen-icons-5.113.0/scalable/mimetypes/small/64x64/application-x-ace.svg	pass	244880	101588	143292
svgs/oxygen-icons-5.113.0/scalable/mimetypes/small/64x64/application-x-applix-spreadsheet.svg	pass	110842	21639	89203
svgs/oxygen-icons-5.113.0/scalable/mimetypes/small/64x64/application-x-applix-word.svg	pass	888773	478969	409804
svgs/oxygen-icons-5.113.0/scalable/mimetypes/small/64x64/application-x-ar.svg	pass	113574	35950	77624
svgs/oxygen-icons-5.113.0/scalable/mimetypes/small/64x64/application-x-arc.svg	pass	244880	101588	143292
svgs/oxygen-icons-5.113.0/scalable/mimetypes/small/64x64/application-x-archive.svg	pass	113574	35950	77624
svgs/oxygen-icons-5.113.0/scalable/mimetypes/small/64x64/application-x-arj.svg	pass	244880	101588	143292
svgs/oxygen-icons-5.113.0/scalable/mimetypes/small/64x64/application-x-bittorrent.svg	pass	261757	125454	136303
svgs/oxygen-icons-5.113.0/scalable/mimetypes/small/64x64/application-x-blender.svg	pass	109608	31044	78564
svgs/oxygen-icons-5.113.0/scalable/mimetypes/small/64x64/application-x-bzdvi.svg	pass	242831	100707	142124
svgs/oxygen-icons-5.113.0/scalable/mimetypes/small/64x64/application-x-bzip-compressed-tar.svg	pass	244880	101588	143292
svgs/oxygen-icons-5.113.0/scalable/mimetypes/small/64x64/application-x-bzip.svg	pass	320590	91715	228875
svgs/oxygen-icons-5.113.0/scalable/mimetypes/small/64x64/application-x-cd-image.svg	pass	171924	58552	113372
svgs/oxygen-icons-5.113.0/scalable/mimetypes/small/64x64/application-x-cda.svg	pass	184262	72890	111372
svgs/oxygen-icons-5.113.0/scalable/mimetypes/small/64x64/application-x-chm.svg	pass	78603	12249	66354
svgs/oxygen-icons-5.113.0/scalable/mimetypes/small/64x64/application-x-compress.svg	pass	320590	91715	228875
svgs/oxygen-icons-5.113.0/scalable/mimetypes/small/64x64/application-x-compressed-tar.svg	pass	121631	39684	81947
svgs/oxygen-icons-5.113.0/scalable/mimetypes/small/64x64/application-x-cpio.svg	pass	113574	35950	77624
svgs/oxygen-icons-5.113.0/scalable/mimetypes/small/64x64/application-x-cue.svg	pass	321190	179237	141953
svgs/oxygen-icons-5.113.0/scalable/mimetypes/small/64x64/application-x-deb.svg	pass	125940	41076	84864
svgs/oxygen-icons-5.113.0/scalable/mimetypes/small/64x64/application-x-designer.svg	pass	182635	56918	125717
svgs/oxygen-icons-5.113.0/scalable/mimetypes/small/64x64/application-x-desktop.svg	pass	91674	43137	48537
svgs/oxygen-icons-5.113.0/scalable/mimetypes/small/64x64/application-x-dgn.svg	pass	338900	55601	283299
svgs/oxygen-icons-5.113.0/scalable/mimetypes/small/64x64/application-x-egon.svg	pass	251295	155676	95619
svgs/oxygen-icons-5.113.0/scalable/mimetypes/small/64x64/application-x-executable-script.svg	pass	129700	51371	78329
svgs/oxygen-icons-5.113.0/scalable/mimetypes/small/64x64/application-x-executable.svg	pass	91674	43137	48537
svgs/oxygen-icons-5.113.0/scalable/mimetypes/small/64x64/application-x-font-afm.svg	pass	136597	30039	106558
svgs/oxygen-icons-5.113.0/scalable/mimetypes/small/64x64/application-x-font-bdf.svg	pass	109486	31939	77547
svgs/oxygen-icons-5.113.0/scalable/mimetypes/small/64x64/application-x-font-otf.svg	pass	111508	34345	77163
svgs/oxygen-icons-5.113.0/scalable/mimetypes/small/64x64/application-x-font-pcf.svg	pass	109486	31939	77547
svgs/oxygen-icons-5.113.0/scalable/mimetypes/small/64x64/application-x-font-snf.svg	pass	109486	31939	77547
svgs/oxygen-icons-5.113.0/scalable/mimetypes/small/64x64/application-x-font-ttf.svg	pass	108060	28765	79295
svgs/oxygen-icons-5.113.0/scalable/mimetypes/small/64x64/application-x-font-type1.svg	pass	137521	30159	107362
svgs/oxygen-icons-5.113.0/scalable/mimetypes/small/64x64/application-x-gnumeric.svg	pass	110842	21639	89203
svgs/oxygen-icons-5.113.0/scalable/mimetypes/small/64x64/application-x-gzdvi.svg	pass	242831	100707	142124
svgs/oxygen-icons-5.113.0/scalable/mimetypes/small/64x64/application-x-gzip.svg	pass	320590	91715	228875
svgs/oxygen-icons-5.113.0/scalable/mimetypes/small/64x64/application-x-gzpostscript.svg	pass	333846	111795	222051
svgs/oxygen-icons-5.113.0/scalable/mimetypes/small/64x64/application-x-it87.svg	pass	200546	53972	146574
svgs/oxygen-icons-5.113.0/scalable/mimetypes/small/64x64/application-x-java-applet.svg	pass	1613551	792938	820613
svgs/oxygen-icons-5.113.0/scalable/mimetypes/small/64x64/application-x-java-archive.svg	pass	118962	38656	80306
svgs/oxygen-icons-5.113.0/scalable/mimetypes/small/64x64/application-x-java.svg	pass	133771	46423	87348
svgs/oxygen-icons-5.113.0/scalable/mimetypes/small/64x64/application-x-javascript.svg	pass	102374	22936	79438
svgs/oxygen-icons-5.113.0/scalable/mimetypes/small/64x64/application-x-k3b.svg	mismatch	323873	181870	142003
svgs/oxygen-icons-5.113.0/scalable/mimetypes/small/64x64/application-x-kcsrc.svg	pass	156683	51276	105407
svgs/oxygen-icons-5.113.0/scalable/mimetypes/small/64x64/application-x-kexi-connectiondata.svg	pass	771696	183288	588408
svgs/oxygen-icons-5.113.0/scalable/mimetypes/small/64x64/application-x-kexiproject-shortcut.svg	pass	772295	183605	588690
svgs/oxygen-icons-5.113.0/scalable/mimetypes/small/64x64/application-x-kformula.svg	pass	349899	159426	190473
svgs/oxygen-icons-5.113.0/scalable/mimetypes/small/64x64/application-x-kgetlist.svg	pass	107998	32174	75824
svgs/oxygen-icons-5.113.0/scalable/mimetypes/small/64x64/application-x-kontour.svg	pass	147080	24516	122564
svgs/oxygen-icons-5.113.0/scalable/mimetypes/small/64x64/application-x-kplato.svg	pass	48335	19566	28769
svgs/oxygen-icons-5.113.0/scalable/mimetypes/small/64x64/application-x-krita.svg	pass	264240	95380	168860
svgs/oxygen-icons-5.113.0/scalable/mimetypes/small/64x64/application-x-kword.svg	pass	908251	487373	420878
svgs/oxygen-icons-5.113.0/scalable/mimetypes/small/64x64/application-x-lha.svg	pass	244880	101588	143292
svgs/oxygen-icons-5.113.0/scalable/mimetypes/small/64x64/application-x-lyx.svg	pass	902593	484476	418117
svgs/oxygen-icons-5.113.0/scalable/mimetypes/small/64x64/application-x-lzma-compressed-tar.svg	pass	113574	35950	77624
svgs/oxygen-icons-5.113.0/scalable/mimetypes/small/64x64/application-x-lzop.svg	pass	320590	91715	228875
svgs/oxygen-icons-5.113.0/scalable/mimetypes/small/64x64/application-x-m4.svg	pass	276043	122779	153264
svgs/oxygen-icons-5.113.0/scalable/mimetypes/small/64x64/application-x-marble.svg	pass	578928	225703	353225
svgs/oxygen-icons-5.113.0/scalable/mimetypes/small/64x64/application-x-mimearchive.svg	pass	920656	374564	546092
svgs/oxygen-icons-5.113.0/scalable/mimetypes/small/64x64/application-x-mplayer2.svg	pass	115962	33902	82060
svgs/oxygen-icons-5.113.0/scalable/mimetypes/small/64x64/application-x-ms-dos-executable.svg	pass	135467	51638	83829
svgs/oxygen-icons-5.113.0/scalable/mimetypes/small/64x64/application-x-mswinurl.svg	pass	2237324	1122127	1115197
svgs/oxygen-icons-5.113.0/scalable/mimetypes/small/64x64/application-x-mswrite.svg	pass	891387	460232	431155
svgs/oxygen-icons-5.113.0/scalable/mimetypes/small/64x64/application-x-nzb.svg	pass	73616	13663	59953
svgs/oxygen-icons-5.113.0/scalable/mimetypes/small/64x64/application-x-object.svg	pass	277376	153458	123918
svgs/oxygen-icons-5.113.0/scalable/mimetypes/small/64x64/application-x-pak.svg	pass	320590	91715	228875
svgs/oxygen-icons-5.113.0/scalable/mimetypes/small/64x64/application-x-pem-key.svg	pass	410038	81990	328048
svgs/oxygen-icons-5.113.0/scalable/mimetypes/small/64x64/application-x-perl.svg	pass	906934	511754	395180
svgs/oxygen-icons-5.113.0/scalable/mimetypes/small/64x64/application-x-php.svg	pass	115096	35457	79639
svgs/oxygen-icons-5.113.0/scalable/mimetypes/small/64x64/application-x-plasma.svg	pass	174857	71670	103187
svgs/oxygen-icons-5.113.0/scalable/mimetypes/small/64x64/application-x-python-bytecode.svg	pass	277376	153458	123918
svgs/oxygen-icons-5.113.0/scalable/mimetypes/small/64x64/application-x-qet-element.svg	pass	213185	20359	192826
svgs/oxygen-icons-5.113.0/scalable/mimetypes/small/64x64/application-x-qet-project.svg	pass	266425	59140	207285
svgs/oxygen-icons-5.113.0/scalable/mimetypes/small/64x64/application-x-quattropro.svg	pass	110842	21639	89203
svgs/oxygen-icons-5.113.0/scalable/mimetypes/small/64x64/application-x-rar.svg	pass	244880	101588	143292
svgs/oxygen-icons-5.113.0/scalable/mimetypes/small/64x64/application-x-rpm.svg	pass	126508	41506	85002
svgs/oxygen-icons-5.113.0/scalable/mimetypes/small/64x64/application-x-ruby.svg	pass	252746	70206	182540
svgs/oxygen-icons-5.113.0/scalable/mimetypes/small/64x64/application-x-sharedlib.svg	pass	277376	153458	123918
svgs/oxygen-icons-5.113.0/scalable/mimetypes/small/64x64/application-x-shellscript.svg	pass	767725	13587	754138
svgs/oxygen-icons-5.113.0/scalable/mimetypes/small/64x64/application-x-shockwave-flash.svg	pass	115595	33830	81765
svgs/oxygen-icons-5.113.0/scalable/mimetypes/small/64x64/application-x-siag.svg	pass	110842	21639	89203
svgs/oxygen-icons-5.113.0/scalable/mimetypes/small/64x64/application-x-srt.svg	pass	530995	210038	320957
svgs/oxygen-icons-5.113.0/scalable/mimetypes/small/64x64/application-x-srtrip.svg	pass	530995	210038	320957
svgs/oxygen-icons-5.113.0/scalable/mimetypes/small/64x64/application-x-subrip.svg	pass	531036	210042	320994
svgs/oxygen-icons-5.113.0/scalable/mimetypes/small/64x64/application-x-tar.svg	pass	113574	35950	77624
svgs/oxygen-icons-5.113.0/scalable/mimetypes/small/64x64/application-x-tarz.svg	pass	244880	101588	143292
svgs/oxygen-icons-5.113.0/scalable/mimetypes/small/64x64/application-x-tgif.svg	pass	147080	24516	122564
svgs/oxygen-icons-5.113.0/scalable/mimetypes/small/64x64/application-x-trash.svg	pass	88761	15994	72767
svgs/oxygen-icons-5.113.0/scalable/mimetypes/small/64x64/application-x-troff-man.svg	pass	137868	13543	124325
svgs/oxygen-icons-5.113.0/scalable/mimetypes/small/64x64/application-x-tzo.svg	pass	244880	101588	143292
svgs/oxygen-icons-5.113.0/scalable/mimetypes/small/64x64/application-x-wmf.svg	pass	147080	24516	122564
svgs/oxygen-icons-5.113.0/scalable/mimetypes/small/64x64/application-x-zerosize.svg	pass	86878	6921	79957
svgs/oxygen-icons-5.113.0/scalable/mimetypes/small/64x64/application-x-zoo.svg	pass	244880	101588	143292
svgs/oxygen-icons-5.113.0/scalable/mimetypes/small/64x64/application-xhtml+xml.svg	pass	2286145	1126183	1159962
svgs/oxygen-icons-5.113.0/scalable/mimetypes/small/64x64/application-xml.svg	pass	118503	24417	94086
svgs/oxygen-icons-5.113.0/scalable/mimetypes/small/64x64/application-xsd.svg	pass	1746182	857022	889160
svgs/oxygen-icons-5.113.0/scalable/mimetypes/small/64x64/application-xslt+xml.svg	pass	2237730	1121874	1115856
svgs/oxygen-icons-5.113.0/scalable/mimetypes/small/64x64/application-zip.svg	pass	244880	101588	143292
svgs/oxygen-icons-5.113.0/scalable/mimetypes/small/64x64/audio-ac3.svg	pass	233803	48829	184974
svgs/oxygen-icons-5.113.0/scalable/mimetypes/small/64x64/audio-midi.svg	pass	170678	45120	125558
svgs/oxygen-icons-5.113.0/scalable/mimetypes/small/64x64/audio-prs.sid.svg	pass	170678	45120	125558
svgs/oxygen-icons-5.113.0/scalable/mimetypes/small/64x64/audio-vn.rn-realmedia.svg	pass	115962	33902	82060
svgs/oxygen-icons-5.113.0/scalable/mimetypes/small/64x64/audio-vn.rn-realvideo.svg	pass	115962	33902	82060
svgs/oxygen-icons-5.113.0/scalable/mimetypes/small/64x64/audio-vnd.rn-realvideo.svg	pass	115962	33902	82060
svgs/oxygen-icons-5.113.0/scalable/mimetypes/small/64x64/audio-x-adpcm.svg	pass	140117	43585	96532
svgs/oxygen-icons-5.113.0/scalable/mimetypes/small/64x64/audio-x-aiff.svg	pass	140117	43585	96532
svgs/oxygen-icons-5.113.0/scalable/mimetypes/small/64x64/audio-x-flac+ogg.svg	pass	233803	48826	184977
svgs/oxygen-icons-5.113.0/scalable/mimetypes/small/64x64/audio-x-flac.svg	pass	233803	48826	184977
svgs/oxygen-icons-5.113.0/scalable/mimetypes/small/64x64/audio-x-generic.svg	pass	233803	48826	184977
svgs/oxygen-icons-5.113.0/scalable/mimetypes/small/64x64/audio-x-monkey.svg	pass	233803	48826	184977
svgs/oxygen-icons-5.113.0/scalable/mimetypes/small/64x64/audio-x-speex+ogg.svg	pass	226338	88546	137792
svgs/oxygen-icons-5.113.0/scalable/mimetypes/small/64x64/audio-x-wav.svg	pass	140117	43585	96532
svgs/oxygen-icons-5.113.0/scalable/mimetypes/small/64x64/encrypted.svg	pass	413014	83345	329669
svgs/oxygen-icons-5.113.0/scalable/mimetypes/small/64x64/image-svg+xml-compressed.svg	pass	592252	102480	489772
svgs/oxygen-icons-5.113.0/scalable/mimetypes/small/64x64/image-svg+xml.svg	pass	147080	24516	122564
svgs/oxygen-icons-5.113.0/scalable/mimetypes/small/64x64/image-vnd.dwg.svg	pass	326898	54975	271923
svgs/oxygen-icons-5.113.0/scalable/mimetypes/small/64x64/image-x-adobe-dng.svg	mismatch	727214	577892	149322
svgs/oxygen-icons-5.113.0/scalable/mimetypes/small/64x64/image-x-eps.svg	pass	126029	24100	101929
svgs/oxygen-icons-5.113.0/scalable/mimetypes/small/64x64/image-x-generic.svg	pass	251817	155676	96141
svgs/oxygen-icons-5.113.0/scalable/mimetypes/small/64x64/image-x-mng.svg	pass	251817	155676	96141
svgs/oxygen-icons-5.113.0/scalable/mimetypes/small/64x64/image-x-vnd.trolltech.qpicture.svg	pass	125595	24109	101486
svgs/oxygen-icons-5.113.0/scalable/mimetypes/small/64x64/image-x-xfig.svg	pass	147080	24516	122564
svgs/oxygen-icons-5.113.0/scalable/mimetypes/small/64x64/inode-directory.svg	pass	136279	121264	15015
svgs/oxygen-icons-5.113.0/scalable/mimetypes/small/64x64/message-news.svg	pass	145993	9236	136757
svgs/oxygen-icons-5.113.0/scalable/mimetypes/small/64x64/message-partial.svg	pass	928886	375457	553429
svgs/oxygen-icons-5.113.0/scalable/mimetypes/small/64x64/message-rfc822.svg	pass	920656	374564	546092
svgs/oxygen-icons-5.113.0/scalable/mimetypes/small/64x64/message-x-gnu-rmail.svg	pass	920656	374564	546092
svgs/oxygen-icons-5.113.0/scalable/mimetypes/small/64x64/message.svg	pass	920656	374564	546092
svgs/oxygen-icons-5.113.0/scalable/mimetypes/small/64x64/mime2.svg	pass	87691	6921	80770
svgs/oxygen-icons-5.113.0/scalable/mimetypes/small/64x64/package-x-generic.svg	pass	113574	35950	77624
svgs/oxygen-icons-5.113.0/scalable/mimetypes/small/64x64/text-calendar.svg	pass	152209	38215	113994
svgs/oxygen-icons-5.113.0/scalable/mimetypes/small/64x64/text-css.svg	pass	2044130	957917	1086213
svgs/oxygen-icons-5.113.0/scalable/mimetypes/small/64x64/text-csv.svg	pass	116730	26235	90495
svgs/oxygen-icons-5.113.0/scalable/mimetypes/small/64x64/text-directory.svg	pass	1031742	58767	972975
svgs/oxygen-icons-5.113.0/scalable/mimetypes/small/64x64/text-enriched.svg	pass	185313	124958	60355
svgs/oxygen-icons-5.113.0/scalable/mimetypes/small/64x64/text-html.svg	pass	2238504	1122247	1116257
svgs/oxygen-icons-5.113.0/scalable/mimetypes/small/64x64/text-mathml.svg	pass	319392	151063	168329
svgs/oxygen-icons-5.113.0/scalable/mimetypes/small/64x64/text-plain.svg	pass	512012	194713	317299
svgs/oxygen-icons-5.113.0/scalable/mimetypes/small/64x64/text-rdf+xml.svg	pass	2794926	1486835	1308091
svgs/oxygen-icons-5.113.0/scalable/mimetypes/small/64x64/text-rdf.svg	pass	2794926	1486835	1308091
svgs/oxygen-icons-5.113.0/scalable/mimetypes/small/64x64/text-rtf.svg	pass	888773	478969	409804
svgs/oxygen-icons-5.113.0/scalable/mimetypes/small/64x64/text-sgml.svg	pass	222834	124985	97849
svgs/oxygen-icons-5.113.0/scalable/mimetypes/small/64x64/text-troff.svg	pass	396925	158414	238511
svgs/oxygen-icons-5.113.0/scalable/mimetypes/small/64x64/text-vcalendar.svg	pass	179754	46672	133082
svgs/oxygen-icons-5.113.0/scalable/mimetypes/small/64x64/text-vnd.abc.svg	pass	233803	48826	184977
svgs/oxygen-icons-5.113.0/scalable/mimetypes/small/64x64/text-vnd.wap.wml.svg	pass	1687126	604410	1082716
svgs/oxygen-icons-5.113.0/scalable/mimetypes/small/64x64/text-x-adasrc.svg	pass	103989	26347	77642
svgs/oxygen-icons-5.113.0/scalable/mimetypes/small/64x64/text-x-authors.svg	pass	199474	130919	68555
svgs/oxygen-icons-5.113.0/scalable/mimetypes/small/64x64/text-x-bibtex.svg	pass	66304	12601	53703
svgs/oxygen-icons-5.113.0/scalable/mimetypes/small/64x64/text-x-c++hdr.svg	pass	107377	24424	82953
svgs/oxygen-icons-5.113.0/scalable/mimetypes/small/64x64/text-x-c++src.svg	pass	89509	22538	66971
svgs/oxygen-icons-5.113.0/scalable/mimetypes/small/64x64/text-x-changelog.svg	pass	512012	194713	317299
svgs/oxygen-icons-5.113.0/scalable/mimetypes/small/64x64/text-x-chdr.svg	pass	98811	18349	80462
svgs/oxygen-icons-5.113.0/scalable/mimetypes/small/64x64/text-x-cmake.svg	pass	249026	161005	88021
svgs/oxygen-icons-5.113.0/scalable/mimetypes/small/64x64/text-x-copying.svg	pass	234300	137048	97252
svgs/oxygen-icons-5.113.0/scalable/mimetypes/small/64x64/text-x-csharp.svg	pass	108476	34065	74411
svgs/oxygen-icons-5.113.0/scalable/mimetypes/small/64x64/text-x-csrc.svg	pass	89735	22387	67348
svgs/oxygen-icons-5.113.0/scalable/mimetypes/small/64x64/text-x-dtd.svg	pass	1687126	604410	1082716
svgs/oxygen-icons-5.113.0/scalable/mimetypes/small/64x64/text-x-generic.svg	pass	222834	124985	97849
svgs/oxygen-icons-5.113.0/scalable/mimetypes/small/64x64/text-x-haskell.svg	pass	395513	189021	206492
svgs/oxygen-icons-5.113.0/scalable/mimetypes/small/64x64/text-x-hex.svg	pass	68567	11011	57556
svgs/oxygen-icons-5.113.0/scalable/mimetypes/small/64x64/text-x-install.svg	pass	227495	144699	82796
svgs/oxygen-icons-5.113.0/scalable/mimetypes/small/64x64/text-x-java.svg	pass	293713	100655	193058
svgs/oxygen-icons-5.113.0/scalable/mimetypes/small/64x64/text-x-katefilelist.svg	pass	244943	132749	112194
svgs/oxygen-icons-5.113.0/scalable/mimetypes/small/64x64/text-x-ldif.svg	pass	1033324	83333	949991
svgs/oxygen-icons-5.113.0/scalable/mimetypes/small/64x64/text-x-lilypond.svg	pass	129629	31351	98278
svgs/oxygen-icons-5.113.0/scalable/mimetypes/small/64x64/text-x-log.svg	pass	185042	124507	60535
svgs/oxygen-icons-5.113.0/scalable/mimetypes/small/64x64/text-x-makefile.svg	pass	477119	168093	309026
svgs/oxygen-icons-5.113.0/scalable/mimetypes/small/64x64/text-x-nfo.svg	pass	222834	124985	97849
svgs/oxygen-icons-5.113.0/scalable/mimetypes/small/64x64/text-x-objchdr.svg	pass	98811	18349	80462
svgs/oxygen-icons-5.113.0/scalable/mimetypes/small/64x64/text-x-objcsrc.svg	pass	89735	22387	67348
svgs/oxygen-icons-5.113.0/scalable/mimetypes/small/64x64/text-x-pascal.svg	pass	2754532	2083247	671285
svgs/oxygen-icons-5.113.0/scalable/mimetypes/small/64x64/text-x-patch.svg	pass	253799	47959	205840
svgs/oxygen-icons-5.113.0/scalable/mimetypes/small/64x64/text-x-po.svg	pass	798258	524287	273971
svgs/oxygen-icons-5.113.0/scalable/mimetypes/small/64x64/text-x-python.svg	pass	144604	45157	99447
svgs/oxygen-icons-5.113.0/scalable/mimetypes/small/64x64/text-x-qml.svg	pass	89093	25934	63159
svgs/oxygen-icons-5.113.0/scalable/mimetypes/small/64x64/text-x-readme.svg	pass	981971	443598	538373
svgs/oxygen-icons-5.113.0/scalable/mimetypes/small/64x64/text-x-rpm-spec.svg	pass	130004	35036	94968
svgs/oxygen-icons-5.113.0/scalable/mimetypes/small/64x64/text-x-script.svg	pass	1950681	1075869	874812
svgs/oxygen-icons-5.113.0/scalable/mimetypes/small/64x64/text-x-sql.svg	pass	151710	40014	111696
svgs/oxygen-icons-5.113.0/scalable/mimetypes/small/64x64/text-x-tex.svg	pass	66304	12601	53703
svgs/oxygen-icons-5.113.0/scalable/mimetypes/small/64x64/text-x-texinfo.svg	pass	364143	137649	226494
svgs/oxygen-icons-5.113.0/scalable/mimetypes/small/64x64/text-x-vcard.svg	pass	558905	59464	499441
svgs/oxygen-icons-5.113.0/scalable/mimetypes/small/64x64/text-x-xslfo.svg	pass	1687126	604410	1082716
svgs/oxygen-icons-5.113.0/scalable/mimetypes/small/64x64/text-xmcd.svg	pass	184262	72890	111372
svgs/oxygen-icons-5.113.0/scalable/mimetypes/small/64x64/text-xml.svg	pass	122060	28783	93277
svgs/oxygen-icons-5.113.0/scalable/mimetypes/small/64x64/unknown.svg	pass	69442	12739	56703
svgs/oxygen-icons-5.113.0/scalable/mimetypes/small/64x64/uri-mms.svg	pass	1630181	785627	844554
svgs/oxygen-icons-5.113.0/scalable/mimetypes/small/64x64/uri-mmst.svg	pass	1630181	785627	844554
svgs/oxygen-icons-5.113.0/scalable/mimetypes/small/64x64/uri-mmsu.svg	pass	1630181	785627	844554
svgs/oxygen-icons-5.113.0/scalable/mimetypes/small/64x64/uri-pnm.svg	pass	1630181	785627	844554
svgs/oxygen-icons-5.113.0/scalable/mimetypes/small/64x64/uri-rtspt.svg	pass	1630181	785627	844554
svgs/oxygen-icons-5.113.0/scalable/mimetypes/small/64x64/uri-rtspu.svg	pass	1630181	785627	844554
svgs/oxygen-icons-5.113.0/scalable/mimetypes/small/64x64/video-x-generic.svg	pass	115962	33902	82060
svgs/oxygen-icons-5.113.0/scalable/mimetypes/small/64x64/x-kde-nsplugin-generated.svg	pass	150758	45587	105171
svgs/oxygen-icons-5.113.0/scalable/mimetypes/small/64x64/x-media-podcast.svg	pass	156041	32859	123182
svgs/oxygen-icons-5.113.0/scalable/mimetypes/small/64x64/x-office-address-book.svg	pass	3029842	2352614	677228
svgs/oxygen-icons-5.113.0/scalable/mimetypes/small/64x64/x-office-calendar.svg	pass	152209	38215	113994
svgs/oxygen-icons-5.113.0/scalable/mimetypes/small/64x64/x-office-document.svg	pass	638949	124265	514684
svgs/oxygen-icons-5.113.0/scalable/mimetypes/small/64x64/x-office-presentation.svg	pass	213612	32664	180948
svgs/oxygen-icons-5.113.0/scalable/mimetypes/small/64x64/x-office-spreadsheet.svg	pass	110842	21639	89203
svgs/oxygen-icons-5.113.0/scalable/mimetypes/text-calendar.svg	pass	147943	37978	109965
svgs/oxygen-icons-5.113.0/scalable/mimetypes/text-css.svg	pass	1922133	877999	1044134
svgs/oxygen-icons-5.113.0/scalable/mimetypes/text-csv.svg	pass	92981	27383	65598
svgs/oxygen-icons-5.113.0/scalable/mimetypes/text-directory.svg	pass	592089	58017	534072
svgs/oxygen-icons-5.113.0/scalable/mimetypes/text-enriched.svg	pass	332943	147696	185247
svgs/oxygen-icons-5.113.0/scalable/mimetypes/text-html.svg	pass	2233979	1122120	1111859
svgs/oxygen-icons-5.113.0/scalable/mimetypes/text-mathml.svg	pass	316511	150948	165563
svgs/oxygen-icons-5.113.0/scalable/mimetypes/text-plain.svg	pass	507293	259934	247359
svgs/oxygen-icons-5.113.0/scalable/mimetypes/text-rdf+xml.svg	pass	2651359	1418529	1232830
svgs/oxygen-icons-5.113.0/scalable/mimetypes/text-rdf.svg	pass	2651359	1418529	1232830
svgs/oxygen-icons-5.113.0/scalable/mimetypes/text-rtf.svg	pass	1530847	881760	649087
svgs/oxygen-icons-5.113.0/scalable/mimetypes/text-sgml.svg	pass	496236	215681	280555
svgs/oxygen-icons-5.113.0/scalable/mimetypes/text-troff.svg	pass	394417	159111	235306
svgs/oxygen-icons-5.113.0/scalable/mimetypes/text-vcalendar.svg	pass	190709	49909	140800
svgs/oxygen-icons-5.113.0/scalable/mimetypes/text-vnd.abc.svg	pass	285237	72883	212354
svgs/oxygen-icons-5.113.0/scalable/mimetypes/text-vnd.wap.wml.svg	pass	1685920	604006	1081914
svgs/oxygen-icons-5.113.0/scalable/mimetypes/text-x-adasrc.svg	pass	99786	26216	73570
svgs/oxygen-icons-5.113.0/scalable/mimetypes/text-x-authors.svg	pass	510291	221629	288662
svgs/oxygen-icons-5.113.0/scalable/mimetypes/text-x-bibtex.svg	pass	65498	14529	50969
svgs/oxygen-icons-5.113.0/scalable/mimetypes/text-x-c++hdr.svg	pass	102444	24544	77900
svgs/oxygen-icons-5.113.0/scalable/mimetypes/text-x-c++src.svg	pass	86892	22394	64498
svgs/oxygen-icons-5.113.0/scalable/mimetypes/text-x-changelog.svg	pass	507293	259934	247359
svgs/oxygen-icons-5.113.0/scalable/mimetypes/text-x-chdr.svg	pass	92946	18565	74381
svgs/oxygen-icons-5.113.0/scalable/mimetypes/text-x-cmake.svg	pass	561928	251769	310159
svgs/oxygen-icons-5.113.0/scalable/mimetypes/text-x-copying.svg	pass	623326	236234	387092
svgs/oxygen-icons-5.113.0/scalable/mimetypes/text-x-csharp.svg	pass	105828	34046	71782
svgs/oxygen-icons-5.113.0/scalable/mimetypes/text-x-csrc.svg	pass	84978	22485	62493
svgs/oxygen-icons-5.113.0/scalable/mimetypes/text-x-dtd.svg	pass	1685920	604006	1081914
svgs/oxygen-icons-5.113.0/scalable/mimetypes/text-x-generic.svg	pass	496236	215681	280555
svgs/oxygen-icons-5.113.0/scalable/mimetypes/text-x-haskell.svg	pass	392289	188709	203580
svgs/oxygen-icons-5.113.0/scalable/mimetypes/text-x-hex.svg	pass	66268	12270	53998
svgs/oxygen-icons-5.113.0/scalable/mimetypes/text-x-install.svg	pass	605088	241372	363716
svgs/oxygen-icons-5.113.0/scalable/mimetypes/text-x-java.svg	pass	283703	99894	183809
svgs/oxygen-icons-5.113.0/scalable/mimetypes/text-x-katefilelist.svg	pass	568691	231456	337235
svgs/oxygen-icons-5.113.0/scalable/mimetypes/text-x-ldif.svg	pass	1216331	190657	1025674
svgs/oxygen-icons-5.113.0/scalable/mimetypes/text-x-lilypond.svg	pass	559170	276094	283076
svgs/oxygen-icons-5.113.0/scalable/mimetypes/text-x-log.svg	pass	496226	215683	280543
svgs/oxygen-icons-5.113.0/scalable/mimetypes/text-x-makefile.svg	pass	475350	171766	303584
svgs/oxygen-icons-5.113.0/scalable/mimetypes/text-x-nfo.svg	pass	496236	215681	280555
svgs/oxygen-icons-5.113.0/scalable/mimetypes/text-x-objchdr.svg	pass	92946	18565	74381
svgs/oxygen-icons-5.113.0/scalable/mimetypes/text-x-objcsrc.svg	pass	84978	22485	62493
svgs/oxygen-icons-5.113.0/scalable/mimetypes/text-x-pascal.svg	pass	2750634	2083211	667423
svgs/oxygen-icons-5.113.0/scalable/mimetypes/text-x-patch.svg	pass	248802	47739	201063
svgs/oxygen-icons-5.113.0/scalable/mimetypes/text-x-po.svg	mismatch	794815	524278	270537
svgs/oxygen-icons-5.113.0/scalable/mimetypes/text-x-python.svg	pass	135953	44964	90989
svgs/oxygen-icons-5.113.0/scalable/mimetypes/text-x-qml.svg	pass	88313	26008	62305
svgs/oxygen-icons-5.113.0/scalable/mimetypes/text-x-readme.svg	pass	917051	427199	489852
svgs/oxygen-icons-5.113.0/scalable/mimetypes/text-x-rpm-spec.svg	pass	115997	34818	81179
svgs/oxygen-icons-5.113.0/scalable/mimetypes/text-x-script.svg	pass	2056462	1076332	980130
svgs/oxygen-icons-5.113.0/scalable/mimetypes/text-x-sql.svg	pass	148679	39885	108794
svgs/oxygen-icons-5.113.0/scalable/mimetypes/text-x-tcl.svg	pass	16800	8060	8740
svgs/oxygen-icons-5.113.0/scalable/mimetypes/text-x-tex.svg	pass	65498	14529	50969
svgs/oxygen-icons-5.113.0/scalable/mimetypes/text-x-texinfo.svg	pass	358990	137618	221372
svgs/oxygen-icons-5.113.0/scalable/mimetypes/text-x-vcard.svg	pass	553746	59283	494463
svgs/oxygen-icons-5.113.0/scalable/mimetypes/text-x-xslfo.svg	pass	1685920	604006	1081914
svgs/oxygen-icons-5.113.0/scalable/mimetypes/text-xmcd.svg	pass	172805	68185	104620
svgs/oxygen-icons-5.113.0/scalable/mimetypes/text-xml.svg	pass	117301	28946	88355
svgs/oxygen-icons-5.113.0/scalable/mimetypes/unknown.svg	pass	64890	12183	52707
svgs/oxygen-icons-5.113.0/scalable/mimetypes/uri-mms.svg	pass	1625357	785289	840068
svgs/oxygen-icons-5.113.0/scalable/mimetypes/uri-mmst.svg	pass	1625357	785289	840068
svgs/oxygen-icons-5.113.0/scalable/mimetypes/uri-mmsu.svg	pass	1625357	785289	840068
svgs/oxygen-icons-5.113.0/scalable/mimetypes/uri-pnm.svg	pass	1625357	785289	840068
svgs/oxygen-icons-5.113.0/scalable/mimetypes/uri-rtspt.svg	pass	1625357	785289	840068
svgs/oxygen-icons-5.113.0/scalable/mimetypes/uri-rtspu.svg	pass	1625357	785289	840068
svgs/oxygen-icons-5.113.0/scalable/mimetypes/video-x-generic.svg	pass	112565	33525	79040
svgs/oxygen-icons-5.113.0/scalable/mimetypes/video-x-mng.svg	pass	246742	155234	91508
svgs/oxygen-icons-5.113.0/scalable/mimetypes/x-kde-nsplugin-generated.svg	pass	145379	45450	99929
svgs/oxygen-icons-5.113.0/scalable/mimetypes/x-media-podcast.svg	pass	147640	33813	113827
svgs/oxygen-icons-5.113.0/scalable/mimetypes/x-office-address-book.svg	pass	3028464	2351920	676544
svgs/oxygen-icons-5.113.0/scalable/mimetypes/x-office-calendar.svg	pass	190709	49909	140800
svgs/oxygen-icons-5.113.0/scalable/mimetypes/x-office-contact.svg	pass	59246	33284	25962
svgs/oxygen-icons-5.113.0/scalable/mimetypes/x-office-document.svg	pass	210000	127240	82760
svgs/oxygen-icons-5.113.0/scalable/mimetypes/x-office-presentation.svg	pass	207440	36087	171353
svgs/oxygen-icons-5.113.0/scalable/mimetypes/x-office-spreadsheet.svg	pass	86189	22792	63397
svgs/oxygen-icons-5.113.0/scalable/object-rotate.svg	pass	40963	13806	27157
svgs/oxygen-icons-5.113.0/scalable/places/bookmarks.svg	pass	82731	42409	40322
svgs/oxygen-icons-5.113.0/scalable/places/certificate-server.svg	pass	1278438	547611	730827
svgs/oxygen-icons-5.113.0/scalable/places/document-multiple.svg	pass	59743	10868	48875
svgs/oxygen-icons-5.113.0/scalable/places/favorites.svg	pass	82731	42409	40322
svgs/oxygen-icons-5.113.0/scalable/places/folder-activities.svg	pass	182332	134286	48046
svgs/oxygen-icons-5.113.0/scalable/places/folder-black.svg	pass	354277	228877	125400
svgs/oxygen-icons-5.113.0/scalable/places/folder-blue.svg	pass	135970	121403	14567
svgs/oxygen-icons-5.113.0/scalable/places/folder-bookmark.svg	pass	157581	124489	33092
svgs/oxygen-icons-5.113.0/scalable/places/folder-brown.svg	pass	136491	121405	15086
svgs/oxygen-icons-5.113.0/scalable/places/folder-cyan.svg	pass	135872	121387	14485
svgs/oxygen-icons-5.113.0/scalable/places/folder-development.svg	pass	234001	169261	64740
svgs/oxygen-icons-5.113.0/scalable/places/folder-documents.svg	pass	312556	233674	78882
svgs/oxygen-icons-5.113.0/scalable/places/folder-downloads.svg	pass	158231	130613	27618
svgs/oxygen-icons-5.113.0/scalable/places/folder-favorites.svg	pass	228212	167435	60777
svgs/oxygen-icons-5.113.0/scalable/places/folder-games.svg	pass	202042	167627	34415
svgs/oxygen-icons-5.113.0/scalable/places/folder-green.svg	pass	135762	121355	14407
svgs/oxygen-icons-5.113.0/scalable/places/folder-grey.svg	pass	355208	229481	125727
svgs/oxygen-icons-5.113.0/scalable/places/folder-html.svg	pass	1081310	467125	614185
svgs/oxygen-icons-5.113.0/scalable/places/folder-image-people.svg	pass	828915	441270	387645
svgs/oxygen-icons-5.113.0/scalable/places/folder-image.svg	pass	725990	524120	201870
svgs/oxygen-icons-5.113.0/scalable/places/folder-important.svg	pass	206615	125987	80628
svgs/oxygen-icons-5.113.0/scalable/places/folder-locked.svg	pass	383951	258695	125256
svgs/oxygen-icons-5.113.0/scalable/places/folder-network.svg	pass	162755	133154	29601
svgs/oxygen-icons-5.113.0/scalable/places/folder-orange.svg	pass	136196	121401	14795
svgs/oxygen-icons-5.113.0/scalable/places/folder-print.svg	pass	182962	143310	39652
svgs/oxygen-icons-5.113.0/scalable/places/folder-red.svg	pass	1260094	232567	1027527
svgs/oxygen-icons-5.113.0/scalable/places/folder-remote.svg	pass	886692	459635	427057
svgs/oxygen-icons-5.113.0/scalable/places/folder-sound.svg	pass	182962	137049	45913
svgs/oxygen-icons-5.113.0/scalable/places/folder-tar.svg	pass	213877	133334	80543
svgs/oxygen-icons-5.113.0/scalable/places/folder-temp.svg	pass	139847	124110	15737
svgs/oxygen-icons-5.113.0/scalable/places/folder-txt.svg	pass	160509	132355	28154
svgs/oxygen-icons-5.113.0/scalable/places/folder-video.svg	pass	213640	137043	76597
svgs/oxygen-icons-5.113.0/scalable/places/folder-violet.svg	pass	136201	121395	14806
svgs/oxygen-icons-5.113.0/scalable/places/folder-yellow.svg	pass	138340	122748	15592
svgs/oxygen-icons-5.113.0/scalable/places/folder.svg	pass	135983	121353	14630
svgs/oxygen-icons-5.113.0/scalable/places/hidef/folder-black.svg	pass	475912	444860	31052
svgs/oxygen-icons-5.113.0/scalable/places/hidef/folder-blue.svg	pass	255145	122716	132429
svgs/oxygen-icons-5.113.0/scalable/places/hidef/folder-bookmark.svg	pass	285808	233265	52543
svgs/oxygen-icons-5.113.0/scalable/places/hidef/folder-brown.svg	pass	370705	122110	248595
svgs/oxygen-icons-5.113.0/scalable/places/hidef/folder-cyan.svg	pass	254050	122546	131504
svgs/oxygen-icons-5.113.0/scalable/places/hidef/folder-development.svg	pass	685130	289121	396009
svgs/oxygen-icons-5.113.0/scalable/places/hidef/folder-documents.svg	pass	248986	127542	121444
svgs/oxygen-icons-5.113.0/scalable/places/hidef/folder-downloads.svg	pass	431573	239141	192432
svgs/oxygen-icons-5.113.0/scalable/places/hidef/folder-favorites.svg	pass	349231	275829	73402
svgs/oxygen-icons-5.113.0/scalable/places/hidef/folder-green.svg	pass	256463	122711	133752
svgs/oxygen-icons-5.113.0/scalable/places/hidef/folder-grey.svg	pass	595573	230738	364835
svgs/oxygen-icons-5.113.0/scalable/places/hidef/folder-html.svg	pass	1215287	580776	634511
svgs/oxygen-icons-5.113.0/scalable/places/hidef/folder-image-people.svg	pass	825495	439408	386087
svgs/oxygen-icons-5.113.0/scalable/places/hidef/folder-image.svg	pass	951000	527492	423508
svgs/oxygen-icons-5.113.0/scalable/places/hidef/folder-important.svg	pass	444391	127701	316690
svgs/oxygen-icons-5.113.0/scalable/places/hidef/folder-locked.svg	pass	620018	259723	360295
svgs/oxygen-icons-5.113.0/scalable/places/hidef/folder-network.svg	pass	400947	135238	265709
svgs/oxygen-icons-5.113.0/scalable/places/hidef/folder-orange.svg	pass	252566	122210	130356
svgs/oxygen-icons-5.113.0/scalable/places/hidef/folder-print.svg	pass	178109	142065	36044
svgs/oxygen-icons-5.113.0/scalable/places/hidef/folder-red.svg	pass	1951223	230294	1720929
svgs/oxygen-icons-5.113.0/scalable/places/hidef/folder-remote.svg	pass	894294	568131	326163
svgs/oxygen-icons-5.113.0/scalable/places/hidef/folder-sound.svg	pass	326355	244310	82045
svgs/oxygen-icons-5.113.0/scalable/places/hidef/folder-tar.svg	pass	828055	243044	585011
svgs/oxygen-icons-5.113.0/scalable/places/hidef/folder-temp.svg	pass	377297	233158	144139
svgs/oxygen-icons-5.113.0/scalable/places/hidef/folder-txt.svg	pass	296631	255375	41256
svgs/oxygen-icons-5.113.0/scalable/places/hidef/folder-video.svg	pass	231761	138927	92834
svgs/oxygen-icons-5.113.0/scalable/places/hidef/folder-violet.svg	pass	256273	122763	133510
svgs/oxygen-icons-5.113.0/scalable/places/hidef/folder-yellow.svg	pass	248409	122809	125600
svgs/oxygen-icons-5.113.0/scalable/places/hidef/folder.svg	pass	137394	122664	14730
svgs/oxygen-icons-5.113.0/scalable/places/hidef/mail-folder-sent.svg	pass	494916	132482	362434
svgs/oxygen-icons-5.113.0/scalable/places/hidef/mail-message.svg	pass	234315	5936	228379
svgs/oxygen-icons-5.113.0/scalable/places/hidef/network-server-database.svg	pass	282163	35760	246403
svgs/oxygen-icons-5.113.0/scalable/places/hidef/network-server.svg	pass	726192	224927	501265
svgs/oxygen-icons-5.113.0/scalable/places/hidef/network-workgroup.svg	pass	1334275	457596	876679
svgs/oxygen-icons-5.113.0/scalable/places/hidef/server-database.svg	pass	273939	24010	249929
svgs/oxygen-icons-5.113.0/scalable/places/hidef/user-home.svg	pass	266506	232550	33956
svgs/oxygen-icons-5.113.0/scalable/places/hidef/user-trash.svg	pass	60800	18104	42696
svgs/oxygen-icons-5.113.0/scalable/places/kmag.svg	pass	1097232	201188	896044
svgs/oxygen-icons-5.113.0/scalable/places/mail-folder-inbox.svg	pass	44892	12289	32603
svgs/oxygen-icons-5.113.0/scalable/places/mail-folder-outbox.svg	pass	74835	13839	60996
svgs/oxygen-icons-5.113.0/scalable/places/mail-folder-sent.svg	pass	261709	129763	131946
svgs/oxygen-icons-5.113.0/scalable/places/mail-message.svg	pass	233717	5851	227866
svgs/oxygen-icons-5.113.0/scalable/places/network-server-database.svg	pass	282213	35756	246457
svgs/oxygen-icons-5.113.0/scalable/places/network-server.svg	pass	375146	233652	141494
svgs/oxygen-icons-5.113.0/scalable/places/network-workgroup.svg	pass	983869	456537	527332
svgs/oxygen-icons-5.113.0/scalable/places/repository.svg	pass	1286273	667890	618383
svgs/oxygen-icons-5.113.0/scalable/places/server-database.svg	pass	273987	24011	249976
svgs/oxygen-icons-5.113.0/scalable/places/small/16x16/bookmarks.svg	pass	112992	53781	59211
svgs/oxygen-icons-5.113.0/scalable/places/small/16x16/certificate-server.svg	pass	918250	384172	534078
svgs/oxygen-icons-5.113.0/scalable/places/small/16x16/document-multiple.svg	pass	187764	7057	180707
svgs/oxygen-icons-5.113.0/scalable/places/small/16x16/folder-activities.svg	pass	270474	128783	141691
svgs/oxygen-icons-5.113.0/scalable/places/small/16x16/folder-black.svg	pass	68483	7888	60595
svgs/oxygen-icons-5.113.0/scalable/places/small/16x16/folder-blue.svg	pass	184072	8457	175615
svgs/oxygen-icons-5.113.0/scalable/places/small/16x16/folder-bookmark.svg	pass	369406	226630	142776
svgs/oxygen-icons-5.113.0/scalable/places/small/16x16/folder-development.svg	pass	254984	149788	105196
svgs/oxygen-icons-5.113.0/scalable/places/small/16x16/folder-documents.svg	pass	251200	124352	126848
svgs/oxygen-icons-5.113.0/scalable/places/small/16x16/folder-downloads.svg	pass	76303	8583	67720
svgs/oxygen-icons-5.113.0/scalable/places/small/16x16/folder-favorites.svg	pass	170944	141294	29650
svgs/oxygen-icons-5.113.0/scalable/places/small/16x16/folder-green.svg	pass	73524	6762	66762
svgs/oxygen-icons-5.113.0/scalable/places/small/16x16/folder-grey.svg	pass	82173	8581	73592
svgs/oxygen-icons-5.113.0/scalable/places/small/16x16/folder-html.svg	pass	824178	354699	469479
svgs/oxygen-icons-5.113.0/scalable/places/small/16x16/folder-image-people.svg	pass	831180	441877	389303
svgs/oxygen-icons-5.113.0/scalable/places/small/16x16/folder-image.svg	pass	365425	156508	208917
svgs/oxygen-icons-5.113.0/scalable/places/small/16x16/folder-important.svg	pass	142185	12952	129233
svgs/oxygen-icons-5.113.0/scalable/places/small/16x16/folder-locked.svg	pass	415421	8621	406800
svgs/oxygen-icons-5.113.0/scalable/places/small/16x16/folder-network.svg	pass	577218	127854	449364
svgs/oxygen-icons-5.113.0/scalable/places/small/16x16/folder-orange.svg	pass	642323	7479	634844
svgs/oxygen-icons-5.113.0/scalable/places/small/16x16/folder-red.svg	pass	79187	8616	70571
svgs/oxygen-icons-5.113.0/scalable/places/small/16x16/folder-remote.svg	pass	1822934	561645	1261289
svgs/oxygen-icons-5.113.0/scalable/places/small/16x16/folder-sound.svg	pass	621463	232777	388686
svgs/oxygen-icons-5.113.0/scalable/places/small/16x16/folder-tar.svg	pass	92990	14953	78037
svgs/oxygen-icons-5.113.0/scalable/places/small/16x16/folder-temp.svg	pass	78230	9773	68457
svgs/oxygen-icons-5.113.0/scalable/places/small/16x16/folder-txt.svg	pass	505682	234673	271009
svgs/oxygen-icons-5.113.0/scalable/places/small/16x16/folder-video.svg	pass	423173	124304	298869
svgs/oxygen-icons-5.113.0/scalable/places/small/16x16/folder-violet.svg	pass	411619	7205	404414
svgs/oxygen-icons-5.113.0/scalable/places/small/16x16/folder-yellow.svg	pass	67745	7089	60656
svgs/oxygen-icons-5.113.0/scalable/places/small/16x16/folder.svg	pass	76737	8430	68307
svgs/oxygen-icons-5.113.0/scalable/places/small/16x16/mail-folder-inbox.svg	pass	40105	9092	31013
svgs/oxygen-icons-5.113.0/scalable/places/small/16x16/mail-folder-outbox.svg	pass	120512	12782	107730
svgs/oxygen-icons-5.113.0/scalable/places/small/16x16/mail-folder-sent.svg	pass	312704	120888	191816
svgs/oxygen-icons-5.113.0/scalable/places/small/16x16/mail-message.svg	pass	69671	4736	64935
svgs/oxygen-icons-5.113.0/scalable/places/small/16x16/server-database.svg	pass	86833	19961	66872
svgs/oxygen-icons-5.113.0/scalable/places/small/16x16/start-here-kde.svg	pass	24156	10094	14062
svgs/oxygen-icons-5.113.0/scalable/places/small/16x16/user-desktop.svg	pass	12436	6245	6191
svgs/oxygen-icons-5.113.0/scalable/places/small/16x16/user-home.svg	pass	128600	116108	12492
svgs/oxygen-icons-5.113.0/scalable/places/small/16x16/user-identity.svg	pass	17826	3590	14236
svgs/oxygen-icons-5.113.0/scalable/places/small/16x16/user-trash.svg	pass	60844	17988	42856
svgs/oxygen-icons-5.113.0/scalable/places/small/22x22/bookmarks.svg	pass	106190	50211	55979
svgs/oxygen-icons-5.113.0/scalable/places/small/22x22/certificate-server.svg	pass	947819	402051	545768
svgs/oxygen-icons-5.113.0/scalable/places/small/22x22/document-multiple.svg	pass	18865	6534	12331
svgs/oxygen-icons-5.113.0/scalable/places/small/22x22/folder-activities.svg	pass	164097	129518	34579
svgs/oxygen-icons-5.113.0/scalable/places/small/22x22/folder-black.svg	pass	696785	224410	472375
svgs/oxygen-icons-5.113.0/scalable/places/small/22x22/folder-blue.svg	pass	245257	116844	128413
svgs/oxygen-icons-5.113.0/scalable/places/small/22x22/folder-bookmark.svg	pass	137210	119930	17280
svgs/oxygen-icons-5.113.0/scalable/places/small/22x22/folder-brown.svg	pass	246197	116467	129730
svgs/oxygen-icons-5.113.0/scalable/places/small/22x22/folder-cyan.svg	pass	127391	116456	10935
svgs/oxygen-icons-5.113.0/scalable/places/small/22x22/folder-development.svg	pass	509591	151626	357965
svgs/oxygen-icons-5.113.0/scalable/places/small/22x22/folder-documents.svg	pass	144737	124635	20102
svgs/oxygen-icons-5.113.0/scalable/places/small/22x22/folder-downloads.svg	pass	282701	247109	35592
svgs/oxygen-icons-5.113.0/scalable/places/small/22x22/folder-favorites.svg	pass	299671	142025	157646
svgs/oxygen-icons-5.113.0/scalable/places/small/22x22/folder-green.svg	pass	480380	116622	363758
svgs/oxygen-icons-5.113.0/scalable/places/small/22x22/folder-grey.svg	pass	700540	224450	476090
svgs/oxygen-icons-5.113.0/scalable/places/small/22x22/folder-html.svg	pass	996185	467098	529087
svgs/oxygen-icons-5.113.0/scalable/places/small/22x22/folder-image-people.svg	pass	831313	441921	389392
svgs/oxygen-icons-5.113.0/scalable/places/small/22x22/folder-image.svg	pass	206883	158184	48699
svgs/oxygen-icons-5.113.0/scalable/places/small/22x22/folder-important.svg	pass	321297	121270	200027
svgs/oxygen-icons-5.113.0/scalable/places/small/22x22/folder-locked.svg	pass	661225	253752	407473
svgs/oxygen-icons-5.113.0/scalable/places/small/22x22/folder-network.svg	pass	512338	128837	383501
svgs/oxygen-icons-5.113.0/scalable/places/small/22x22/folder-orange.svg	pass	478201	116456	361745
svgs/oxygen-icons-5.113.0/scalable/places/small/22x22/folder-print.svg	pass	162417	131528	30889
svgs/oxygen-icons-5.113.0/scalable/places/small/22x22/folder-red.svg	pass	563868	224391	339477
svgs/oxygen-icons-5.113.0/scalable/places/small/22x22/folder-remote.svg	pass	1591781	454661	1137120
svgs/oxygen-icons-5.113.0/scalable/places/small/22x22/folder-sound.svg	pass	257770	125983	131787
svgs/oxygen-icons-5.113.0/scalable/places/small/22x22/folder-tar.svg	pass	806517	231007	575510
svgs/oxygen-icons-5.113.0/scalable/places/small/22x22/folder-temp.svg	pass	248683	119965	128718
svgs/oxygen-icons-5.113.0/scalable/places/small/22x22/folder-txt.svg	pass	274778	127971	146807
svgs/oxygen-icons-5.113.0/scalable/places/small/22x22/folder-video.svg	pass	539084	125639	413445
svgs/oxygen-icons-5.113.0/scalable/places/small/22x22/folder-violet.svg	pass	245280	116813	128467
svgs/oxygen-icons-5.113.0/scalable/places/small/22x22/folder-yellow.svg	pass	246891	116740	130151
svgs/oxygen-icons-5.113.0/scalable/places/small/22x22/folder.svg	pass	245747	116835	128912
svgs/oxygen-icons-5.113.0/scalable/places/small/22x22/mail-folder-inbox.svg	pass	76572	16423	60149
svgs/oxygen-icons-5.113.0/scalable/places/small/22x22/mail-folder-sent.svg	pass	198584	121544	77040
svgs/oxygen-icons-5.113.0/scalable/places/small/22x22/mail-message.svg	pass	70215	4739	65476
svgs/oxygen-icons-5.113.0/scalable/places/small/22x22/server-database.svg	pass	37358	20079	17279
svgs/oxygen-icons-5.113.0/scalable/places/small/22x22/start-here-kde.svg	pass	24756	10052	14704
svgs/oxygen-icons-5.113.0/scalable/places/small/22x22/user-desktop.svg	pass	198426	96110	102316
svgs/oxygen-icons-5.113.0/scalable/places/small/22x22/user-home.svg	pass	259510	225185	34325
svgs/oxygen-icons-5.113.0/scalable/places/small/22x22/user-identity.svg	pass	17912	3579	14333
svgs/oxygen-icons-5.113.0/scalable/places/small/22x22/user-trash.svg	pass	60862	18023	42839
svgs/oxygen-icons-5.113.0/scalable/places/small/32x32/certificate-server.svg	pass	1678713	478341	1200372
svgs/oxygen-icons-5.113.0/scalable/places/small/32x32/folder-activities.svg	pass	161520	133616	27904
svgs/oxygen-icons-5.113.0/scalable/places/small/32x32/folder-black.svg	pass	804554	227621	576933
svgs/oxygen-icons-5.113.0/scalable/places/small/32x32/folder-blue.svg	pass	369135	120016	249119
svgs/oxygen-icons-5.113.0/scalable/places/small/32x32/folder-bookmark.svg	pass	139465	123145	16320
svgs/oxygen-icons-5.113.0/scalable/places/small/32x32/folder-brown.svg	pass	132799	119569	13230
svgs/oxygen-icons-5.113.0/scalable/places/small/32x32/folder-cyan.svg	pass	133202	119938	13264
svgs/oxygen-icons-5.113.0/scalable/places/small/32x32/folder-development.svg	pass	258972	152797	106175
svgs/oxygen-icons-5.113.0/scalable/places/small/32x32/folder-documents.svg	pass	151394	127737	23657
svgs/oxygen-icons-5.113.0/scalable/places/small/32x32/folder-downloads.svg	pass	300638	129046	171592
svgs/oxygen-icons-5.113.0/scalable/places/small/32x32/folder-favorites.svg	pass	464339	165835	298504
svgs/oxygen-icons-5.113.0/scalable/places/small/32x32/folder-green.svg	pass	250238	120299	129939
svgs/oxygen-icons-5.113.0/scalable/places/small/32x32/folder-grey.svg	pass	351269	227962	123307
svgs/oxygen-icons-5.113.0/scalable/places/small/32x32/folder-html.svg	pass	783573	466612	316961
svgs/oxygen-icons-5.113.0/scalable/places/small/32x32/folder-image-people.svg	pass	839090	447112	391978
svgs/oxygen-icons-5.113.0/scalable/places/small/32x32/folder-image.svg	pass	209079	159277	49802
svgs/oxygen-icons-5.113.0/scalable/places/small/32x32/folder-important.svg	pass	449790	124480	325310
svgs/oxygen-icons-5.113.0/scalable/places/small/32x32/folder-locked.svg	pass	447889	256974	190915
svgs/oxygen-icons-5.113.0/scalable/places/small/32x32/folder-network.svg	pass	154834	131566	23268
svgs/oxygen-icons-5.113.0/scalable/places/small/32x32/folder-orange.svg	pass	249832	119875	129957
svgs/oxygen-icons-5.113.0/scalable/places/small/32x32/folder-print.svg	pass	176128	134623	41505
svgs/oxygen-icons-5.113.0/scalable/places/small/32x32/folder-red.svg	pass	242874	227977	14897
svgs/oxygen-icons-5.113.0/scalable/places/small/32x32/folder-remote.svg	pass	841285	457305	383980
svgs/oxygen-icons-5.113.0/scalable/places/small/32x32/folder-sound.svg	pass	585069	128657	456412
svgs/oxygen-icons-5.113.0/scalable/places/small/32x32/folder-tar.svg	pass	299126	126257	172869
svgs/oxygen-icons-5.113.0/scalable/places/small/32x32/folder-temp.svg	pass	136791	122492	14299
svgs/oxygen-icons-5.113.0/scalable/places/small/32x32/folder-txt.svg	pass	272690	131086	141604
svgs/oxygen-icons-5.113.0/scalable/places/small/32x32/folder-video.svg	pass	184431	135194	49237
svgs/oxygen-icons-5.113.0/scalable/places/small/32x32/folder-violet.svg	pass	133547	119970	13577
svgs/oxygen-icons-5.113.0/scalable/places/small/32x32/folder-yellow.svg	pass	366575	120301	246274
svgs/oxygen-icons-5.113.0/scalable/places/small/32x32/folder.svg	pass	133192	119997	13195
svgs/oxygen-icons-5.113.0/scalable/places/small/32x32/mail-folder-sent.svg	pass	203871	124662	79209
svgs/oxygen-icons-5.113.0/scalable/places/small/32x32/mail-message.svg	pass	66644	4222	62422
svgs/oxygen-icons-5.113.0/scalable/places/small/32x32/server-database.svg	pass	39289	20160	19129
svgs/oxygen-icons-5.113.0/scalable/places/small/32x32/user-home.svg	pass	139077	122616	16461
svgs/oxygen-icons-5.113.0/scalable/places/small/32x32/user-trash.svg	pass	61079	17957	43122
svgs/oxygen-icons-5.113.0/scalable/places/small/48x48/certificate-server.svg	pass	1276298	550687	725611
svgs/oxygen-icons-5.113.0/scalable/places/small/48x48/folder-activities.svg	pass	635582	133688	501894
svgs/oxygen-icons-5.113.0/scalable/places/small/48x48/folder-add.svg	pass	197715	125749	71966
svgs/oxygen-icons-5.113.0/scalable/places/small/48x48/folder-black.svg	pass	587486	120627	466859
svgs/oxygen-icons-5.113.0/scalable/places/small/48x48/folder-blue.svg	pass	372074	120994	251080
svgs/oxygen-icons-5.113.0/scalable/places/small/48x48/folder-bookmark.svg	pass	143294	125315	17979
svgs/oxygen-icons-5.113.0/scalable/places/small/48x48/folder-brown.svg	pass	135805	121313	14492
svgs/oxygen-icons-5.113.0/scalable/places/small/48x48/folder-cyan.svg	pass	252847	120575	132272
svgs/oxygen-icons-5.113.0/scalable/places/small/48x48/folder-development.svg	pass	547053	179741	367312
svgs/oxygen-icons-5.113.0/scalable/places/small/48x48/folder-documents.svg	pass	259309	132345	126964
svgs/oxygen-icons-5.113.0/scalable/places/small/48x48/folder-downloads.svg	pass	153768	130413	23355
svgs/oxygen-icons-5.113.0/scalable/places/small/48x48/folder-favorites.svg	pass	322452	167153	155299
svgs/oxygen-icons-5.113.0/scalable/places/small/48x48/folder-green.svg	pass	250543	121063	129480
svgs/oxygen-icons-5.113.0/scalable/places/small/48x48/folder-grey.svg	pass	370451	233326	137125
svgs/oxygen-icons-5.113.0/scalable/places/small/48x48/folder-html.svg	pass	889981	462465	427516
svgs/oxygen-icons-5.113.0/scalable/places/small/48x48/folder-image-people.svg	pass	830433	442386	388047
svgs/oxygen-icons-5.113.0/scalable/places/small/48x48/folder-image.svg	pass	605394	423106	182288
svgs/oxygen-icons-5.113.0/scalable/places/small/48x48/folder-important.svg	pass	408621	125824	282797
svgs/oxygen-icons-5.113.0/scalable/places/small/48x48/folder-locked.svg	pass	491083	258309	232774
svgs/oxygen-icons-5.113.0/scalable/places/small/48x48/folder-network.svg	pass	293664	133307	160357
svgs/oxygen-icons-5.113.0/scalable/places/small/48x48/folder-orange.svg	pass	483059	121331	361728
svgs/oxygen-icons-5.113.0/scalable/places/small/48x48/folder-print.svg	pass	243166	135794	107372
svgs/oxygen-icons-5.113.0/scalable/places/small/48x48/folder-red.svg	pass	585517	228949	356568
svgs/oxygen-icons-5.113.0/scalable/places/small/48x48/folder-remote.svg	pass	773183	459389	313794
svgs/oxygen-icons-5.113.0/scalable/places/small/48x48/folder-sound.svg	pass	217304	129945	87359
svgs/oxygen-icons-5.113.0/scalable/places/small/48x48/folder-tar.svg	pass	191679	133273	58406
svgs/oxygen-icons-5.113.0/scalable/places/small/48x48/folder-temp.svg	pass	137735	123022	14713
svgs/oxygen-icons-5.113.0/scalable/places/small/48x48/folder-txt.svg	pass	395908	239629	156279
svgs/oxygen-icons-5.113.0/scalable/places/small/48x48/folder-video.svg	pass	180294	138489	41805
svgs/oxygen-icons-5.113.0/scalable/places/small/48x48/folder-violet.svg	pass	253619	120845	132774
svgs/oxygen-icons-5.113.0/scalable/places/small/48x48/folder-yellow.svg	pass	251335	121464	129871
svgs/oxygen-icons-5.113.0/scalable/places/small/48x48/folder.svg	pass	134353	120947	13406
svgs/oxygen-icons-5.113.0/scalable/places/small/48x48/mail-folder-sent.svg	pass	202779	125494	77285
svgs/oxygen-icons-5.113.0/scalable/places/small/48x48/mail-message.svg	pass	65080	4092	60988
svgs/oxygen-icons-5.113.0/scalable/places/small/48x48/network-server-database.svg	pass	1522784	252663	1270121
svgs/oxygen-icons-5.113.0/scalable/places/small/48x48/network-workgroup.svg	pass	1367763	457104	910659
svgs/oxygen-icons-5.113.0/scalable/places/small/48x48/server-database.svg	pass	1516062	240716	1275346
svgs/oxygen-icons-5.113.0/scalable/places/small/48x48/user-home.svg	pass	138031	122814	15217
svgs/oxygen-icons-5.113.0/scalable/places/small/48x48/user-trash.svg	pass	64133	20612	43521
svgs/oxygen-icons-5.113.0/scalable/places/small/64x64/document-multiple.svg	pass	94290	10966	83324
svgs/oxygen-icons-5.113.0/scalable/places/small/64x64/folder-activities.svg	pass	179550	133993	45557
svgs/oxygen-icons-5.113.0/scalable/places/small/64x64/folder-black.svg	pass	472244	120734	351510
svgs/oxygen-icons-5.113.0/scalable/places/small/64x64/folder-blue.svg	pass	255368	120736	134632
svgs/oxygen-icons-5.113.0/scalable/places/small/64x64/folder-bookmark.svg	pass	141632	124193	17439
svgs/oxygen-icons-5.113.0/scalable/places/small/64x64/folder-brown.svg	pass	135108	120856	14252
svgs/oxygen-icons-5.113.0/scalable/places/small/64x64/folder-cyan.svg	pass	251462	120778	130684
svgs/oxygen-icons-5.113.0/scalable/places/small/64x64/folder-development.svg	pass	242087	179652	62435
svgs/oxygen-icons-5.113.0/scalable/places/small/64x64/folder-documents.svg	pass	176094	125694	50400
svgs/oxygen-icons-5.113.0/scalable/places/small/64x64/folder-downloads.svg	pass	154763	130270	24493
svgs/oxygen-icons-5.113.0/scalable/places/small/64x64/folder-favorites.svg	pass	213400	167055	46345
svgs/oxygen-icons-5.113.0/scalable/places/small/64x64/folder-green.svg	pass	368964	120564	248400
svgs/oxygen-icons-5.113.0/scalable/places/small/64x64/folder-grey.svg	pass	472185	229418	242767
svgs/oxygen-icons-5.113.0/scalable/places/small/64x64/folder-html.svg	pass	781570	463991	317579
svgs/oxygen-icons-5.113.0/scalable/places/small/64x64/folder-image-people.svg	pass	828937	441306	387631
svgs/oxygen-icons-5.113.0/scalable/places/small/64x64/folder-image.svg	pass	581892	416611	165281
svgs/oxygen-icons-5.113.0/scalable/places/small/64x64/folder-important.svg	pass	208204	125700	82504
svgs/oxygen-icons-5.113.0/scalable/places/small/64x64/folder-locked.svg	pass	379171	258233	120938
svgs/oxygen-icons-5.113.0/scalable/places/small/64x64/folder-network.svg	pass	182046	133238	48808
svgs/oxygen-icons-5.113.0/scalable/places/small/64x64/folder-orange.svg	pass	251204	120528	130676
svgs/oxygen-icons-5.113.0/scalable/places/small/64x64/folder-print.svg	pass	303654	143212	160442
svgs/oxygen-icons-5.113.0/scalable/places/small/64x64/folder-red.svg	pass	244520	228957	15563
svgs/oxygen-icons-5.113.0/scalable/places/small/64x64/folder-remote.svg	pass	773278	459372	313906
svgs/oxygen-icons-5.113.0/scalable/places/small/64x64/folder-sound.svg	pass	162572	135517	27055
svgs/oxygen-icons-5.113.0/scalable/places/small/64x64/folder-tar.svg	mismatch	191380	133186	58194
svgs/oxygen-icons-5.113.0/scalable/places/small/64x64/folder-temp.svg	pass	139965	124437	15528
svgs/oxygen-icons-5.113.0/scalable/places/small/64x64/folder-txt.svg	pass	156567	132130	24437
svgs/oxygen-icons-5.113.0/scalable/places/small/64x64/folder-video.svg	pass	204025	136930	67095
svgs/oxygen-icons-5.113.0/scalable/places/small/64x64/folder-violet.svg	pass	251061	120849	130212
svgs/oxygen-icons-5.113.0/scalable/places/small/64x64/folder-yellow.svg	pass	252254	121299	130955
svgs/oxygen-icons-5.113.0/scalable/places/small/64x64/folder.svg	pass	134602	120702	13900
svgs/oxygen-icons-5.113.0/scalable/places/small/64x64/mail-folder-sent.svg	pass	202920	125840	77080
svgs/oxygen-icons-5.113.0/scalable/places/small/64x64/mail-message.svg	pass	234028	5882	228146
svgs/oxygen-icons-5.113.0/scalable/places/small/64x64/network-server-database.svg	mismatch	833228	144022	689206
svgs/oxygen-icons-5.113.0/scalable/places/small/64x64/network-server.svg	pass	377035	229870	147165
svgs/oxygen-icons-5.113.0/scalable/places/small/64x64/network-workgroup.svg	pass	1118129	456583	661546
svgs/oxygen-icons-5.113.0/scalable/places/small/64x64/server-database.svg	mismatch	760194	132442	627752
svgs/oxygen-icons-5.113.0/scalable/places/small/64x64/user-home.svg	pass	142135	124571	17564
svgs/oxygen-icons-5.113.0/scalable/places/small/64x64/user-trash.svg	pass	60555	18054	42501
svgs/oxygen-icons-5.113.0/scalable/places/start-here-kde.svg	pass	20765	8265	12500
svgs/oxygen-icons-5.113.0/scalable/places/start-here.svg	pass	47385	12679	34706
svgs/oxygen-icons-5.113.0/scalable/places/user-desktop.svg	pass	228046	115193	112853
svgs/oxygen-icons-5.113.0/scalable/places/user-home.svg	pass	144510	124284	20226
svgs/oxygen-icons-5.113.0/scalable/places/user-identity.svg	pass	160309	27474	132835
svgs/oxygen-icons-5.113.0/scalable/places/user-trash.svg	pass	60534	18042	42492
svgs/oxygen-icons-5.113.0/scalable/special/small/16x16/zoom.svg	pass	14865	6917	7948
svgs/oxygen-icons-5.113.0/scalable/special/small/22x22/zoom.svg	pass	13959	6442	7517
svgs/oxygen-icons-5.113.0/scalable/status/audio-volume-high.svg	pass	15833	8192	7641
svgs/oxygen-icons-5.113.0/scalable/status/audio-volume-low.svg	pass	13859	7453	6406
svgs/oxygen-icons-5.113.0/scalable/status/audio-volume-medium.svg	pass	14149	7753	6396
svgs/oxygen-icons-5.113.0/scalable/status/audio-volume-muted.svg	pass	360017	20068	339949
svgs/oxygen-icons-5.113.0/scalable/status/battery-040.svg	pass	23215	11845	11370
svgs/oxygen-icons-5.113.0/scalable/status/battery-060.svg	pass	23943	12318	11625
svgs/oxygen-icons-5.113.0/scalable/status/battery-080.svg	pass	26502	12788	13714
svgs/oxygen-icons-5.113.0/scalable/status/battery-100.svg	pass	24109	11732	12377
svgs/oxygen-icons-5.113.0/scalable/status/battery-caution.svg	pass	22861	11575	11286
svgs/oxygen-icons-5.113.0/scalable/status/battery-charging-040.svg	pass	75952	14520	61432
svgs/oxygen-icons-5.113.0/scalable/status/battery-charging-060.svg	pass	76315	14992	61323
svgs/oxygen-icons-5.113.0/scalable/status/battery-charging-080.svg	pass	84149	15662	68487
svgs/oxygen-icons-5.113.0/scalable/status/battery-charging-caution.svg	pass	75597	14248	61349
svgs/oxygen-icons-5.113.0/scalable/status/battery-charging-low.svg	pass	60938	14784	46154
svgs/oxygen-icons-5.113.0/scalable/status/battery-charging.svg	pass	72776	16119	56657
svgs/oxygen-icons-5.113.0/scalable/status/battery-low.svg	pass	22487	11080	11407
svgs/oxygen-icons-5.113.0/scalable/status/battery-missing.svg	pass	132459	16443	116016
svgs/oxygen-icons-5.113.0/scalable/status/dialog-error.svg	pass	27367	10902	16465
svgs/oxygen-icons-5.113.0/scalable/status/dialog-information.svg	pass	118697	12334	106363
svgs/oxygen-icons-5.113.0/scalable/status/dialog-password.svg	pass	94091	47805	46286
svgs/oxygen-icons-5.113.0/scalable/status/dialog-warning.svg	pass	25838	10987	14851
svgs/oxygen-icons-5.113.0/scalable/status/folder-open.svg	pass	206571	4498	202073
svgs/oxygen-icons-5.113.0/scalable/status/hidef/user-trash-full.svg	pass	884366	139051	745315
svgs/oxygen-icons-5.113.0/scalable/status/image-loading.svg	pass	187318	56024	131294
svgs/oxygen-icons-5.113.0/scalable/status/image-missing.svg	pass	44737	15439	29298
svgs/oxygen-icons-5.113.0/scalable/status/mail-attachment.svg	pass	6647	2261	4386
svgs/oxygen-icons-5.113.0/scalable/status/mail-queued.svg	pass	29136	5714	23422
svgs/oxygen-icons-5.113.0/scalable/status/mail-read.svg	pass	107782	7704	100078
svgs/oxygen-icons-5.113.0/scalable/status/mail-replied.svg	pass	113671	8995	104676
svgs/oxygen-icons-5.113.0/scalable/status/mail-sent.svg	pass	30219	11498	18721
svgs/oxygen-icons-5.113.0/scalable/status/mail-tagged.svg	pass	27936	15414	12522
svgs/oxygen-icons-5.113.0/scalable/status/mail-task.svg	pass	62361	35620	26741
svgs/oxygen-icons-5.113.0/scalable/status/mail-unread-new.svg	pass	75588	9499	66089
svgs/oxygen-icons-5.113.0/scalable/status/mail-unread.svg	pass	33199	5245	27954
svgs/oxygen-icons-5.113.0/scalable/status/media-playlist-repeat.svg	pass	36777	15491	21286
svgs/oxygen-icons-5.113.0/scalable/status/media-playlist-shuffle.svg	pass	30655	16293	14362
svgs/oxygen-icons-5.113.0/scalable/status/object-locked.svg	pass	275209	181213	93996
svgs/oxygen-icons-5.113.0/scalable/status/object-unlocked.svg	pass	276159	181234	94925
svgs/oxygen-icons-5.113.0/scalable/status/printer-error.svg	pass	485216	283494	201722
svgs/oxygen-icons-5.113.0/scalable/status/printer-printing.svg	mismatch	479166	265007	214159
svgs/oxygen-icons-5.113.0/scalable/status/script-error.svg	pass	127095	58508	68587
svgs/oxygen-icons-5.113.0/scalable/status/security-high.svg	pass	22016	10800	11216
svgs/oxygen-icons-5.113.0/scalable/status/security-low.svg	pass	24309	11208	13101
svgs/oxygen-icons-5.113.0/scalable/status/security-medium.svg	pass	30801	11081	19720
svgs/oxygen-icons-5.113.0/scalable/status/small/16x16/audio-volume-high.svg	pass	21311	9164	12147
svgs/oxygen-icons-5.113.0/scalable/status/small/16x16/audio-volume-low.svg	pass	18543	7650	10893
svgs/oxygen-icons-5.113.0/scalable/status/small/16x16/audio-volume-medium.svg	pass	19905	8233	11672
svgs/oxygen-icons-5.113.0/scalable/status/small/16x16/audio-volume-muted.svg	pass	18562	7428	11134
svgs/oxygen-icons-5.113.0/scalable/status/small/16x16/battery-040.svg	pass	23215	11845	11370
svgs/oxygen-icons-5.113.0/scalable/status/small/16x16/battery-060.svg	pass	23943	12318	11625
svgs/oxygen-icons-5.113.0/scalable/status/small/16x16/battery-080.svg	pass	26502	12788	13714
svgs/oxygen-icons-5.113.0/scalable/status/small/16x16/battery-100.svg	pass	24109	11732	12377
svgs/oxygen-icons-5.113.0/scalable/status/small/16x16/battery-caution.svg	pass	22861	11575	11286
svgs/oxygen-icons-5.113.0/scalable/status/small/16x16/battery-charging-040.svg	pass	75952	14520	61432
svgs/oxygen-icons-5.113.0/scalable/status/small/16x16/battery-charging-060.svg	pass	76315	14992	61323
svgs/oxygen-icons-5.113.0/scalable/status/small/16x16/battery-charging-080.svg	pass	84149	15662	68487
svgs/oxygen-icons-5.113.0/scalable/status/small/16x16/battery-charging-caution.svg	pass	75597	14248	61349
svgs/oxygen-icons-5.113.0/scalable/status/small/16x16/battery-charging-low.svg	pass	60938	14784	46154
svgs/oxygen-icons-5.113.0/scalable/status/small/16x16/battery-low.svg	pass	22487	11080	11407
svgs/oxygen-icons-5.113.0/scalable/status/small/16x16/dialog-error.svg	pass	27232	11066	16166
svgs/oxygen-icons-5.113.0/scalable/status/small/16x16/dialog-information.svg	pass	107209	11420	95789
svgs/oxygen-icons-5.113.0/scalable/status/small/16x16/dialog-password.svg	pass	167498	48446	119052
svgs/oxygen-icons-5.113.0/scalable/status/small/16x16/dialog-warning.svg	pass	23422	9559	13863
svgs/oxygen-icons-5.113.0/scalable/status/small/16x16/folder-open.svg	pass	1076518	130808	945710
svgs/oxygen-icons-5.113.0/scalable/status/small/16x16/image-loading.svg	pass	186471	55312	131159
svgs/oxygen-icons-5.113.0/scalable/status/small/16x16/image-missing.svg	pass	201655	15538	186117
svgs/oxygen-icons-5.113.0/scalable/status/small/16x16/mail-attachment.svg	pass	5670	2175	3495
svgs/oxygen-icons-5.113.0/scalable/status/small/16x16/mail-queued.svg	pass	29141	5716	23425
svgs/oxygen-icons-5.113.0/scalable/status/small/16x16/mail-read.svg	pass	106463	7476	98987
svgs/oxygen-icons-5.113.0/scalable/status/small/16x16/mail-replied.svg	pass	18509	9253	9256
svgs/oxygen-icons-5.113.0/scalable/status/small/16x16/mail-unread-new.svg	pass	71962	9097	62865
svgs/oxygen-icons-5.113.0/scalable/status/small/16x16/mail-unread.svg	pass	32985	5388	27597
svgs/oxygen-icons-5.113.0/scalable/status/small/16x16/meeting-chair.svg	pass	86381	48764	37617
svgs/oxygen-icons-5.113.0/scalable/status/small/16x16/meeting-observer.svg	pass	264135	43620	220515
svgs/oxygen-icons-5.113.0/scalable/status/small/16x16/meeting-organizer.svg	pass	362980	157264	205716
svgs/oxygen-icons-5.113.0/scalable/status/small/16x16/meeting-participant-optional.svg	pass	88987	35345	53642
svgs/oxygen-icons-5.113.0/scalable/status/small/16x16/meeting-participant-reply.svg	pass	210434	146664	63770
svgs/oxygen-icons-5.113.0/scalable/status/small/16x16/meeting-participant.svg	pass	196767	138873	57894
svgs/oxygen-icons-5.113.0/scalable/status/small/16x16/object-locked.svg	pass	236546	149258	87288
svgs/oxygen-icons-5.113.0/scalable/status/small/16x16/object-unlocked.svg	pass	731595	480502	251093
svgs/oxygen-icons-5.113.0/scalable/status/small/16x16/security-high.svg	pass	17119	7479	9640
svgs/oxygen-icons-5.113.0/scalable/status/small/16x16/security-low.svg	pass	19987	8076	11911
svgs/oxygen-icons-5.113.0/scalable/status/small/16x16/security-medium.svg	pass	27611	7956	19655
svgs/oxygen-icons-5.113.0/scalable/status/small/16x16/task-accepted.svg	pass	42588	9023	33565
svgs/oxygen-icons-5.113.0/scalable/status/small/16x16/task-attempt.svg	pass	72463	5513	66950
svgs/oxygen-icons-5.113.0/scalable/status/small/16x16/task-attention.svg	pass	21501	10154	11347
svgs/oxygen-icons-5.113.0/scalable/status/small/16x16/task-complete.svg	pass	67681	5045	62636
svgs/oxygen-icons-5.113.0/scalable/status/small/16x16/task-delegate.svg	pass	55890	12476	43414
svgs/oxygen-icons-5.113.0/scalable/status/small/16x16/task-ongoing.svg	pass	44134	9641	34493
svgs/oxygen-icons-5.113.0/scalable/status/small/16x16/task-reject.svg	pass	78510	6536	71974
svgs/oxygen-icons-5.113.0/scalable/status/small/16x16/user-trash-full.svg	pass	292030	137759	154271
svgs/oxygen-icons-5.113.0/scalable/status/small/16x16/weather-freezing-rain.svg	pass	184007	88896	95111
svgs/oxygen-icons-5.113.0/scalable/status/small/16x16/window-suppressed.svg	pass	227865	22623	205242
svgs/oxygen-icons-5.113.0/scalable/status/small/22x22/audio-volume-high.svg	pass	10406	5193	5213
svgs/oxygen-icons-5.113.0/scalable/status/small/22x22/audio-volume-low.svg	pass	9822	4454	5368
svgs/oxygen-icons-5.113.0/scalable/status/small/22x22/audio-volume-medium.svg	pass	10115	4754	5361
svgs/oxygen-icons-5.113.0/scalable/status/small/22x22/audio-volume-muted.svg	pass	11429	4269	7160
svgs/oxygen-icons-5.113.0/scalable/status/small/22x22/battery-040.svg	pass	45919	18434	27485
svgs/oxygen-icons-5.113.0/scalable/status/small/22x22/battery-060.svg	pass	45919	18963	26956
svgs/oxygen-icons-5.113.0/scalable/status/small/22x22/battery-080.svg	pass	45918	19490	26428
svgs/oxygen-icons-5.113.0/scalable/status/small/22x22/battery-100.svg	pass	45918	20019	25899
svgs/oxygen-icons-5.113.0/scalable/status/small/22x22/battery-caution.svg	pass	45933	18768	27165
svgs/oxygen-icons-5.113.0/scalable/status/small/22x22/battery-charging-040.svg	pass	87487	11391	76096
svgs/oxygen-icons-5.113.0/scalable/status/small/22x22/battery-charging-060.svg	pass	87478	11912	75566
svgs/oxygen-icons-5.113.0/scalable/status/small/22x22/battery-charging-080.svg	pass	108653	12431	96222
svgs/oxygen-icons-5.113.0/scalable/status/small/22x22/battery-charging-caution.svg	pass	87516	11734	75782
svgs/oxygen-icons-5.113.0/scalable/status/small/22x22/battery-charging-low.svg	pass	87506	11203	76303
svgs/oxygen-icons-5.113.0/scalable/status/small/22x22/battery-charging.svg	pass	87469	12961	74508
svgs/oxygen-icons-5.113.0/scalable/status/small/22x22/battery-low.svg	pass	45928	18770	27158
svgs/oxygen-icons-5.113.0/scalable/status/small/22x22/battery-missing.svg	pass	433781	21335	412446
svgs/oxygen-icons-5.113.0/scalable/status/small/22x22/dialog-error.svg	pass	27287	11092	16195
svgs/oxygen-icons-5.113.0/scalable/status/small/22x22/dialog-information.svg	pass	44594	11391	33203
svgs/oxygen-icons-5.113.0/scalable/status/small/22x22/dialog-warning.svg	pass	25365	12502	12863
svgs/oxygen-icons-5.113.0/scalable/status/small/22x22/folder-open.svg	pass	144545	124576	19969
svgs/oxygen-icons-5.113.0/scalable/status/small/22x22/image-loading.svg	pass	187717	56055	131662
svgs/oxygen-icons-5.113.0/scalable/status/small/22x22/image-missing.svg	pass	41617	16254	25363
svgs/oxygen-icons-5.113.0/scalable/status/small/22x22/mail-attachment.svg	pass	5138	1973	3165
svgs/oxygen-icons-5.113.0/scalable/status/small/22x22/mail-queued.svg	pass	19580	5398	14182
svgs/oxygen-icons-5.113.0/scalable/status/small/22x22/mail-read.svg	pass	108098	8473	99625
svgs/oxygen-icons-5.113.0/scalable/status/small/22x22/mail-unread-new.svg	pass	76503	10024	66479
svgs/oxygen-icons-5.113.0/scalable/status/small/22x22/mail-unread.svg	pass	33244	5756	27488
svgs/oxygen-icons-5.113.0/scalable/status/small/22x22/meeting-chair.svg	pass	212943	145175	67768
svgs/oxygen-icons-5.113.0/scalable/status/small/22x22/meeting-observer.svg	pass	263415	47630	215785
svgs/oxygen-icons-5.113.0/scalable/status/small/22x22/meeting-organizer.svg	pass	212609	156976	55633
svgs/oxygen-icons-5.113.0/scalable/status/small/22x22/meeting-participant-optional.svg	pass	268423	39053	229370
svgs/oxygen-icons-5.113.0/scalable/status/small/22x22/meeting-participant-reply.svg	pass	401411	151164	250247
svgs/oxygen-icons-5.113.0/scalable/status/small/22x22/meeting-participant.svg	pass	195110	142773	52337
svgs/oxygen-icons-5.113.0/scalable/status/small/22x22/object-locked.svg	pass	263401	170174	93227
svgs/oxygen-icons-5.113.0/scalable/status/small/22x22/object-unlocked.svg	pass	259582	169206	90376
svgs/oxygen-icons-5.113.0/scalable/status/small/22x22/task-accepted.svg	pass	42947	9269	33678
svgs/oxygen-icons-5.113.0/scalable/status/small/22x22/task-attempt.svg	pass	69506	5897	63609
svgs/oxygen-icons-5.113.0/scalable/status/small/22x22/task-attention.svg	pass	21498	10122	11376
svgs/oxygen-icons-5.113.0/scalable/status/small/22x22/task-complete.svg	pass	79586	6546	73040
svgs/oxygen-icons-5.113.0/scalable/status/small/22x22/task-delegate.svg	pass	55936	13011	42925
svgs/oxygen-icons-5.113.0/scalable/status/small/22x22/task-ongoing.svg	pass	44367	9951	34416
svgs/oxygen-icons-5.113.0/scalable/status/small/22x22/task-reject.svg	pass	80061	6610	73451
svgs/oxygen-icons-5.113.0/scalable/status/small/22x22/user-trash-full.svg	pass	292089	137812	154277
svgs/oxygen-icons-5.113.0/scalable/status/small/22x22/weather-hail.svg	pass	578799	301283	277516
svgs/oxygen-icons-5.113.0/scalable/status/small/22x22/weather-showers-day.svg	mismatch	562171	209331	352840
svgs/oxygen-icons-5.113.0/scalable/status/small/22x22/weather-showers-night.svg	pass	1906817	1051735	855082
svgs/oxygen-icons-5.113.0/scalable/status/small/22x22/weather-showers.svg	pass	503776	169157	334619
svgs/oxygen-icons-5.113.0/scalable/status/small/22x22/weather-snow-rain.svg	pass	597070	188329	408741
svgs/oxygen-icons-5.113.0/scalable/status/small/22x22/weather-snow-scattered-day.svg	pass	451372	218723	232649
svgs/oxygen-icons-5.113.0/scalable/status/small/22x22/weather-snow-scattered-night.svg	pass	1928434	1061746	866688
svgs/oxygen-icons-5.113.0/scalable/status/small/22x22/weather-snow-scattered.svg	pass	460214	181281	278933
svgs/oxygen-icons-5.113.0/scalable/status/small/22x22/weather-snow.svg	pass	482181	190491	291690
svgs/oxygen-icons-5.113.0/scalable/status/small/22x22/window-suppressed.svg	pass	213822	22696	191126
svgs/oxygen-icons-5.113.0/scalable/status/small/32x32/dialog-information.svg	pass	118697	12334	106363
svgs/oxygen-icons-5.113.0/scalable/status/small/32x32/folder-open.svg	pass	341285	129140	212145
svgs/oxygen-icons-5.113.0/scalable/status/small/32x32/meeting-chair.svg	pass	212929	145214	67715
svgs/oxygen-icons-5.113.0/scalable/status/small/32x32/meeting-observer.svg	pass	263416	47613	215803
svgs/oxygen-icons-5.113.0/scalable/status/small/32x32/meeting-organizer.svg	pass	352092	157275	194817
svgs/oxygen-icons-5.113.0/scalable/status/small/32x32/meeting-participant-optional.svg	pass	105523	39228	66295
svgs/oxygen-icons-5.113.0/scalable/status/small/32x32/meeting-participant-reply.svg	pass	245668	153122	92546
svgs/oxygen-icons-5.113.0/scalable/status/small/32x32/meeting-participant.svg	pass	195092	142775	52317
svgs/oxygen-icons-5.113.0/scalable/status/small/32x32/task-accepted.svg	pass	46536	8984	37552
svgs/oxygen-icons-5.113.0/scalable/status/small/32x32/task-attempt.svg	pass	70453	5752	64701
svgs/oxygen-icons-5.113.0/scalable/status/small/32x32/task-attention.svg	pass	21455	10114	11341
svgs/oxygen-icons-5.113.0/scalable/status/small/32x32/task-complete.svg	pass	69783	6307	63476
svgs/oxygen-icons-5.113.0/scalable/status/small/32x32/task-delegate.svg	pass	55872	12965	42907
svgs/oxygen-icons-5.113.0/scalable/status/small/32x32/task-ongoing.svg	pass	53659	9952	43707
svgs/oxygen-icons-5.113.0/scalable/status/small/32x32/task-reject.svg	pass	79553	6827	72726
svgs/oxygen-icons-5.113.0/scalable/status/small/32x32/user-trash-full.svg	pass	291979	137732	154247
svgs/oxygen-icons-5.113.0/scalable/status/small/32x32/weather-clouds-night.svg	pass	1880062	1031407	848655
svgs/oxygen-icons-5.113.0/scalable/status/small/32x32/weather-clouds.svg	pass	410486	188949	221537
svgs/oxygen-icons-5.113.0/scalable/status/small/32x32/weather-freezing-rain.svg	pass	801699	93724	707975
svgs/oxygen-icons-5.113.0/scalable/status/small/32x32/weather-hail.svg	pass	578797	301301	277496
svgs/oxygen-icons-5.113.0/scalable/status/small/32x32/weather-showers-day.svg	mismatch	633815	209342	424473
svgs/oxygen-icons-5.113.0/scalable/status/small/32x32/weather-showers-night.svg	pass	1906804	1051741	855063
svgs/oxygen-icons-5.113.0/scalable/status/small/32x32/weather-showers-scattered-day.svg	pass	434902	205386	229516
svgs/oxygen-icons-5.113.0/scalable/status/small/32x32/weather-showers-scattered-night.svg	pass	1903041	1048084	854957
svgs/oxygen-icons-5.113.0/scalable/status/small/32x32/weather-showers-scattered.svg	pass	337259	167040	170219
svgs/oxygen-icons-5.113.0/scalable/status/small/32x32/weather-showers.svg	pass	343216	170987	172229
svgs/oxygen-icons-5.113.0/scalable/status/small/32x32/weather-snow-rain.svg	pass	592715	188343	404372
svgs/oxygen-icons-5.113.0/scalable/status/small/32x32/weather-snow-scattered-day.svg	pass	675958	219613	456345
svgs/oxygen-icons-5.113.0/scalable/status/small/32x32/weather-snow-scattered-night.svg	pass	1928401	1061773	866628
svgs/oxygen-icons-5.113.0/scalable/status/small/32x32/weather-snow-scattered.svg	pass	460866	181268	279598
svgs/oxygen-icons-5.113.0/scalable/status/small/32x32/weather-snow.svg	pass	493066	195112	297954
svgs/oxygen-icons-5.113.0/scalable/status/small/48x48/audio-volume-high.svg	pass	18497	8846	9651
svgs/oxygen-icons-5.113.0/scalable/status/small/48x48/audio-volume-low.svg	pass	18134	8107	10027
svgs/oxygen-icons-5.113.0/scalable/status/small/48x48/audio-volume-medium.svg	pass	18387	8407	9980
svgs/oxygen-icons-5.113.0/scalable/status/small/48x48/audio-volume-muted.svg	pass	377830	20380	357450
svgs/oxygen-icons-5.113.0/scalable/status/small/48x48/dialog-error.svg	pass	27247	10758	16489
svgs/oxygen-icons-5.113.0/scalable/status/small/48x48/dialog-information.svg	pass	43862	10941	32921
svgs/oxygen-icons-5.113.0/scalable/status/small/48x48/dialog-warning.svg	pass	25146	12065	13081
svgs/oxygen-icons-5.113.0/scalable/status/small/48x48/folder-open.svg	pass	378522	128999	249523
svgs/oxygen-icons-5.113.0/scalable/status/small/48x48/mail-queued.svg	pass	27998	5089	22909
svgs/oxygen-icons-5.113.0/scalable/status/small/48x48/meeting-chair.svg	pass	220983	144463	76520
svgs/oxygen-icons-5.113.0/scalable/status/small/48x48/meeting-observer.svg	pass	263369	47315	216054
svgs/oxygen-icons-5.113.0/scalable/status/small/48x48/meeting-organizer.svg	pass	234611	156650	77961
svgs/oxygen-icons-5.113.0/scalable/status/small/48x48/meeting-participant-optional.svg	pass	234588	40522	194066
svgs/oxygen-icons-5.113.0/scalable/status/small/48x48/meeting-participant-reply.svg	pass	343723	154749	188974
svgs/oxygen-icons-5.113.0/scalable/status/small/48x48/meeting-participant.svg	pass	211557	143817	67740
svgs/oxygen-icons-5.113.0/scalable/status/small/48x48/task-accepted.svg	pass	47461	8960	38501
svgs/oxygen-icons-5.113.0/scalable/status/small/48x48/task-attempt.svg	pass	64751	5733	59018
svgs/oxygen-icons-5.113.0/scalable/status/small/48x48/task-attention.svg	pass	21753	9992	11761
svgs/oxygen-icons-5.113.0/scalable/status/small/48x48/task-complete.svg	pass	83398	6508	76890
svgs/oxygen-icons-5.113.0/scalable/status/small/48x48/task-delegate.svg	pass	60664	12879	47785
svgs/oxygen-icons-5.113.0/scalable/status/small/48x48/task-ongoing.svg	pass	53535	9982	43553
svgs/oxygen-icons-5.113.0/scalable/status/small/48x48/task-reject.svg	pass	89695	6109	83586
svgs/oxygen-icons-5.113.0/scalable/status/small/48x48/user-trash-full.svg	pass	292909	137723	155186
svgs/oxygen-icons-5.113.0/scalable/status/small/64x64/user-trash-full.svg	pass	291481	137840	153641
svgs/oxygen-icons-5.113.0/scalable/status/update-high.svg	pass	17584	6805	10779
svgs/oxygen-icons-5.113.0/scalable/status/update-low.svg	pass	17751	7258	10493
svgs/oxygen-icons-5.113.0/scalable/status/update-medium.svg	pass	17598	6805	10793
svgs/oxygen-icons-5.113.0/scalable/status/update-none.svg	pass	15593	5623	9970
svgs/oxygen-icons-5.113.0/scalable/status/user-away-extended.svg	pass	14074	4881	9193
svgs/oxygen-icons-5.113.0/scalable/status/user-away.svg	pass	13075	4372	8703
svgs/oxygen-icons-5.113.0/scalable/status/user-busy.svg	mismatch	7160	2200	4960
svgs/oxygen-icons-5.113.0/scalable/status/user-invisible.svg	pass	8548	3417	5131
svgs/oxygen-icons-5.113.0/scalable/status/user-offline.svg	pass	6435	2396	4039
svgs/oxygen-icons-5.113.0/scalable/status/user-online.svg	mismatch	5633	1989	3644
svgs/oxygen-icons-5.113.0/scalable/status/user-trash-full.svg	pass	291324	137826	153498
svgs/oxygen-icons-5.113.0/scalable/status/wallet-closed.svg	pass	7286	2781	4505
svgs/oxygen-icons-5.113.0/scalable/status/wallet-open.svg	pass	9902	5110	4792
svgs/oxygen-icons-5.113.0/scalable/status/weather-clear-night.svg	pass	1607224	881837	725387
svgs/oxygen-icons-5.113.0/scalable/status/weather-clear.svg	pass	67144	38588	28556
svgs/oxygen-icons-5.113.0/scalable/status/weather-clouds-night.svg	pass	1847482	1015349	832133
svgs/oxygen-icons-5.113.0/scalable/status/weather-clouds.svg	pass	309383	172824	136559
svgs/oxygen-icons-5.113.0/scalable/status/weather-few-clouds-night.svg	pass	2457642	1329543	1128099
svgs/oxygen-icons-5.113.0/scalable/status/weather-few-clouds.svg	pass	905052	472285	432767
svgs/oxygen-icons-5.113.0/scalable/status/weather-freezing-rain.svg	pass	845637	123223	722414
svgs/oxygen-icons-5.113.0/scalable/status/weather-hail.svg	pass	420983	210446	210537
svgs/oxygen-icons-5.113.0/scalable/status/weather-many-clouds.svg	pass	709165	395384	313781
svgs/oxygen-icons-5.113.0/scalable/status/weather-mist.svg	pass	4173557	2260128	1913429
svgs/oxygen-icons-5.113.0/scalable/status/weather-none-available.svg	pass	13796	5165	8631
svgs/oxygen-icons-5.113.0/scalable/status/weather-showers-day.svg	pass	507897	293505	214392
svgs/oxygen-icons-5.113.0/scalable/status/weather-showers-night.svg	pass	2852706	1134582	1718124
svgs/oxygen-icons-5.113.0/scalable/status/weather-showers-scattered-day.svg	pass	485820	228889	256931
svgs/oxygen-icons-5.113.0/scalable/status/weather-showers-scattered-night.svg	pass	2007695	1072201	935494
svgs/oxygen-icons-5.113.0/scalable/status/weather-showers-scattered.svg	pass	421185	216906	204279
svgs/oxygen-icons-5.113.0/scalable/status/weather-showers.svg	pass	485471	252652	232819
svgs/oxygen-icons-5.113.0/scalable/status/weather-snow-rain.svg	pass	1087109	469811	617298
svgs/oxygen-icons-5.113.0/scalable/status/weather-snow-scattered-day.svg	pass	1357024	584392	772632
svgs/oxygen-icons-5.113.0/scalable/status/weather-snow-scattered-night.svg	pass	2564612	1426797	1137815
svgs/oxygen-icons-5.113.0/scalable/status/weather-snow-scattered.svg	pass	1063842	547522	516320
svgs/oxygen-icons-5.113.0/scalable/status/weather-snow.svg	pass	1870664	1034351	836313
svgs/oxygen-icons-5.113.0/scalable/status/weather-storm-day.svg	pass	3205033	1320128	1884905
svgs/oxygen-icons-5.113.0/scalable/status/weather-storm-night.svg	pass	4045289	2164064	1881225
svgs/oxygen-icons-5.113.0/scalable/status/weather-storm.svg	pass	2283553	1282610	1000943
svgs/oxygen-icons-5.113.0/scalable/status/window-suppressed.svg	pass	63071	15400	47671
svgs/oxygen-icons-5.113.0/scalable/text-formatting.svg	mismatch	609457	343702	265755