Name	Result	Orig Len	Opt Len	Reduction
svgs/W3C_SVG_11_TestSuite/svg/color-prof-01-f.svg	pass	3965	1348	2617
svgs/W3C_SVG_11_TestSuite/svg/color-prop-01-b.svg	pass	4128	1311	2817
svgs/W3C_SVG_11_TestSuite/svg/color-prop-02-f.svg	pass	6324	2181	4143
svgs/W3C_SVG_11_TestSuite/svg/color-prop-03-t.svg	pass	5422	1803	3619
svgs/W3C_SVG_11_TestSuite/svg/color-prop-04-t.svg	mismatch	5806	3203	2603
svgs/W3C_SVG_11_TestSuite/svg/color-prop-05-t.svg	pass	3175	821	2354
svgs/W3C_SVG_11_TestSuite/svg/conform-viewers-01-t.svg	pass	11052	2784	8268
svgs/W3C_SVG_11_TestSuite/svg/conform-viewers-02-f.svg	pass	4070	1916	2154
svgs/W3C_SVG_11_TestSuite/svg/conform-viewers-03-f.svg	pass	5484	2795	2689
svgs/W3C_SVG_11_TestSuite/svg/coords-coord-01-t.svg	pass	3619	995	2624
svgs/W3C_SVG_11_TestSuite/svg/coords-coord-02-t.svg	pass	3628	995	2633
svgs/W3C_SVG_11_TestSuite/svg/coords-dom-01-f.svg	pass	4300	2431	1869
svgs/W3C_SVG_11_TestSuite/svg/coords-dom-02-f.svg	pass	3595	1631	1964
svgs/W3C_SVG_11_TestSuite/svg/coords-dom-03-f.svg	pass	4904	2520	2384
svgs/W3C_SVG_11_TestSuite/svg/coords-dom-04-f.svg	pass	6387	1116	5271
svgs/W3C_SVG_11_TestSuite/svg/coords-trans-01-b.svg	pass	12864	3696	9168
svgs/W3C_SVG_11_TestSuite/svg/coords-trans-02-t.svg	pass	9961	1368	8593
svgs/W3C_SVG_11_TestSuite/svg/coords-trans-03-t.svg	pass	5473	1381	4092
svgs/W3C_SVG_11_TestSuite/svg/coords-trans-04-t.svg	pass	4908	1083	3825
svgs/W3C_SVG_11_TestSuite/svg/coords-trans-05-t.svg	pass	4953	1102	3851
svgs/W3C_SVG_11_TestSuite/svg/coords-trans-06-t.svg	pass	4192	1107	3085
svgs/W3C_SVG_11_TestSuite/svg/coords-trans-07-t.svg	pass	3913	1183	2730
svgs/W3C_SVG_11_TestSuite/svg/coords-trans-08-t.svg	pass	4128	1320	2808
svgs/W3C_SVG_11_TestSuite/svg/coords-trans-09-t.svg	pass	4892	1829	3063
svgs/W3C_SVG_11_TestSuite/svg/coords-trans-10-f.svg	pass	4346	1633	2713
svgs/W3C_SVG_11_TestSuite/svg/coords-trans-11-f.svg	pass	4354	1645	2709
svgs/W3C_SVG_11_TestSuite/svg/coords-trans-12-f.svg	pass	4405	1639	2766
svgs/W3C_SVG_11_TestSuite/svg/coords-trans-13-f.svg	pass	4286	1627	2659
svgs/W3C_SVG_11_TestSuite/svg/coords-trans-14-f.svg	pass	4458	1749	2709
svgs/W3C_SVG_11_TestSuite/svg/coords-transformattr-01-f.svg	pass	5001	1880	3121
svgs/W3C_SVG_11_TestSuite/svg/coords-transformattr-02-f.svg	pass	4527	1486	3041
svgs/W3C_SVG_11_TestSuite/svg/coords-transformattr-03-f.svg	pass	3794	1172	2622
svgs/W3C_SVG_11_TestSuite/svg/coords-transformattr-04-f.svg	pass	3551	1160	2391
svgs/W3C_SVG_11_TestSuite/svg/coords-transformattr-05-f.svg	pass	4382	1240	3142
svgs/W3C_SVG_11_TestSuite/svg/coords-units-01-b.svg	pass	11342	4084	7258
svgs/W3C_SVG_11_TestSuite/svg/coords-units-02-b.svg	pass	8314	1813	6501
svgs/W3C_SVG_11_TestSuite/svg/coords-units-03-b.svg	mismatch	9072	2217	6855
svgs/W3C_SVG_11_TestSuite/svg/coords-viewattr-01-b.svg	pass	8509	8391	118
svgs/W3C_SVG_11_TestSuite/svg/coords-viewattr-02-b.svg	pass	53178	50381	2797
svgs/W3C_SVG_11_TestSuite/svg/coords-viewattr-03-b.svg	pass	6064	3698	2366
svgs/W3C_SVG_11_TestSuite/svg/coords-viewattr-04-f.svg	pass	7005	4634	2371
svgs/W3C_SVG_11_TestSuite/svg/extend-namespace-01-f.svg	pass	8597	1845	6752
svgs/W3C_SVG_11_TestSuite/svg/filters-background-01-f.svg	pass	8484	3168	5316
svgs/W3C_SVG_11_TestSuite/svg/filters-blend-01-b.svg	pass	6769	3486	3283
svgs/W3C_SVG_11_TestSuite/svg/filters-color-01-b.svg	pass	6533	2970	3563
svgs/W3C_SVG_11_TestSuite/svg/filters-color-02-b.svg	pass	5593	1719	3874
svgs/W3C_SVG_11_TestSuite/svg/filters-composite-02-b.svg	pass	9284	5263	4021
svgs/W3C_SVG_11_TestSuite/svg/filters-composite-03-f.svg	pass	4521	2042	2479
svgs/W3C_SVG_11_TestSuite/svg/filters-composite-04-f.svg	pass	4314	2338	1976
svgs/W3C_SVG_11_TestSuite/svg/filters-comptran-01-b.svg	pass	6826	3109	3717
svgs/W3C_SVG_11_TestSuite/svg/filters-conv-01-f.svg	pass	6835	3548	3287
svgs/W3C_SVG_11_TestSuite/svg/filters-conv-02-f.svg	pass	4243	2031	2212
svgs/W3C_SVG_11_TestSuite/svg/filters-conv-03-f.svg	pass	5246	2746	2500
svgs/W3C_SVG_11_TestSuite/svg/filters-conv-04-f.svg	pass	8527	3140	5387
svgs/W3C_SVG_11_TestSuite/svg/filters-diffuse-01-f.svg	pass	8988	4234	4754
svgs/W3C_SVG_11_TestSuite/svg/filters-displace-01-f.svg	mismatch	7173	3120	4053
svgs/W3C_SVG_11_TestSuite/svg/filters-displace-02-f.svg	pass	5267	1800	3467
svgs/W3C_SVG_11_TestSuite/svg/filters-example-01-b.svg	pass	5037	1741	3296
svgs/W3C_SVG_11_TestSuite/svg/filters-felem-01-b.svg	pass	4743	1634	3109
svgs/W3C_SVG_11_TestSuite/svg/filters-felem-02-f.svg	pass	6255	3527	2728
svgs/W3C_SVG_11_TestSuite/svg/filters-gauss-01-b.svg	pass	4927	1553	3374
svgs/W3C_SVG_11_TestSuite/svg/filters-gauss-02-f.svg	pass	4010	1500	2510
svgs/W3C_SVG_11_TestSuite/svg/filters-gauss-03-f.svg	pass	3036	1117	1919
svgs/W3C_SVG_11_TestSuite/svg/filters-image-01-b.svg	pass	3094	1113	1981
svgs/W3C_SVG_11_TestSuite/svg/filters-image-02-b.svg	pass	3817	1436	2381
svgs/W3C_SVG_11_TestSuite/svg/filters-image-03-f.svg	pass	8286	2672	5614
svgs/W3C_SVG_11_TestSuite/svg/filters-image-04-f.svg	pass	6359	3043	3316
svgs/W3C_SVG_11_TestSuite/svg/filters-image-05-f.svg	pass	10170	5076	5094
svgs/W3C_SVG_11_TestSuite/svg/filters-light-01-f.svg	pass	11316	6088	5228
svgs/W3C_SVG_11_TestSuite/svg/filters-light-02-f.svg	pass	5061	2396	2665
svgs/W3C_SVG_11_TestSuite/svg/filters-light-03-f.svg	pass	6747	2993	3754
svgs/W3C_SVG_11_TestSuite/svg/filters-light-05-f.svg	pass	14645	7432	7213
svgs/W3C_SVG_11_TestSuite/svg/filters-morph-01-f.svg	pass	6101	2940	3161
svgs/W3C_SVG_11_TestSuite/svg/filters-offset-01-b.svg	pass	5516	1884	3632
svgs/W3C_SVG_11_TestSuite/svg/filters-offset-02-b.svg	pass	4148	2030	2118
svgs/W3C_SVG_11_TestSuite/svg/filters-overview-01-b.svg	pass	8871	4425	4446
svgs/W3C_SVG_11_TestSuite/svg/filters-overview-02-b.svg	pass	9644	5173	4471
svgs/W3C_SVG_11_TestSuite/svg/filters-overview-03-b.svg	pass	8962	4906	4056
svgs/W3C_SVG_11_TestSuite/svg/filters-specular-01-f.svg	pass	12017	5822	6195
svgs/W3C_SVG_11_TestSuite/svg/filters-tile-01-b.svg	pass	4736	1344	3392
svgs/W3C_SVG_11_TestSuite/svg/filters-turb-01-f.svg	pass	5779	2966	2813
svgs/W3C_SVG_11_TestSuite/svg/filters-turb-02-f.svg	pass	7575	4049	3526
svgs/W3C_SVG_11_TestSuite/svg/fonts-desc-01-t.svg	pass	5673	1143	4530
svgs/W3C_SVG_11_TestSuite/svg/fonts-desc-02-t.svg	pass	7873	1589	6284
svgs/W3C_SVG_11_TestSuite/svg/fonts-desc-03-t.svg	pass	6131	1154	4977
svgs/W3C_SVG_11_TestSuite/svg/fonts-desc-04-t.svg	pass	7704	1462	6242
svgs/W3C_SVG_11_TestSuite/svg/fonts-desc-05-t.svg	pass	7907	1930	5977
svgs/W3C_SVG_11_TestSuite/svg/fonts-elem-01-t.svg	pass	11660	5011	6649
svgs/W3C_SVG_11_TestSuite/svg/fonts-elem-02-t.svg	pass	13985	8067	5918
svgs/W3C_SVG_11_TestSuite/svg/fonts-elem-03-b.svg	pass	8679	5021	3658
svgs/W3C_SVG_11_TestSuite/svg/fonts-elem-04-b.svg	pass	8624	5334	3290
svgs/W3C_SVG_11_TestSuite/svg/fonts-elem-05-t.svg	pass	6873	2001	4872
svgs/W3C_SVG_11_TestSuite/svg/fonts-elem-06-t.svg	pass	5987	1598	4389
svgs/W3C_SVG_11_TestSuite/svg/fonts-elem-07-b.svg	pass	12091	7549	4542
svgs/W3C_SVG_11_TestSuite/svg/fonts-glyph-02-t.svg	pass	7417	928	6489
svgs/W3C_SVG_11_TestSuite/svg/fonts-glyph-03-t.svg	pass	4332	1133	3199
svgs/W3C_SVG_11_TestSuite/svg/fonts-glyph-04-t.svg	pass	3808	874	2934
svgs/W3C_SVG_11_TestSuite/svg/fonts-kern-01-t.svg	mismatch	14696	4524	10172
svgs/W3C_SVG_11_TestSuite/svg/fonts-overview-201-t.svg	pass	7027	1282	5745
svgs/W3C_SVG_11_TestSuite/svg/imp-path-01-f.svg	pass	2870	1174	1696
svgs/W3C_SVG_11_TestSuite/svg/interact-cursor-01-f.svg	pass	8733	3474	5259
svgs/W3C_SVG_11_TestSuite/svg/interact-dom-01-b.svg	pass	5967	2842	3125
svgs/W3C_SVG_11_TestSuite/svg/interact-events-01-b.svg	pass	6264	1911	4353
svgs/W3C_SVG_11_TestSuite/svg/interact-events-02-b.svg	pass	3816	1669	2147
svgs/W3C_SVG_11_TestSuite/svg/interact-events-202-f.svg	pass	4040	1637	2403
svgs/W3C_SVG_11_TestSuite/svg/interact-events-203-t.svg	pass	6589	2842	3747
svgs/W3C_SVG_11_TestSuite/svg/interact-order-01-b.svg	pass	4974	1724	3250
svgs/W3C_SVG_11_TestSuite/svg/interact-order-02-b.svg	pass	4738	1720	3018
svgs/W3C_SVG_11_TestSuite/svg/interact-order-03-b.svg	pass	4562	1716	2846
svgs/W3C_SVG_11_TestSuite/svg/interact-pevents-01-b.svg	mismatch	12139	8527	3612
svgs/W3C_SVG_11_TestSuite/svg/interact-pevents-03-b.svg	pass	12221	2004	10217
svgs/W3C_SVG_11_TestSuite/svg/interact-pevents-04-t.svg	pass	12416	2075	10341
svgs/W3C_SVG_11_TestSuite/svg/interact-pevents-05-b.svg	pass	9190	1436	7754
svgs/W3C_SVG_11_TestSuite/svg/interact-pevents-07-t.svg	pass	7310	4684	2626
svgs/W3C_SVG_11_TestSuite/svg/interact-pevents-08-f.svg	pass	14175	8951	5224
svgs/W3C_SVG_11_TestSuite/svg/interact-pevents-09-f.svg	pass	13782	8858	4924
svgs/W3C_SVG_11_TestSuite/svg/interact-pevents-10-f.svg	pass	3891	1387	2504
svgs/W3C_SVG_11_TestSuite/svg/interact-pointer-01-t.svg	pass	3991	1848	2143
svgs/W3C_SVG_11_TestSuite/svg/interact-pointer-02-t.svg	pass	3957	1842	2115
svgs/W3C_SVG_11_TestSuite/svg/interact-pointer-03-t.svg	pass	3868	1647	2221
svgs/W3C_SVG_11_TestSuite/svg/interact-pointer-04-f.svg	pass	4104	2019	2085
svgs/W3C_SVG_11_TestSuite/svg/interact-zoom-01-t.svg	pass	3656	1095	2561
svgs/W3C_SVG_11_TestSuite/svg/interact-zoom-02-t.svg	pass	3660	1107	2553
svgs/W3C_SVG_11_TestSuite/svg/interact-zoom-03-t.svg	pass	3719	1191	2528
svgs/W3C_SVG_11_TestSuite/svg/linking-a-01-b.svg	pass	4209	962	3247
svgs/W3C_SVG_11_TestSuite/svg/linking-a-03-b.svg	pass	4316	984	3332
svgs/W3C_SVG_11_TestSuite/svg/linking-a-04-t.svg	pass	6414	1448	4966
svgs/W3C_SVG_11_TestSuite/svg/linking-a-05-t.svg	pass	5740	1973	3767
svgs/W3C_SVG_11_TestSuite/svg/linking-a-07-t.svg	pass	5860	1910	3950
svgs/W3C_SVG_11_TestSuite/svg/linking-a-08-t.svg	pass	3214	1042	2172
svgs/W3C_SVG_11_TestSuite/svg/linking-a-09-b.svg	mismatch	3418	1194	2224
svgs/W3C_SVG_11_TestSuite/svg/linking-a-10-f.svg	pass	4392	1878	2514
svgs/W3C_SVG_11_TestSuite/svg/linking-frag-01-f.svg	pass	3761	1581	2180
svgs/W3C_SVG_11_TestSuite/svg/linking-uri-01-b.svg	pass	8847	2805	6042
svgs/W3C_SVG_11_TestSuite/svg/linking-uri-02-b.svg	pass	9537	2892	6645
svgs/W3C_SVG_11_TestSuite/svg/linking-uri-03-t.svg	pass	5464	1988	3476
svgs/W3C_SVG_11_TestSuite/svg/masking-filter-01-f.svg	pass	4003	1326	2677
svgs/W3C_SVG_11_TestSuite/svg/masking-intro-01-f.svg	pass	4354	1713	2641
svgs/W3C_SVG_11_TestSuite/svg/masking-mask-01-b.svg	pass	7247	2773	4474
svgs/W3C_SVG_11_TestSuite/svg/masking-mask-02-f.svg	pass	2805	887	1918
svgs/W3C_SVG_11_TestSuite/svg/masking-opacity-01-b.svg	pass	5995	2147	3848
svgs/W3C_SVG_11_TestSuite/svg/masking-path-01-b.svg	pass	5047	1550	3497
svgs/W3C_SVG_11_TestSuite/svg/masking-path-02-b.svg	pass	4541	1493	3048
svgs/W3C_SVG_11_TestSuite/svg/masking-path-03-b.svg	pass	6772	2188	4584
svgs/W3C_SVG_11_TestSuite/svg/masking-path-04-b.svg	pass	3995	1339	2656
svgs/W3C_SVG_11_TestSuite/svg/masking-path-05-f.svg	pass	4088	1313	2775
svgs/W3C_SVG_11_TestSuite/svg/masking-path-06-b.svg	pass	3862	1822	2040
svgs/W3C_SVG_11_TestSuite/svg/masking-path-07-b.svg	pass	6905	2230	4675
svgs/W3C_SVG_11_TestSuite/svg/masking-path-08-b.svg	pass	5760	2765	2995
svgs/W3C_SVG_11_TestSuite/svg/masking-path-09-b.svg	pass	3211	1327	1884
svgs/W3C_SVG_11_TestSuite/svg/masking-path-10-b.svg	pass	5544	2602	2942
svgs/W3C_SVG_11_TestSuite/svg/masking-path-11-b.svg	pass	3116	1084	2032
svgs/W3C_SVG_11_TestSuite/svg/masking-path-12-f.svg	pass	3855	1914	1941
svgs/W3C_SVG_11_TestSuite/svg/masking-path-13-f.svg	pass	2801	761	2040
svgs/W3C_SVG_11_TestSuite/svg/masking-path-14-f.svg	pass	4238	1171	3067
svgs/W3C_SVG_11_TestSuite/svg/metadata-example-01-t.svg	pass	21675	18152	3523
svgs/W3C_SVG_11_TestSuite/svg/painting-control-01-f.svg	pass	5238	2189	3049
svgs/W3C_SVG_11_TestSuite/svg/painting-control-02-f.svg	pass	3497	1128	2369
svgs/W3C_SVG_11_TestSuite/svg/painting-control-03-f.svg	pass	3400	994	2406
svgs/W3C_SVG_11_TestSuite/svg/painting-control-04-f.svg	pass	2939	930	2009
svgs/W3C_SVG_11_TestSuite/svg/painting-control-05-f.svg	pass	5839	1719	4120
svgs/W3C_SVG_11_TestSuite/svg/painting-control-06-f.svg	pass	3408	915	2493
svgs/W3C_SVG_11_TestSuite/svg/painting-fill-01-t.svg	pass	3551	1103	2448
svgs/W3C_SVG_11_TestSuite/svg/painting-fill-02-t.svg	pass	3711	1265	2446
svgs/W3C_SVG_11_TestSuite/svg/painting-fill-03-t.svg	pass	3488	1139	2349
svgs/W3C_SVG_11_TestSuite/svg/painting-fill-04-t.svg	pass	4352	1051	3301
svgs/W3C_SVG_11_TestSuite/svg/painting-fill-05-b.svg	pass	4502	1475	3027
svgs/W3C_SVG_11_TestSuite/svg/painting-marker-01-f.svg	pass	10160	2842	7318
svgs/W3C_SVG_11_TestSuite/svg/painting-marker-02-f.svg	pass	13254	4086	9168
svgs/W3C_SVG_11_TestSuite/svg/painting-marker-03-f.svg	pass	5040	2011	3029
svgs/W3C_SVG_11_TestSuite/svg/painting-marker-04-f.svg	pass	4984	1962	3022
svgs/W3C_SVG_11_TestSuite/svg/painting-marker-05-f.svg	pass	12550	8296	4254
svgs/W3C_SVG_11_TestSuite/svg/painting-marker-06-f.svg	pass	9894	2807	7087
svgs/W3C_SVG_11_TestSuite/svg/painting-marker-07-f.svg	pass	3322	1080	2242
svgs/W3C_SVG_11_TestSuite/svg/painting-marker-properties-01-f.svg	pass	4618	2014	2604
svgs/W3C_SVG_11_TestSuite/svg/painting-render-01-b.svg	pass	8956	4000	4956
svgs/W3C_SVG_11_TestSuite/svg/painting-render-02-b.svg	pass	4742	1714	3028
svgs/W3C_SVG_11_TestSuite/svg/painting-stroke-01-t.svg	pass	3899	1115	2784
svgs/W3C_SVG_11_TestSuite/svg/painting-stroke-02-t.svg	pass	3727	1182	2545
svgs/W3C_SVG_11_TestSuite/svg/painting-stroke-03-t.svg	pass	3758	1214	2544
svgs/W3C_SVG_11_TestSuite/svg/painting-stroke-04-t.svg	pass	3827	1280	2547
svgs/W3C_SVG_11_TestSuite/svg/painting-stroke-05-t.svg	pass	5369	2366	3003
svgs/W3C_SVG_11_TestSuite/svg/painting-stroke-06-t.svg	pass	4032	1324	2708
svgs/W3C_SVG_11_TestSuite/svg/painting-stroke-07-t.svg	pass	3855	1240	2615
svgs/W3C_SVG_11_TestSuite/svg/painting-stroke-08-t.svg	pass	4737	2153	2584
svgs/W3C_SVG_11_TestSuite/svg/painting-stroke-09-t.svg	pass	3245	872	2373
svgs/W3C_SVG_11_TestSuite/svg/painting-stroke-10-t.svg	pass	3559	1270	2289
svgs/W3C_SVG_11_TestSuite/svg/paths-data-01-t.svg	pass	11078	2589	8489
svgs/W3C_SVG_11_TestSuite/svg/paths-data-02-t.svg	pass	8577	2525	6052
svgs/W3C_SVG_11_TestSuite/svg/paths-data-03-f.svg	pass	8433	2300	6133
svgs/W3C_SVG_11_TestSuite/svg/paths-data-04-t.svg	pass	5482	1742	3740
svgs/W3C_SVG_11_TestSuite/svg/paths-data-05-t.svg	pass	5328	1665	3663
svgs/W3C_SVG_11_TestSuite/svg/paths-data-06-t.svg	pass	5520	1651	3869
svgs/W3C_SVG_11_TestSuite/svg/paths-data-07-t.svg	pass	5448	1655	3793
svgs/W3C_SVG_11_TestSuite/svg/paths-data-08-t.svg	pass	5355	1614	3741
svgs/W3C_SVG_11_TestSuite/svg/paths-data-09-t.svg	pass	5268	1485	3783
svgs/W3C_SVG_11_TestSuite/svg/paths-data-10-t.svg	pass	5896	2996	2900
svgs/W3C_SVG_11_TestSuite/svg/paths-data-12-t.svg	pass	3945	1134	2811
svgs/W3C_SVG_11_TestSuite/svg/paths-data-13-t.svg	pass	3149	852	2297
svgs/W3C_SVG_11_TestSuite/svg/paths-data-14-t.svg	pass	3628	993	2635
svgs/W3C_SVG_11_TestSuite/svg/paths-data-15-t.svg	pass	3555	999	2556
svgs/W3C_SVG_11_TestSuite/svg/paths-data-16-t.svg	pass	3273	1083	2190
svgs/W3C_SVG_11_TestSuite/svg/paths-data-17-f.svg	pass	3309	1019	2290
svgs/W3C_SVG_11_TestSuite/svg/paths-data-18-f.svg	pass	4726	2166	2560
svgs/W3C_SVG_11_TestSuite/svg/paths-data-19-f.svg	pass	5939	2358	3581
svgs/W3C_SVG_11_TestSuite/svg/paths-data-20-f.svg	pass	4243	1642	2601
svgs/W3C_SVG_11_TestSuite/svg/paths-dom-01-f.svg	pass	6828	4212	2616
svgs/W3C_SVG_11_TestSuite/svg/paths-dom-02-f.svg	pass	9645	7205	2440
svgs/W3C_SVG_11_TestSuite/svg/pservers-grad-01-b.svg	pass	3902	1256	2646
svgs/W3C_SVG_11_TestSuite/svg/pservers-grad-02-b.svg	pass	4696	1325	3371
svgs/W3C_SVG_11_TestSuite/svg/pservers-grad-03-b.svg	pass	4428	1345	3083
svgs/W3C_SVG_11_TestSuite/svg/pservers-grad-04-b.svg	pass	5034	1659	3375
svgs/W3C_SVG_11_TestSuite/svg/pservers-grad-05-b.svg	pass	5501	1766	3735
svgs/W3C_SVG_11_TestSuite/svg/pservers-grad-06-b.svg	pass	6668	1868	4800
svgs/W3C_SVG_11_TestSuite/svg/pservers-grad-07-b.svg	pass	5130	1258	3872
svgs/W3C_SVG_11_TestSuite/svg/pservers-grad-08-b.svg	pass	5472	1612	3860
svgs/W3C_SVG_11_TestSuite/svg/pservers-grad-09-b.svg	pass	6779	1477	5302
svgs/W3C_SVG_11_TestSuite/svg/pservers-grad-10-b.svg	pass	5644	1763	3881
svgs/W3C_SVG_11_TestSuite/svg/pservers-grad-11-b.svg	pass	7514	2276	5238
svgs/W3C_SVG_11_TestSuite/svg/pservers-grad-12-b.svg	pass	6758	2047	4711
svgs/W3C_SVG_11_TestSuite/svg/pservers-grad-13-b.svg	pass	9242	5843	3399
svgs/W3C_SVG_11_TestSuite/svg/pservers-grad-14-b.svg	pass	6443	3230	3213
svgs/W3C_SVG_11_TestSuite/svg/pservers-grad-15-b.svg	pass	3773	1129	2644
svgs/W3C_SVG_11_TestSuite/svg/pservers-grad-16-b.svg	pass	4408	1371	3037
svgs/W3C_SVG_11_TestSuite/svg/pservers-grad-17-b.svg	pass	5433	1962	3471
svgs/W3C_SVG_11_TestSuite/svg/pservers-grad-20-b.svg	pass	4961	1960	3001
svgs/W3C_SVG_11_TestSuite/svg/pservers-grad-21-b.svg	pass	6614	3270	3344
svgs/W3C_SVG_11_TestSuite/svg/pservers-grad-22-b.svg	pass	4269	1997	2272
svgs/W3C_SVG_11_TestSuite/svg/pservers-grad-23-f.svg	pass	3835	1266	2569
svgs/W3C_SVG_11_TestSuite/svg/pservers-grad-24-f.svg	pass	3598	1163	2435
svgs/W3C_SVG_11_TestSuite/svg/pservers-grad-stops-01-f.svg	pass	3846	1613	2233
svgs/W3C_SVG_11_TestSuite/svg/pservers-pattern-01-b.svg	pass	6524	2366	4158
svgs/W3C_SVG_11_TestSuite/svg/pservers-pattern-02-f.svg	pass	2939	964	1975
svgs/W3C_SVG_11_TestSuite/svg/pservers-pattern-03-f.svg	pass	4585	1872	2713
svgs/W3C_SVG_11_TestSuite/svg/pservers-pattern-04-f.svg	pass	3652	1141	2511
svgs/W3C_SVG_11_TestSuite/svg/pservers-pattern-05-f.svg	pass	3492	1322	2170
svgs/W3C_SVG_11_TestSuite/svg/pservers-pattern-06-f.svg	pass	3273	1068	2205
svgs/W3C_SVG_11_TestSuite/svg/pservers-pattern-07-f.svg	pass	3419	1442	1977
svgs/W3C_SVG_11_TestSuite/svg/pservers-pattern-08-f.svg	pass	3413	1381	2032
svgs/W3C_SVG_11_TestSuite/svg/pservers-pattern-09-f.svg	pass	3684	1420	2264
svgs/W3C_SVG_11_TestSuite/svg/render-elems-01-t.svg	pass	3337	978	2359
svgs/W3C_SVG_11_TestSuite/svg/render-elems-02-t.svg	pass	3403	1054	2349
svgs/W3C_SVG_11_TestSuite/svg/render-elems-03-t.svg	pass	3513	1062	2451
svgs/W3C_SVG_11_TestSuite/svg/render-elems-06-t.svg	pass	3658	1222	2436
svgs/W3C_SVG_11_TestSuite/svg/render-elems-07-t.svg	pass	3619	1239	2380
svgs/W3C_SVG_11_TestSuite/svg/render-elems-08-t.svg	pass	3684	1299	2385
svgs/W3C_SVG_11_TestSuite/svg/render-groups-01-b.svg	pass	6746	1585	5161
svgs/W3C_SVG_11_TestSuite/svg/render-groups-03-t.svg	pass	6038	1551	4487
svgs/W3C_SVG_11_TestSuite/svg/script-handle-01-b.svg	pass	4514	1629	2885
svgs/W3C_SVG_11_TestSuite/svg/script-handle-02-b.svg	pass	5731	2523	3208
svgs/W3C_SVG_11_TestSuite/svg/script-handle-03-b.svg	pass	5504	2279	3225
svgs/W3C_SVG_11_TestSuite/svg/script-handle-04-b.svg	pass	5585	2299	3286
svgs/W3C_SVG_11_TestSuite/svg/script-specify-01-f.svg	pass	3581	1550	2031
svgs/W3C_SVG_11_TestSuite/svg/script-specify-02-f.svg	pass	3614	1377	2237
svgs/W3C_SVG_11_TestSuite/svg/shapes-circle-01-t.svg	pass	3192	1173	2019
svgs/W3C_SVG_11_TestSuite/svg/shapes-circle-02-t.svg	pass	3235	895	2340
svgs/W3C_SVG_11_TestSuite/svg/shapes-ellipse-01-t.svg	pass	4439	1268	3171
svgs/W3C_SVG_11_TestSuite/svg/shapes-ellipse-02-t.svg	pass	3197	868	2329
svgs/W3C_SVG_11_TestSuite/svg/shapes-ellipse-03-f.svg	pass	3815	1002	2813
svgs/W3C_SVG_11_TestSuite/svg/shapes-grammar-01-f.svg	pass	3330	1078	2252
svgs/W3C_SVG_11_TestSuite/svg/shapes-intro-01-t.svg	pass	6517	1435	5082
svgs/W3C_SVG_11_TestSuite/svg/shapes-intro-02-f.svg	pass	4849	2167	2682
svgs/W3C_SVG_11_TestSuite/svg/shapes-line-01-t.svg	pass	4390	1488	2902
svgs/W3C_SVG_11_TestSuite/svg/shapes-line-02-f.svg	pass	2758	853	1905
svgs/W3C_SVG_11_TestSuite/svg/shapes-polygon-01-t.svg	pass	4842	1329	3513
svgs/W3C_SVG_11_TestSuite/svg/shapes-polygon-02-t.svg	pass	4184	1550	2634
svgs/W3C_SVG_11_TestSuite/svg/shapes-polygon-03-t.svg	pass	3159	1088	2071
svgs/W3C_SVG_11_TestSuite/svg/shapes-polyline-01-t.svg	pass	5435	1312	4123
svgs/W3C_SVG_11_TestSuite/svg/shapes-polyline-02-t.svg	pass	4328	1468	2860
svgs/W3C_SVG_11_TestSuite/svg/shapes-rect-01-t.svg	pass	4641	1338	3303
svgs/W3C_SVG_11_TestSuite/svg/shapes-rect-02-t.svg	pass	3380	941	2439
svgs/W3C_SVG_11_TestSuite/svg/shapes-rect-03-t.svg	pass	6546	3719	2827
svgs/W3C_SVG_11_TestSuite/svg/shapes-rect-04-f.svg	pass	3396	1041	2355
svgs/W3C_SVG_11_TestSuite/svg/shapes-rect-05-f.svg	pass	4015	1173	2842
svgs/W3C_SVG_11_TestSuite/svg/shapes-rect-06-f.svg	pass	3562	1308	2254
svgs/W3C_SVG_11_TestSuite/svg/shapes-rect-07-f.svg	pass	2921	1012	1909
svgs/W3C_SVG_11_TestSuite/svg/struct-cond-01-t.svg	pass	3230	967	2263
svgs/W3C_SVG_11_TestSuite/svg/struct-cond-02-t.svg	pass	24993	14477	10516
svgs/W3C_SVG_11_TestSuite/svg/struct-cond-03-t.svg	mismatch	4189	1355	2834
svgs/W3C_SVG_11_TestSuite/svg/struct-cond-overview-02-f.svg	pass	4062	1595	2467
svgs/W3C_SVG_11_TestSuite/svg/struct-cond-overview-03-f.svg	pass	3347	1239	2108
svgs/W3C_SVG_11_TestSuite/svg/struct-cond-overview-04-f.svg	pass	3443	1218	2225
svgs/W3C_SVG_11_TestSuite/svg/struct-cond-overview-05-f.svg	pass	3821	1499	2322
svgs/W3C_SVG_11_TestSuite/svg/struct-defs-01-t.svg	pass	3513	807	2706
svgs/W3C_SVG_11_TestSuite/svg/struct-dom-01-b.svg	pass	8647	3587	5060
svgs/W3C_SVG_11_TestSuite/svg/struct-dom-02-b.svg	pass	5409	2783	2626
svgs/W3C_SVG_11_TestSuite/svg/struct-dom-03-b.svg	pass	5426	2806	2620
svgs/W3C_SVG_11_TestSuite/svg/struct-dom-04-b.svg	pass	6246	3612	2634
svgs/W3C_SVG_11_TestSuite/svg/struct-dom-05-b.svg	pass	6229	3595	2634
svgs/W3C_SVG_11_TestSuite/svg/struct-dom-06-b.svg	pass	5048	2193	2855
svgs/W3C_SVG_11_TestSuite/svg/struct-dom-07-f.svg	pass	4499	2356	2143
svgs/W3C_SVG_11_TestSuite/svg/struct-dom-08-f.svg	pass	3546	1493	2053
svgs/W3C_SVG_11_TestSuite/svg/struct-dom-11-f.svg	pass	5653	3404	2249
svgs/W3C_SVG_11_TestSuite/svg/struct-dom-12-b.svg	pass	4324	1357	2967
svgs/W3C_SVG_11_TestSuite/svg/struct-dom-13-f.svg	pass	5400	3395	2005
svgs/W3C_SVG_11_TestSuite/svg/struct-dom-14-f.svg	pass	5211	1301	3910
svgs/W3C_SVG_11_TestSuite/svg/struct-dom-15-f.svg	pass	6660	1396	5264
svgs/W3C_SVG_11_TestSuite/svg/struct-dom-16-f.svg	pass	5992	3775	2217
svgs/W3C_SVG_11_TestSuite/svg/struct-dom-17-f.svg	pass	4712	2630	2082
svgs/W3C_SVG_11_TestSuite/svg/struct-dom-18-f.svg	pass	6931	4426	2505
svgs/W3C_SVG_11_TestSuite/svg/struct-dom-19-f.svg	pass	4342	2243	2099
svgs/W3C_SVG_11_TestSuite/svg/struct-dom-20-f.svg	pass	7282	1516	5766
svgs/W3C_SVG_11_TestSuite/svg/struct-frag-01-t.svg	pass	2438	537	1901
svgs/W3C_SVG_11_TestSuite/svg/struct-frag-02-t.svg	pass	3554	958	2596
svgs/W3C_SVG_11_TestSuite/svg/struct-frag-03-t.svg	pass	3611	931	2680
svgs/W3C_SVG_11_TestSuite/svg/struct-frag-04-t.svg	pass	3590	917	2673
svgs/W3C_SVG_11_TestSuite/svg/struct-frag-05-t.svg	pass	4942	1429	3513
svgs/W3C_SVG_11_TestSuite/svg/struct-frag-06-t.svg	pass	4767	1422	3345
svgs/W3C_SVG_11_TestSuite/svg/struct-group-01-t.svg	pass	4231	1087	3144
svgs/W3C_SVG_11_TestSuite/svg/struct-group-02-b.svg	pass	4436	1176	3260
svgs/W3C_SVG_11_TestSuite/svg/struct-group-03-t.svg	pass	12165	6271	5894
svgs/W3C_SVG_11_TestSuite/svg/struct-image-01-t.svg	pass	3289	998	2291
svgs/W3C_SVG_11_TestSuite/svg/struct-image-02-b.svg	pass	5000	1881	3119
svgs/W3C_SVG_11_TestSuite/svg/struct-image-03-t.svg	pass	3538	1294	2244
svgs/W3C_SVG_11_TestSuite/svg/struct-image-04-t.svg	pass	32937	30592	2345
svgs/W3C_SVG_11_TestSuite/svg/struct-image-05-b.svg	pass	3096	883	2213
svgs/W3C_SVG_11_TestSuite/svg/struct-image-06-t.svg	pass	5562	2005	3557
svgs/W3C_SVG_11_TestSuite/svg/struct-image-07-t.svg	pass	3932	1571	2361
svgs/W3C_SVG_11_TestSuite/svg/struct-image-08-t.svg	pass	3159	1169	1990
svgs/W3C_SVG_11_TestSuite/svg/struct-image-09-t.svg	pass	3161	1184	1977
svgs/W3C_SVG_11_TestSuite/svg/struct-image-10-t.svg	pass	3157	1163	1994
svgs/W3C_SVG_11_TestSuite/svg/struct-image-11-b.svg	pass	3607	1853	1754
svgs/W3C_SVG_11_TestSuite/svg/struct-image-12-b.svg	pass	3837	1506	2331
svgs/W3C_SVG_11_TestSuite/svg/struct-image-13-f.svg	pass	5522	2604	2918
svgs/W3C_SVG_11_TestSuite/svg/struct-image-14-f.svg	pass	5517	2600	2917
svgs/W3C_SVG_11_TestSuite/svg/struct-image-15-f.svg	pass	6635	2841	3794
svgs/W3C_SVG_11_TestSuite/svg/struct-image-16-f.svg	pass	2706	904	1802
svgs/W3C_SVG_11_TestSuite/svg/struct-image-17-b.svg	pass	3156	1237	1919
svgs/W3C_SVG_11_TestSuite/svg/struct-image-18-f.svg	pass	3152	1256	1896
svgs/W3C_SVG_11_TestSuite/svg/struct-image-19-f.svg	pass	3368	1340	2028
svgs/W3C_SVG_11_TestSuite/svg/struct-svg-01-f.svg	pass	4862	2818	2044
svgs/W3C_SVG_11_TestSuite/svg/struct-svg-02-f.svg	pass	6768	5046	1722
svgs/W3C_SVG_11_TestSuite/svg/struct-svg-03-f.svg	pass	3111	1324	1787
svgs/W3C_SVG_11_TestSuite/svg/struct-symbol-01-b.svg	pass	5049	1308	3741
svgs/W3C_SVG_11_TestSuite/svg/struct-use-01-t.svg	pass	5603	2602	3001
svgs/W3C_SVG_11_TestSuite/svg/struct-use-03-t.svg	pass	3756	1194	2562
svgs/W3C_SVG_11_TestSuite/svg/struct-use-04-b.svg	pass	3406	1175	2231
svgs/W3C_SVG_11_TestSuite/svg/struct-use-05-b.svg	pass	4910	1462	3448
svgs/W3C_SVG_11_TestSuite/svg/struct-use-06-b.svg	pass	3514	1298	2216
svgs/W3C_SVG_11_TestSuite/svg/struct-use-07-b.svg	pass	4399	1903	2496
svgs/W3C_SVG_11_TestSuite/svg/struct-use-08-b.svg	pass	3876	1707	2169
svgs/W3C_SVG_11_TestSuite/svg/struct-use-09-b.svg	pass	3852	1750	2102
svgs/W3C_SVG_11_TestSuite/svg/struct-use-12-f.svg	pass	5877	1765	4112
svgs/W3C_SVG_11_TestSuite/svg/struct-use-13-f.svg	pass	3834	1556	2278
svgs/W3C_SVG_11_TestSuite/svg/struct-use-14-f.svg	pass	3551	1622	1929
svgs/W3C_SVG_11_TestSuite/svg/struct-use-15-f.svg	pass	4024	1824	2200
svgs/W3C_SVG_11_TestSuite/svg/styling-class-01-f.svg	pass	3363	1060	2303
svgs/W3C_SVG_11_TestSuite/svg/styling-css-02-b.svg	pass	4137	1369	2768
svgs/W3C_SVG_11_TestSuite/svg/styling-css-03-b.svg	pass	5246	1553	3693
svgs/W3C_SVG_11_TestSuite/svg/styling-css-05-b.svg	pass	3815	1202	2613
svgs/W3C_SVG_11_TestSuite/svg/styling-css-06-b.svg	pass	29103	1650	27453
svgs/W3C_SVG_11_TestSuite/svg/styling-css-07-f.svg	pass	2899	792	2107
svgs/W3C_SVG_11_TestSuite/svg/styling-css-09-f.svg	pass	4404	1737	2667
svgs/W3C_SVG_11_TestSuite/svg/styling-css-10-f.svg	pass	3559	1430	2129
svgs/W3C_SVG_11_TestSuite/svg/styling-elem-01-b.svg	pass	3519	1241	2278
svgs/W3C_SVG_11_TestSuite/svg/styling-inherit-01-b.svg	pass	4258	1294	2964
svgs/W3C_SVG_11_TestSuite/svg/styling-pres-01-t.svg	pass	3395	970	2425
svgs/W3C_SVG_11_TestSuite/svg/styling-pres-02-f.svg	pass	9352	5016	4336
svgs/W3C_SVG_11_TestSuite/svg/styling-pres-03-f.svg	pass	2773	1041	1732
svgs/W3C_SVG_11_TestSuite/svg/styling-pres-05-f.svg	pass	3615	1761	1854
svgs/W3C_SVG_11_TestSuite/svg/svgdom-over-01-f.svg	pass	8040	6180	1860
svgs/W3C_SVG_11_TestSuite/svg/text-align-01-b.svg	pass	4138	1501	2637
svgs/W3C_SVG_11_TestSuite/svg/text-align-02-b.svg	pass	3974	1377	2597
svgs/W3C_SVG_11_TestSuite/svg/text-align-03-b.svg	pass	3996	1209	2787
svgs/W3C_SVG_11_TestSuite/svg/text-align-04-b.svg	pass	4939	1586	3353
svgs/W3C_SVG_11_TestSuite/svg/text-align-05-b.svg	pass	3981	1243	2738
svgs/W3C_SVG_11_TestSuite/svg/text-align-06-b.svg	pass	4743	1499	3244
svgs/W3C_SVG_11_TestSuite/svg/text-align-07-t.svg	pass	4698	1539	3159
svgs/W3C_SVG_11_TestSuite/svg/text-align-08-b.svg	pass	4808	1538	3270
svgs/W3C_SVG_11_TestSuite/svg/text-altglyph-01-b.svg	pass	6770	1928	4842
svgs/W3C_SVG_11_TestSuite/svg/text-altglyph-02-b.svg	pass	17278	11485	5793
svgs/W3C_SVG_11_TestSuite/svg/text-altglyph-03-b.svg	pass	18401	12562	5839
svgs/W3C_SVG_11_TestSuite/svg/text-bidi-01-t.svg	pass	3174	1196	1978
svgs/W3C_SVG_11_TestSuite/svg/text-deco-01-b.svg	pass	4100	1368	2732
svgs/W3C_SVG_11_TestSuite/svg/text-dom-01-f.svg	pass	13929	8110	5819
svgs/W3C_SVG_11_TestSuite/svg/text-dom-02-f.svg	pass	5572	2735	2837
svgs/W3C_SVG_11_TestSuite/svg/text-dom-03-f.svg	pass	5410	2766	2644
svgs/W3C_SVG_11_TestSuite/svg/text-dom-04-f.svg	pass	6746	4716	2030
svgs/W3C_SVG_11_TestSuite/svg/text-dom-05-f.svg	pass	7071	4339	2732
svgs/W3C_SVG_11_TestSuite/svg/text-fonts-01-t.svg	pass	5250	1615	3635
svgs/W3C_SVG_11_TestSuite/svg/text-fonts-02-t.svg	pass	4914	1560	3354
svgs/W3C_SVG_11_TestSuite/svg/text-fonts-03-t.svg	pass	7279	1438	5841
svgs/W3C_SVG_11_TestSuite/svg/text-fonts-04-t.svg	pass	4212	1432	2780
svgs/W3C_SVG_11_TestSuite/svg/text-fonts-05-f.svg	pass	2980	1126	1854
svgs/W3C_SVG_11_TestSuite/svg/text-fonts-202-t.svg	pass	5151	1670	3481
svgs/W3C_SVG_11_TestSuite/svg/text-fonts-203-t.svg	pass	6498	1684	4814
svgs/W3C_SVG_11_TestSuite/svg/text-fonts-204-t.svg	pass	6129	2832	3297
svgs/W3C_SVG_11_TestSuite/svg/text-intro-01-t.svg	pass	5081	1577	3504
svgs/W3C_SVG_11_TestSuite/svg/text-intro-02-b.svg	pass	4605	1736	2869
svgs/W3C_SVG_11_TestSuite/svg/text-intro-03-b.svg	pass	4721	1257	3464
svgs/W3C_SVG_11_TestSuite/svg/text-intro-04-t.svg	pass	4247	1516	2731
svgs/W3C_SVG_11_TestSuite/svg/text-intro-05-t.svg	pass	4109	1143	2966
svgs/W3C_SVG_11_TestSuite/svg/text-intro-06-t.svg	pass	4750	1301	3449
svgs/W3C_SVG_11_TestSuite/svg/text-intro-07-t.svg	pass	3219	991	2228
svgs/W3C_SVG_11_TestSuite/svg/text-intro-09-b.svg	pass	4677	1932	2745
svgs/W3C_SVG_11_TestSuite/svg/text-intro-10-f.svg	pass	4219	1364	2855
svgs/W3C_SVG_11_TestSuite/svg/text-intro-11-t.svg	pass	4700	1471	3229
svgs/W3C_SVG_11_TestSuite/svg/text-intro-12-t.svg	pass	4444	1566	2878
svgs/W3C_SVG_11_TestSuite/svg/text-path-01-b.svg	pass	4935	2328	2607
svgs/W3C_SVG_11_TestSuite/svg/text-path-02-b.svg	pass	4941	2255	2686
svgs/W3C_SVG_11_TestSuite/svg/text-spacing-01-b.svg	pass	3784	1086	2698
svgs/W3C_SVG_11_TestSuite/svg/text-text-01-b.svg	pass	10257	3275	6982
svgs/W3C_SVG_11_TestSuite/svg/text-text-03-b.svg	pass	5248	1617	3631
svgs/W3C_SVG_11_TestSuite/svg/text-text-04-t.svg	pass	11509	6530	4979
svgs/W3C_SVG_11_TestSuite/svg/text-text-05-t.svg	pass	8364	4669	3695
svgs/W3C_SVG_11_TestSuite/svg/text-text-06-t.svg	pass	7434	3180	4254
svgs/W3C_SVG_11_TestSuite/svg/text-text-07-t.svg	pass	4255	1105	3150
svgs/W3C_SVG_11_TestSuite/svg/text-text-08-b.svg	pass	3766	983	2783
svgs/W3C_SVG_11_TestSuite/svg/text-text-09-t.svg	pass	4579	1017	3562
svgs/W3C_SVG_11_TestSuite/svg/text-text-10-t.svg	pass	4553	2449	2104
svgs/W3C_SVG_11_TestSuite/svg/text-text-11-t.svg	pass	4903	2432	2471
svgs/W3C_SVG_11_TestSuite/svg/text-text-12-t.svg	pass	8863	5159	3704
svgs/W3C_SVG_11_TestSuite/svg/text-tref-01-b.svg	pass	3737	1218	2519
svgs/W3C_SVG_11_TestSuite/svg/text-tref-02-b.svg	pass	3698	1089	2609
svgs/W3C_SVG_11_TestSuite/svg/text-tref-03-b.svg	pass	3749	1288	2461
svgs/W3C_SVG_11_TestSuite/svg/text-tselect-01-b.svg	pass	4184	1539	2645
svgs/W3C_SVG_11_TestSuite/svg/text-tselect-02-f.svg	pass	6469	1873	4596
svgs/W3C_SVG_11_TestSuite/svg/text-tselect-03-f.svg	pass	6855	2036	4819
svgs/W3C_SVG_11_TestSuite/svg/text-tspan-01-b.svg	pass	6447	2397	4050
svgs/W3C_SVG_11_TestSuite/svg/text-tspan-02-b.svg	pass	6546	2319	4227
svgs/W3C_SVG_11_TestSuite/svg/text-ws-01-t.svg	pass	5664	1685	3979
svgs/W3C_SVG_11_TestSuite/svg/text-ws-02-t.svg	pass	5769	1757	4012
svgs/W3C_SVG_11_TestSuite/svg/text-ws-03-t.svg	pass	4026	1744	2282
svgs/W3C_SVG_11_TestSuite/svg/types-basic-01-f.svg	pass	3521	1237	2284
svgs/W3C_SVG_11_TestSuite/svg/types-basic-02-f.svg	pass	4451	1882	2569
svgs/W3C_SVG_11_TestSuite/svg/types-dom-01-b.svg	pass	6560	3644	2916
svgs/W3C_SVG_11_TestSuite/svg/types-dom-02-f.svg	pass	6180	3335	2845
svgs/W3C_SVG_11_TestSuite/svg/types-dom-03-b.svg	pass	3502	1476	2026
svgs/W3C_SVG_11_TestSuite/svg/types-dom-04-b.svg	pass	9585	6319	3266
svgs/W3C_SVG_11_TestSuite/svg/types-dom-05-b.svg	pass	5146	2936	2210
svgs/W3C_SVG_11_TestSuite/svg/types-dom-06-f.svg	pass	5190	1512	3678
svgs/W3C_SVG_11_TestSuite/svg/types-dom-07-f.svg	pass	6288	3529	2759
svgs/W3C_SVG_11_TestSuite/svg/types-dom-08-f.svg	pass	8417	6463	1954
svgs/W3C_SVG_11_TestSuite/svg/types-dom-svgfittoviewbox-01-f.svg	pass	4126	2373	1753
svgs/W3C_SVG_11_TestSuite/svg/types-dom-svglengthlist-01-f.svg	pass	4788	2784	2004
svgs/W3C_SVG_11_TestSuite/svg/types-dom-svgnumberlist-01-f.svg	pass	4799	2790	2009
svgs/W3C_SVG_11_TestSuite/svg/types-dom-svgstringlist-01-f.svg	pass	4628	2657	1971
svgs/W3C_SVG_11_TestSuite/svg/types-dom-svgtransformable-01-f.svg	pass	3830	2314	1516
svgs/oxygen-icons-5.113.0/scalable/actions/application-exit.svg	pass	36889	14242	22647
svgs/oxygen-icons-5.113.0/scalable/actions/appointment-new.svg	pass	89047	37186	51861
svgs/oxygen-icons-5.113.0/scalable/actions/arrow-down-double.svg	pass	38955	10171	28784
svgs/oxygen-icons-5.113.0/scalable/actions/arrow-down.svg	pass	35427	8191	27236
svgs/oxygen-icons-5.113.0/scalable/actions/arrow-left-double.svg	pass	38742	10007	28735
svgs/oxygen-icons-5.113.0/scalable/actions/arrow-left.svg	pass	35373	8031	27342
svgs/oxygen-icons-5.113.0/scalable/actions/arrow-right-double.svg	pass	42806	10156	32650
svgs/oxygen-icons-5.113.0/scalable/actions/arrow-right.svg	pass	35374	8118	27256
svgs/oxygen-icons-5.113.0/scalable/actions/arrow-up-double.svg	pass	38950	10223	28727
svgs/oxygen-icons-5.113.0/scalable/actions/arrow-up.svg	pass	35419	8192	27227
svgs/oxygen-icons-5.113.0/scalable/actions/bookmark-new-list.svg	pass	126573	52509	74064
svgs/oxygen-icons-5.113.0/scalable/actions/bookmark-new.svg	pass	29036	9563	19473
svgs/oxygen-icons-5.113.0/scalable/actions/bookmark-toolbar.svg	pass	93905	23139	70766
svgs/oxygen-icons-5.113.0/scalable/actions/call-start.svg	pass	43839	7956	35883
svgs/oxygen-icons-5.113.0/scalable/actions/call-stop.svg	pass	60538	7741	52797
svgs/oxygen-icons-5.113.0/scalable/actions/character-set.svg	pass	7814	3285	4529
svgs/oxygen-icons-5.113.0/scalable/actions/chronometer.svg	pass	152377	96035	56342
svgs/oxygen-icons-5.113.0/scalable/actions/configure-shortcuts.svg	pass	172156	27533	144623
svgs/oxygen-icons-5.113.0/scalable/actions/configure-toolbars.svg	pass	104914	36098	68816
svgs/oxygen-icons-5.113.0/scalable/actions/configure.svg	pass	177750	30156	147594
svgs/oxygen-icons-5.113.0/scalable/actions/contact-new.svg	pass	247470	116508	130962
svgs/oxygen-icons-5.113.0/scalable/actions/dashboard-show.svg	pass	251893	128386	123507
svgs/oxygen-icons-5.113.0/scalable/actions/dialog-cancel.svg	pass	32985	13129	19856
svgs/oxygen-icons-5.113.0/scalable/actions/dialog-close.svg	pass	12793	4366	8427
svgs/oxygen-icons-5.113.0/scalable/actions/dialog-ok-apply.svg	pass	19900	9070	10830
svgs/oxygen-icons-5.113.0/scalable/actions/dialog-ok.svg	pass	20670	9259	11411
svgs/oxygen-icons-5.113.0/scalable/actions/document-close.svg	pass	13577	8647	4930
svgs/oxygen-icons-5.113.0/scalable/actions/document-decrypt.svg	pass	276159	181234	94925
svgs/oxygen-icons-5.113.0/scalable/actions/document-edit.svg	pass	559805	17277	542528
svgs/oxygen-icons-5.113.0/scalable/actions/document-encrypt.svg	pass	275209	181207	94002
svgs/oxygen-icons-5.113.0/scalable/actions/document-new.svg	pass	18127	8093	10034
svgs/oxygen-icons-5.113.0/scalable/actions/document-open-recent.svg	pass	22278	9651	12627
svgs/oxygen-icons-5.113.0/scalable/actions/document-preview-archive.svg	pass	182972	34346	148626
svgs/oxygen-icons-5.113.0/scalable/actions/document-preview.svg	pass	135881	29678	106203
svgs/oxygen-icons-5.113.0/scalable/actions/document-print-direct.svg	pass	73592	31286	42306
svgs/oxygen-icons-5.113.0/scalable/actions/document-print-frame.svg	pass	364728	23434	341294
svgs/oxygen-icons-5.113.0/scalable/actions/document-print-preview.svg	mismatch	413415	35897	377518
svgs/oxygen-icons-5.113.0/scalable/actions/document-print.svg	pass	358767	21809	336958
svgs/oxygen-icons-5.113.0/scalable/actions/document-properties.svg	pass	44223	18397	25826
svgs/oxygen-icons-5.113.0/scalable/actions/document-revert.svg	pass	45762	21595	24167
svgs/oxygen-icons-5.113.0/scalable/actions/document-save-all.svg	pass	2364155	1487400	876755
svgs/oxygen-icons-5.113.0/scalable/actions/document-save-as.svg	pass	1189733	760429	429304
svgs/oxygen-icons-5.113.0/scalable/actions/document-save.svg	pass	1116723	747412	369311
svgs/oxygen-icons-5.113.0/scalable/actions/document-sign.svg	pass	70281	21669	48612
svgs/oxygen-icons-5.113.0/scalable/actions/draw-brush.svg	pass	27358	13417	13941
svgs/oxygen-icons-5.113.0/scalable/actions/draw-eraser.svg	pass	88020	14246	73774
svgs/oxygen-icons-5.113.0/scalable/actions/draw-freehand.svg	pass	56327	13919	42408
svgs/oxygen-icons-5.113.0/scalable/actions/draw-text.svg	pass	10064	1395	8669
svgs/oxygen-icons-5.113.0/scalable/actions/edit-bomb.svg	pass	134577	18548	116029
svgs/oxygen-icons-5.113.0/scalable/actions/edit-clear-history.svg	pass	53368	22686	30682
svgs/oxygen-icons-5.113.0/scalable/actions/edit-clear-locationbar-ltr.svg	pass	27797	9487	18310
svgs/oxygen-icons-5.113.0/scalable/actions/edit-clear-locationbar-rtl.svg	pass	27070	9208	17862
svgs/oxygen-icons-5.113.0/scalable/actions/edit-clear.svg	pass	252756	39221	213535
svgs/oxygen-icons-5.113.0/scalable/actions/edit-copy.svg	pass	14791	3422	11369
svgs/oxygen-icons-5.113.0/scalable/actions/edit-cut.svg	pass	44432	17579	26853
svgs/oxygen-icons-5.113.0/scalable/actions/edit-delete-shred.svg	pass	367707	20596	347111
svgs/oxygen-icons-5.113.0/scalable/actions/edit-delete.svg	pass	183151	12891	170260
svgs/oxygen-icons-5.113.0/scalable/actions/edit-find-mail.svg	pass	118019	65494	52525
svgs/oxygen-icons-5.113.0/scalable/actions/edit-find-user.svg	pass	364049	92194	271855
svgs/oxygen-icons-5.113.0/scalable/actions/edit-find.svg	pass	151850	64545	87305
svgs/oxygen-icons-5.113.0/scalable/actions/edit-paste.svg	pass	113986	16101	97885
svgs/oxygen-icons-5.113.0/scalable/actions/edit-redo.svg	pass	37276	18316	18960
svgs/oxygen-icons-5.113.0/scalable/actions/edit-rename.svg	pass	35606	2723	32883
svgs/oxygen-icons-5.113.0/scalable/actions/edit-undo.svg	pass	35899	17306	18593
svgs/oxygen-icons-5.113.0/scalable/actions/feed-subscribe.svg	pass	27936	15309	12627
svgs/oxygen-icons-5.113.0/scalable/actions/fill-color.svg	pass	54175	23561	30614
svgs/oxygen-icons-5.113.0/scalable/actions/flag-black.svg	pass	29081	15903	13178
svgs/oxygen-icons-5.113.0/scalable/actions/flag-blue.svg	pass	32790	16970	15820
svgs/oxygen-icons-5.113.0/scalable/actions/flag-green.svg	pass	31882	16538	15344
svgs/oxygen-icons-5.113.0/scalable/actions/flag-red.svg	pass	31597	16971	14626
svgs/oxygen-icons-5.113.0/scalable/actions/flag-yellow.svg	pass	31600	16971	14629
svgs/oxygen-icons-5.113.0/scalable/actions/flag.svg	pass	31882	16538	15344
svgs/oxygen-icons-5.113.0/scalable/actions/fork.svg	pass	35047	18409	16638
svgs/oxygen-icons-5.113.0/scalable/actions/format-fill-color.svg	pass	54175	23561	30614
svgs/oxygen-icons-5.113.0/scalable/actions/format-stroke-color.svg	pass	103713	20275	83438
svgs/oxygen-icons-5.113.0/scalable/actions/format-text-color.svg	pass	91476	3959	87517
svgs/oxygen-icons-5.113.0/scalable/actions/games-config-background.svg	pass	1058528	551579	506949
svgs/oxygen-icons-5.113.0/scalable/actions/games-config-board.svg	pass	35109	15252	19857
svgs/oxygen-icons-5.113.0/scalable/actions/games-config-custom.svg	pass	310571	92912	217659
svgs/oxygen-icons-5.113.0/scalable/actions/games-config-options.svg	pass	257720	74419	183301
svgs/oxygen-icons-5.113.0/scalable/actions/games-config-theme.svg	pass	377538	72867	304671
svgs/oxygen-icons-5.113.0/scalable/actions/games-config-tiles.svg	pass	19584	9347	10237
svgs/oxygen-icons-5.113.0/scalable/actions/games-difficult.svg	pass	196571	3805	192766
svgs/oxygen-icons-5.113.0/scalable/actions/games-endturn.svg	pass	192120	1395	190725
svgs/oxygen-icons-5.113.0/scalable/actions/games-hint.svg	pass	386677	29853	356824
svgs/oxygen-icons-5.113.0/scalable/actions/games-solve.svg	pass	102636	54638	47998
svgs/oxygen-icons-5.113.0/scalable/actions/get-hot-new-stuff.svg	pass	31246	13227	18019
svgs/oxygen-icons-5.113.0/scalable/actions/go-bottom.svg	pass	88049	16333	71716
svgs/oxygen-icons-5.113.0/scalable/actions/go-down-search.svg	pass	63388	7645	55743
svgs/oxygen-icons-5.113.0/scalable/actions/go-down.svg	pass	44323	11173	33150
svgs/oxygen-icons-5.113.0/scalable/actions/go-first-view-page.svg	pass	97481	23645	73836
svgs/oxygen-icons-5.113.0/scalable/actions/go-first-view.svg	pass	42182	11477	30705
svgs/oxygen-icons-5.113.0/scalable/actions/go-first.svg	pass	108477	14655	93822
svgs/oxygen-icons-5.113.0/scalable/actions/go-home.svg	pass	34902	14768	20134
svgs/oxygen-icons-5.113.0/scalable/actions/go-jump-today.svg	pass	91819	35506	56313
svgs/oxygen-icons-5.113.0/scalable/actions/go-jump.svg	pass	5969	2539	3430
svgs/oxygen-icons-5.113.0/scalable/actions/go-last-view-page.svg	pass	97374	23606	73768
svgs/oxygen-icons-5.113.0/scalable/actions/go-last-view.svg	pass	37858	11792	26066
svgs/oxygen-icons-5.113.0/scalable/actions/go-last.svg	pass	129883	16045	113838
svgs/oxygen-icons-5.113.0/scalable/actions/go-next-view-page.svg	pass	84367	17158	67209
svgs/oxygen-icons-5.113.0/scalable/actions/go-next-view.svg	pass	11202	5962	5240
svgs/oxygen-icons-5.113.0/scalable/actions/go-next.svg	pass	33638	10390	23248
svgs/oxygen-icons-5.113.0/scalable/actions/go-previous-view-page.svg	pass	84215	17137	67078
svgs/oxygen-icons-5.113.0/scalable/actions/go-previous-view.svg	pass	10350	5418	4932
svgs/oxygen-icons-5.113.0/scalable/actions/go-previous.svg	pass	36316	9264	27052
svgs/oxygen-icons-5.113.0/scalable/actions/go-top.svg	pass	116030	15686	100344
svgs/oxygen-icons-5.113.0/scalable/actions/go-up-search.svg	pass	58217	7687	50530
svgs/oxygen-icons-5.113.0/scalable/actions/go-up.svg	pass	38711	10394	28317
svgs/oxygen-icons-5.113.0/scalable/actions/help-contextual.svg	pass	463658	101656	362002
svgs/oxygen-icons-5.113.0/scalable/actions/help-hint.svg	pass	51296	28661	22635
svgs/oxygen-icons-5.113.0/scalable/actions/hidef/archive-insert-directory.svg	pass	173769	127012	46757
svgs/oxygen-icons-5.113.0/scalable/actions/hidef/continue-data-project.svg	pass	83679	44071	39608
svgs/oxygen-icons-5.113.0/scalable/actions/hidef/folder-new.svg	pass	173769	127012	46757
svgs/oxygen-icons-5.113.0/scalable/actions/hidef/tools-media-optical-copy.svg	pass	54938	29092	25846
svgs/oxygen-icons-5.113.0/scalable/actions/hidef/tools-media-optical-erase.svg	pass	125854	25048	100806
svgs/oxygen-icons-5.113.0/scalable/actions/hidef/tools-media-optical-format.svg	pass	60907	32729	28178
svgs/oxygen-icons-5.113.0/scalable/actions/hidef/tools-rip-audio-cd.svg	pass	168814	50750	118064
svgs/oxygen-icons-5.113.0/scalable/actions/hidef/tools-rip-video-cd.svg	pass	484245	285516	198729
svgs/oxygen-icons-5.113.0/scalable/actions/hidef/tools-rip-video-dvd.svg	pass	1702938	506689	1196249
svgs/oxygen-icons-5.113.0/scalable/actions/im-ban-kick-user.svg	mismatch	105229	49471	55758
svgs/oxygen-icons-5.113.0/scalable/actions/im-ban-user.svg	mismatch	60900	26357	34543
svgs/oxygen-icons-5.113.0/scalable/actions/im-invisible-user.svg	pass	172968	27225	145743
svgs/oxygen-icons-5.113.0/scalable/actions/im-kick-user.svg	pass	52997	24114	28883
svgs/oxygen-icons-5.113.0/scalable/actions/im-user-away.svg	pass	158079	24244	133835
svgs/oxygen-icons-5.113.0/scalable/actions/im-user-busy.svg	pass	65295	35009	30286
svgs/oxygen-icons-5.113.0/scalable/actions/im-user-offline.svg	pass	44503	22730	21773
svgs/oxygen-icons-5.113.0/scalable/actions/im-user.svg	pass	143209	14113	129096
svgs/oxygen-icons-5.113.0/scalable/actions/insert-horizontal-rule.svg	pass	219790	13829	205961
svgs/oxygen-icons-5.113.0/scalable/actions/insert-image.svg	pass	930007	562451	367556
svgs/oxygen-icons-5.113.0/scalable/actions/insert-link.svg	pass	195009	16748	178261
svgs/oxygen-icons-5.113.0/scalable/actions/insert-table.svg	pass	41601	16330	25271
svgs/oxygen-icons-5.113.0/scalable/actions/insert-text.svg	pass	38379	14122	24257
svgs/oxygen-icons-5.113.0/scalable/actions/irc-close-channel.svg	mismatch	66512	34011	32501
svgs/oxygen-icons-5.113.0/scalable/actions/irc-join-channel.svg	pass	273405	36133	237272
svgs/oxygen-icons-5.113.0/scalable/actions/irc-operator.svg	pass	92010	44865	47145
svgs/oxygen-icons-5.113.0/scalable/actions/irc-remove-operator.svg	mismatch	151239	56988	94251
svgs/oxygen-icons-5.113.0/scalable/actions/irc-unvoice.svg	mismatch	60869	28734	32135
svgs/oxygen-icons-5.113.0/scalable/actions/irc-voice.svg	pass	31855	16173	15682
svgs/oxygen-icons-5.113.0/scalable/actions/key-enter.svg	pass	141876	8396	133480
svgs/oxygen-icons-5.113.0/scalable/actions/layer-visible-off.svg	pass	32870	14141	18729
svgs/oxygen-icons-5.113.0/scalable/actions/layer-visible-on.svg	pass	55282	14112	41170
svgs/oxygen-icons-5.113.0/scalable/actions/list-add-font.svg	pass	240280	15446	224834
svgs/oxygen-icons-5.113.0/scalable/actions/list-add-user.svg	pass	149830	37821	112009
svgs/oxygen-icons-5.113.0/scalable/actions/list-add.svg	mismatch	21650	10835	10815
svgs/oxygen-icons-5.113.0/scalable/actions/list-remove-user.svg	mismatch	194208	37541	156667
svgs/oxygen-icons-5.113.0/scalable/actions/list-remove.svg	mismatch	14594	6637	7957
svgs/oxygen-icons-5.113.0/scalable/actions/mail-flag.svg	pass	67716	37931	29785
svgs/oxygen-icons-5.113.0/scalable/actions/mail-mark-junk.svg	pass	110844	31836	79008
svgs/oxygen-icons-5.113.0/scalable/actions/mail-mark-task.svg	pass	62361	35609	26752
svgs/oxygen-icons-5.113.0/scalable/actions/mail-receive.svg	pass	57033	13872	43161
svgs/oxygen-icons-5.113.0/scalable/actions/mail-send.svg	mismatch	29737	13628	16109
svgs/oxygen-icons-5.113.0/scalable/actions/media-eject.svg	pass	8207	3031	5176
svgs/oxygen-icons-5.113.0/scalable/actions/media-playback-pause.svg	pass	8309	3042	5267
svgs/oxygen-icons-5.113.0/scalable/actions/media-playback-start.svg	pass	7618	2734	4884
svgs/oxygen-icons-5.113.0/scalable/actions/media-playback-stop.svg	pass	7730	2756	4974
svgs/oxygen-icons-5.113.0/scalable/actions/media-record.svg	pass	7773	2853	4920
svgs/oxygen-icons-5.113.0/scalable/actions/media-seek-backward.svg	pass	8809	3022	5787
svgs/oxygen-icons-5.113.0/scalable/actions/media-seek-forward.svg	pass	8125	3019	5106
svgs/oxygen-icons-5.113.0/scalable/actions/media-skip-backward.svg	pass	8208	3027	5181
svgs/oxygen-icons-5.113.0/scalable/actions/media-skip-forward.svg	pass	8202	3021	5181
svgs/oxygen-icons-5.113.0/scalable/actions/network-connect.svg	pass	61992	20867	41125
svgs/oxygen-icons-5.113.0/scalable/actions/network-disconnect.svg	pass	44558	16466	28092
svgs/oxygen-icons-5.113.0/scalable/actions/object-flip-horizontal.svg	pass	73516	6289	67227
svgs/oxygen-icons-5.113.0/scalable/actions/object-flip-vertical.svg	pass	73491	5959	67532
svgs/oxygen-icons-5.113.0/scalable/actions/office-chart-area-focus-peak-node.svg	pass	15748	7249	8499
svgs/oxygen-icons-5.113.0/scalable/actions/office-chart-area-percentage.svg	pass	22543	8194	14349
svgs/oxygen-icons-5.113.0/scalable/actions/office-chart-area-stacked.svg	pass	11935	6011	5924
svgs/oxygen-icons-5.113.0/scalable/actions/office-chart-area.svg	pass	13312	5969	7343
svgs/oxygen-icons-5.113.0/scalable/actions/office-chart-bar-percentage.svg	pass	152820	12706	140114
svgs/oxygen-icons-5.113.0/scalable/actions/office-chart-bar-stacked.svg	pass	144944	11913	133031
svgs/oxygen-icons-5.113.0/scalable/actions/office-chart-bar.svg	pass	139563	7361	132202
svgs/oxygen-icons-5.113.0/scalable/actions/office-chart-line-percentage.svg	pass	16128	5109	11019
svgs/oxygen-icons-5.113.0/scalable/actions/office-chart-line-stacked.svg	pass	8074	3808	4266
svgs/oxygen-icons-5.113.0/scalable/actions/office-chart-line.svg	pass	7762	3785	3977
svgs/oxygen-icons-5.113.0/scalable/actions/office-chart-pie.svg	pass	134677	16835	117842
svgs/oxygen-icons-5.113.0/scalable/actions/office-chart-polar-stacked.svg	pass	12113	4300	7813
svgs/oxygen-icons-5.113.0/scalable/actions/office-chart-polar.svg	pass	69730	2547	67183
svgs/oxygen-icons-5.113.0/scalable/actions/office-chart-ring.svg	pass	34227	9843	24384
svgs/oxygen-icons-5.113.0/scalable/actions/office-chart-scatter.svg	pass	73219	5052	68167
svgs/oxygen-icons-5.113.0/scalable/actions/player-time.svg	pass	156674	97780	58894
svgs/oxygen-icons-5.113.0/scalable/actions/player-volume.svg	mismatch	24632	10233	14399
svgs/oxygen-icons-5.113.0/scalable/actions/process-stop.svg	pass	18090	9148	8942
svgs/oxygen-icons-5.113.0/scalable/actions/quickopen-file.svg	pass	47735	14947	32788
svgs/oxygen-icons-5.113.0/scalable/actions/quickopen.svg	pass	40310	11168	29142
svgs/oxygen-icons-5.113.0/scalable/actions/rating.svg	pass	36369	16464	19905
svgs/oxygen-icons-5.113.0/scalable/actions/resource-group.svg	pass	186562	146858	39704
svgs/oxygen-icons-5.113.0/scalable/actions/roll.svg	pass	38552	15590	22962
svgs/oxygen-icons-5.113.0/scalable/actions/select-rectangular.svg	pass	36096	18429	17667
svgs/oxygen-icons-5.113.0/scalable/actions/services.svg	pass	32790	16970	15820
svgs/oxygen-icons-5.113.0/scalable/actions/show-menu.svg	pass	193812	1664	192148
svgs/oxygen-icons-5.113.0/scalable/actions/skg-chart-bubble.svg	pass	72227	3312	68915
svgs/oxygen-icons-5.113.0/scalable/actions/skrooge_credit_card.svg	pass	769475	447078	322397
svgs/oxygen-icons-5.113.0/scalable/actions/skrooge_less.svg	pass	7092	2670	4422
svgs/oxygen-icons-5.113.0/scalable/actions/skrooge_more.svg	pass	7080	2661	4419
svgs/oxygen-icons-5.113.0/scalable/actions/skrooge_much_less.svg	pass	7550	2673	4877
svgs/oxygen-icons-5.113.0/scalable/actions/skrooge_much_more.svg	pass	7298	2670	4628
svgs/oxygen-icons-5.113.0/scalable/actions/skrooge_type.svg	pass	31984	15434	16550
svgs/oxygen-icons-5.113.0/scalable/actions/small/16x16/acrobat.svg	pass	10962	3850	7112
svgs/oxygen-icons-5.113.0/scalable/actions/small/16x16/address-book-new.svg	pass	3008143	2327501	680642
svgs/oxygen-icons-5.113.0/scalable/actions/small/16x16/align-horizontal-center.svg	pass	10486	5097	5389
svgs/oxygen-icons-5.113.0/scalable/actions/small/16x16/align-horizontal-left-out.svg	pass	11707	5509	6198
svgs/oxygen-icons-5.113.0/scalable/actions/small/16x16/align-horizontal-left.svg	pass	9041	4005	5036
svgs/oxygen-icons-5.113.0/scalable/actions/small/16x16/align-horizontal-right-out.svg	pass	11752	5546	6206
svgs/oxygen-icons-5.113.0/scalable/actions/small/16x16/align-horizontal-right.svg	pass	9076	4039	5037
svgs/oxygen-icons-5.113.0/scalable/actions/small/16x16/align-vertical-bottom-out.svg	pass	11851	5641	6210
svgs/oxygen-icons-5.113.0/scalable/actions/small/16x16/align-vertical-bottom.svg	pass	9466	4348	5118
svgs/oxygen-icons-5.113.0/scalable/actions/small/16x16/align-vertical-center.svg	pass	10879	5441	5438
svgs/oxygen-icons-5.113.0/scalable/actions/small/16x16/align-vertical-top-out.svg	pass	38476	5638	32838
svgs/oxygen-icons-5.113.0/scalable/actions/small/16x16/align-vertical-top.svg	pass	35167	4347	30820
svgs/oxygen-icons-5.113.0/scalable/actions/small/16x16/application-exit.svg	pass	38044	14819	23225
svgs/oxygen-icons-5.113.0/scalable/actions/small/16x16/appointment-new.svg	pass	86846	36485	50361
svgs/oxygen-icons-5.113.0/scalable/actions/small/16x16/archive-extract.svg	pass	23071	8676	14395
svgs/oxygen-icons-5.113.0/scalable/actions/small/16x16/archive-insert-directory.svg	pass	1195796	126753	1069043
svgs/oxygen-icons-5.113.0/scalable/actions/small/16x16/archive-insert.svg	pass	31069	15633	15436
svgs/oxygen-icons-5.113.0/scalable/actions/small/16x16/archive-remove.svg	pass	19825	7906	11919
svgs/oxygen-icons-5.113.0/scalable/actions/small/16x16/arrow-down-double.svg	pass	39869	14765	25104
svgs/oxygen-icons-5.113.0/scalable/actions/small/16x16/arrow-down.svg	pass	33174	9611	23563
svgs/oxygen-icons-5.113.0/scalable/actions/small/16x16/arrow-left-double.svg	pass	33964	14185	19779
svgs/oxygen-icons-5.113.0/scalable/actions/small/16x16/arrow-left.svg	pass	32965	9326	23639
svgs/oxygen-icons-5.113.0/scalable/actions/small/16x16/arrow-right-double.svg	pass	39866	14815	25051
svgs/oxygen-icons-5.113.0/scalable/actions/small/16x16/arrow-right.svg	pass	37192	9646	27546
svgs/oxygen-icons-5.113.0/scalable/actions/small/16x16/arrow-up-double.svg	pass	39867	14795	25072
svgs/oxygen-icons-5.113.0/scalable/actions/small/16x16/arrow-up.svg	pass	33174	9611	23563
svgs/oxygen-icons-5.113.0/scalable/actions/small/16x16/bookmark-new-list.svg	pass	39283	18980	20303
svgs/oxygen-icons-5.113.0/scalable/actions/small/16x16/bookmark-new.svg	pass	36124	10328	25796
svgs/oxygen-icons-5.113.0/scalable/actions/small/16x16/bookmark-toolbar.svg	pass	213835	19722	194113
svgs/oxygen-icons-5.113.0/scalable/actions/small/16x16/bookmarks-organize.svg	pass	423836	397990	25846
svgs/oxygen-icons-5.113.0/scalable/actions/small/16x16/call-start.svg	pass	43838	7964	35874
svgs/oxygen-icons-5.113.0/scalable/actions/small/16x16/call-stop.svg	pass	60543	7738	52805
svgs/oxygen-icons-5.113.0/scalable/actions/small/16x16/character-set.svg	pass	7108	2206	4902
svgs/oxygen-icons-5.113.0/scalable/actions/small/16x16/checkbox.svg	pass	21764	5407	16357
svgs/oxygen-icons-5.113.0/scalable/actions/small/16x16/code-block.svg	pass	41591	8926	32665
svgs/oxygen-icons-5.113.0/scalable/actions/small/16x16/code-class.svg	pass	42815	10681	32134
svgs/oxygen-icons-5.113.0/scalable/actions/small/16x16/code-context.svg	pass	144895	5790	139105
svgs/oxygen-icons-5.113.0/scalable/actions/small/16x16/code-function.svg	pass	35954	6102	29852
svgs/oxygen-icons-5.113.0/scalable/actions/small/16x16/code-typedef.svg	pass	39568	4239	35329
svgs/oxygen-icons-5.113.0/scalable/actions/small/16x16/code-variable.svg	pass	10442	4190	6252
svgs/oxygen-icons-5.113.0/scalable/actions/small/16x16/color-picker-black.svg	pass	76039	20363	55676
svgs/oxygen-icons-5.113.0/scalable/actions/small/16x16/color-picker-grey.svg	pass	38414	19878	18536
svgs/oxygen-icons-5.113.0/scalable/actions/small/16x16/color-picker-white.svg	pass	38407	19870	18537
svgs/oxygen-icons-5.113.0/scalable/actions/small/16x16/color-picker.svg	pass	45990	16720	29270
svgs/oxygen-icons-5.113.0/scalable/actions/small/16x16/configure-shortcuts.svg	pass	186133	30971	155162
svgs/oxygen-icons-5.113.0/scalable/actions/small/16x16/configure-toolbars.svg	pass	224512	30352	194160
svgs/oxygen-icons-5.113.0/scalable/actions/small/16x16/configure.svg	pass	174393	25845	148548
svgs/oxygen-icons-5.113.0/scalable/actions/small/16x16/contact-new.svg	pass	95277	41337	53940
svgs/oxygen-icons-5.113.0/scalable/actions/small/16x16/debug-execute-from-cursor.svg	pass	36960	2938	34022
svgs/oxygen-icons-5.113.0/scalable/actions/small/16x16/debug-execute-to-cursor.svg	pass	35706	2923	32783
svgs/oxygen-icons-5.113.0/scalable/actions/small/16x16/debug-run-cursor.svg	pass	266093	41566	224527
svgs/oxygen-icons-5.113.0/scalable/actions/small/16x16/debug-run.svg	pass	262765	40041	222724
svgs/oxygen-icons-5.113.0/scalable/actions/small/16x16/debug-step-instruction.svg	pass	38765	6694	32071
svgs/oxygen-icons-5.113.0/scalable/actions/small/16x16/debug-step-into-instruction.svg	pass	40278	7158	33120
svgs/oxygen-icons-5.113.0/scalable/actions/small/16x16/debug-step-into.svg	pass	39984	7110	32874
svgs/oxygen-icons-5.113.0/scalable/actions/small/16x16/debug-step-out.svg	pass	37987	6371	31616
svgs/oxygen-icons-5.113.0/scalable/actions/small/16x16/debug-step-over.svg	pass	38105	6468	31637
svgs/oxygen-icons-5.113.0/scalable/actions/small/16x16/dialog-cancel.svg	pass	149796	14972	134824
svgs/oxygen-icons-5.113.0/scalable/actions/small/16x16/dialog-ok-apply.svg	pass	18919	9645	9274
svgs/oxygen-icons-5.113.0/scalable/actions/small/16x16/dialog-ok.svg	pass	20655	9242	11413
svgs/oxygen-icons-5.113.0/scalable/actions/small/16x16/distribute-horizontal-center.svg	pass	51686	4719	46967
svgs/oxygen-icons-5.113.0/scalable/actions/small/16x16/distribute-horizontal-equal.svg	pass	51201	4664	46537
svgs/oxygen-icons-5.113.0/scalable/actions/small/16x16/distribute-horizontal-left.svg	pass	51528	4683	46845
svgs/oxygen-icons-5.113.0/scalable/actions/small/16x16/distribute-horizontal-margin.svg	pass	70258	4485	65773
svgs/oxygen-icons-5.113.0/scalable/actions/small/16x16/distribute-horizontal-page.svg	pass	36533	11177	25356
svgs/oxygen-icons-5.113.0/scalable/actions/small/16x16/distribute-horizontal-right.svg	pass	50993	4469	46524
svgs/oxygen-icons-5.113.0/scalable/actions/small/16x16/distribute-horizontal-x.svg	pass	9488	4206	5282
svgs/oxygen-icons-5.113.0/scalable/actions/small/16x16/distribute-vertical-bottom.svg	pass	51394	4743	46651
svgs/oxygen-icons-5.113.0/scalable/actions/small/16x16/distribute-vertical-center.svg	pass	12173	6222	5951
svgs/oxygen-icons-5.113.0/scalable/actions/small/16x16/distribute-vertical-equal.svg	pass	51621	4722	46899
svgs/oxygen-icons-5.113.0/scalable/actions/small/16x16/distribute-vertical-margin.svg	pass	10112	4477	5635
svgs/oxygen-icons-5.113.0/scalable/actions/small/16x16/distribute-vertical-page.svg	pass	20816	11229	9587
svgs/oxygen-icons-5.113.0/scalable/actions/small/16x16/distribute-vertical-top.svg	pass	10198	4754	5444
svgs/oxygen-icons-5.113.0/scalable/actions/small/16x16/distribute-vertical-y.svg	pass	9669	4366	5303
svgs/oxygen-icons-5.113.0/scalable/actions/small/16x16/document-decrypt.svg	pass	731595	480496	251099
svgs/oxygen-icons-5.113.0/scalable/actions/small/16x16/document-edit-decrypt-verify.svg	pass	129245	26872	102373
svgs/oxygen-icons-5.113.0/scalable/actions/small/16x16/document-edit-decrypt.svg	mismatch	83699	20919	62780
svgs/oxygen-icons-5.113.0/scalable/actions/small/16x16/document-edit-encrypt.svg	mismatch	82648	20458	62190
svgs/oxygen-icons-5.113.0/scalable/actions/small/16x16/document-edit-sign-encrypt.svg	pass	112036	15155	96881
svgs/oxygen-icons-5.113.0/scalable/actions/small/16x16/document-edit-sign.svg	mismatch	108606	27512	81094
svgs/oxygen-icons-5.113.0/scalable/actions/small/16x16/document-edit-verify.svg	mismatch	162120	53118	109002
svgs/oxygen-icons-5.113.0/scalable/actions/small/16x16/document-edit.svg	pass	38949	16714	22235
svgs/oxygen-icons-5.113.0/scalable/actions/small/16x16/document-encrypt.svg	pass	236546	149252	87294
svgs/oxygen-icons-5.113.0/scalable/actions/small/16x16/document-export-table.svg	pass	296350	15417	280933
svgs/oxygen-icons-5.113.0/scalable/actions/small/16x16/document-export.svg	pass	22456	8505	13951
svgs/oxygen-icons-5.113.0/scalable/actions/small/16x16/document-import.svg	pass	20910	8857	12053
svgs/oxygen-icons-5.113.0/scalable/actions/small/16x16/document-new.svg	pass	16509	6866	9643
svgs/oxygen-icons-5.113.0/scalable/actions/small/16x16/document-open-data.svg	pass	11932	4097	7835
svgs/oxygen-icons-5.113.0/scalable/actions/small/16x16/document-open-folder.svg	pass	1189133	123179	1065954
svgs/oxygen-icons-5.113.0/scalable/actions/small/16x16/document-open-recent.svg	pass	20924	9659	11265
svgs/oxygen-icons-5.113.0/scalable/actions/small/16x16/document-open-remote.svg	pass	1739365	458627	1280738
svgs/oxygen-icons-5.113.0/scalable/actions/small/16x16/document-open.svg	pass	1203554	130973	1072581
svgs/oxygen-icons-5.113.0/scalable/actions/small/16x16/document-preview.svg	pass	141027	28724	112303
svgs/oxygen-icons-5.113.0/scalable/actions/small/16x16/document-print-direct.svg	pass	416824	31652	385172
svgs/oxygen-icons-5.113.0/scalable/actions/small/16x16/document-print-frame.svg	pass	373069	22945	350124
svgs/oxygen-icons-5.113.0/scalable/actions/small/16x16/document-print-preview.svg	pass	419392	34326	385066
svgs/oxygen-icons-5.113.0/scalable/actions/small/16x16/document-print.svg	pass	367224	21381	345843
svgs/oxygen-icons-5.113.0/scalable/actions/small/16x16/document-properties.svg	pass	86697	17435	69262
svgs/oxygen-icons-5.113.0/scalable/actions/small/16x16/document-revert.svg	pass	45606	20953	24653
svgs/oxygen-icons-5.113.0/scalable/actions/small/16x16/document-save-all.svg	pass	33157	11899	21258
svgs/oxygen-icons-5.113.0/scalable/actions/small/16x16/document-save-as.svg	pass	60829	24535	36294
svgs/oxygen-icons-5.113.0/scalable/actions/small/16x16/document-save.svg	pass	28696	12348	16348
svgs/oxygen-icons-5.113.0/scalable/actions/small/16x16/document-sign.svg	pass	70196	21803	48393
svgs/oxygen-icons-5.113.0/scalable/actions/small/16x16/document-swap.svg	pass	19618	2725	16893
svgs/oxygen-icons-5.113.0/scalable/actions/small/16x16/documentation.svg	pass	18209	7671	10538
svgs/oxygen-icons-5.113.0/scalable/actions/small/16x16/documentinfo.svg	pass	54065	11190	42875
svgs/oxygen-icons-5.113.0/scalable/actions/small/16x16/download-later.svg	pass	87585	11775	75810
svgs/oxygen-icons-5.113.0/scalable/actions/small/16x16/download.svg	pass	671396	340257	331139
svgs/oxygen-icons-5.113.0/scalable/actions/small/16x16/draw-arrow-back.svg	pass	6355	2556	3799
svgs/oxygen-icons-5.113.0/scalable/actions/small/16x16/draw-arrow-down.svg	pass	6504	2595	3909
svgs/oxygen-icons-5.113.0/scalable/actions/small/16x16/draw-arrow-forward.svg	pass	6438	2572	3866
svgs/oxygen-icons-5.113.0/scalable/actions/small/16x16/draw-arrow-up.svg	pass	6577	2599	3978
svgs/oxygen-icons-5.113.0/scalable/actions/small/16x16/draw-bezier-curves.svg	pass	5744	1886	3858
svgs/oxygen-icons-5.113.0/scalable/actions/small/16x16/draw-brush.svg	pass	37758	14312	23446
svgs/oxygen-icons-5.113.0/scalable/actions/small/16x16/draw-circle.svg	pass	6101	2247	3854
svgs/oxygen-icons-5.113.0/scalable/actions/small/16x16/draw-cross.svg	pass	6536	2726	3810
svgs/oxygen-icons-5.113.0/scalable/actions/small/16x16/draw-donut.svg	pass	6516	2664	3852
svgs/oxygen-icons-5.113.0/scalable/actions/small/16x16/draw-ellipse.svg	pass	6130	2273	3857
svgs/oxygen-icons-5.113.0/scalable/actions/small/16x16/draw-eraser.svg	pass	78620	5348	73272
svgs/oxygen-icons-5.113.0/scalable/actions/small/16x16/draw-freehand.svg	pass	33954	15412	18542
svgs/oxygen-icons-5.113.0/scalable/actions/small/16x16/draw-halfcircle1.svg	pass	5667	1894	3773
svgs/oxygen-icons-5.113.0/scalable/actions/small/16x16/draw-halfcircle2.png.svg	pass	5719	1944	3775
svgs/oxygen-icons-5.113.0/scalable/actions/small/16x16/draw-halfcircle3.svg	pass	5942	2021	3921
svgs/oxygen-icons-5.113.0/scalable/actions/small/16x16/draw-halfcircle4.svg	pass	5908	1973	3935
svgs/oxygen-icons-5.113.0/scalable/actions/small/16x16/draw-line.svg	pass	3770	867	2903
svgs/oxygen-icons-5.113.0/scalable/actions/small/16x16/draw-path.svg	pass	39342	10013	29329
svgs/oxygen-icons-5.113.0/scalable/actions/small/16x16/draw-polygon.svg	pass	5829	1948	3881
svgs/oxygen-icons-5.113.0/scalable/actions/small/16x16/draw-polyline.png.svg	pass	36515	2012	34503
svgs/oxygen-icons-5.113.0/scalable/actions/small/16x16/draw-rectangle.svg	pass	35499	2201	33298
svgs/oxygen-icons-5.113.0/scalable/actions/small/16x16/draw-spiral.svg	pass	4948	1160	3788
svgs/oxygen-icons-5.113.0/scalable/actions/small/16x16/draw-square-inverted-corners.svg	pass	6604	2730	3874
svgs/oxygen-icons-5.113.0/scalable/actions/small/16x16/draw-star.svg	pass	5955	2036	3919
svgs/oxygen-icons-5.113.0/scalable/actions/small/16x16/draw-text.svg	pass	8322	1793	6529
svgs/oxygen-icons-5.113.0/scalable/actions/small/16x16/draw-triangle.svg	pass	5579	1939	3640
svgs/oxygen-icons-5.113.0/scalable/actions/small/16x16/draw-triangle1.svg	pass	35280	1928	33352
svgs/oxygen-icons-5.113.0/scalable/actions/small/16x16/draw-triangle2.svg	pass	5915	1961	3954
svgs/oxygen-icons-5.113.0/scalable/actions/small/16x16/draw-triangle3.svg	pass	5925	1966	3959
svgs/oxygen-icons-5.113.0/scalable/actions/small/16x16/draw-triangle4.svg	pass	5914	1974	3940
svgs/oxygen-icons-5.113.0/scalable/actions/small/16x16/edit-clear-history.svg	pass	44867	20560	24307
svgs/oxygen-icons-5.113.0/scalable/actions/small/16x16/edit-clear-list.svg	pass	155222	13887	141335
svgs/oxygen-icons-5.113.0/scalable/actions/small/16x16/edit-clear-locationbar-rtl.svg	pass	95383	7229	88154
svgs/oxygen-icons-5.113.0/scalable/actions/small/16x16/edit-clear.svg	pass	252178	38113	214065
svgs/oxygen-icons-5.113.0/scalable/actions/small/16x16/edit-copy.svg	pass	83990	8425	75565
svgs/oxygen-icons-5.113.0/scalable/actions/small/16x16/edit-cut.svg	pass	28362	2063	26299
svgs/oxygen-icons-5.113.0/scalable/actions/small/16x16/edit-find-mail.svg	pass	124325	22789	101536
svgs/oxygen-icons-5.113.0/scalable/actions/small/16x16/edit-find-project.svg	pass	148845	17125	131720
svgs/oxygen-icons-5.113.0/scalable/actions/small/16x16/edit-find-replace.svg	pass	43136	21998	21138
svgs/oxygen-icons-5.113.0/scalable/actions/small/16x16/edit-find-user.svg	pass	353706	67026	286680
svgs/oxygen-icons-5.113.0/scalable/actions/small/16x16/edit-find.svg	pass	93414	17329	76085
svgs/oxygen-icons-5.113.0/scalable/actions/small/16x16/edit-guides.svg	pass	26555	3800	22755
svgs/oxygen-icons-5.113.0/scalable/actions/small/16x16/edit-image-face-add.svg	mismatch	201127	47028	154099
svgs/oxygen-icons-5.113.0/scalable/actions/small/16x16/edit-image-face-detect.svg	pass	17625	3348	14277
svgs/oxygen-icons-5.113.0/scalable/actions/small/16x16/edit-image-face-recognize.svg	mismatch	170370	46500	123870
svgs/oxygen-icons-5.113.0/scalable/actions/small/16x16/edit-image-face-show.svg	mismatch	160692	42550	118142
svgs/oxygen-icons-5.113.0/scalable/actions/small/16x16/edit-link.svg	pass	105764	20345	85419
svgs/oxygen-icons-5.113.0/scalable/actions/small/16x16/edit-node.svg	pass	14025	6358	7667
svgs/oxygen-icons-5.113.0/scalable/actions/small/16x16/edit-paste.svg	pass	87484	13526	73958
svgs/oxygen-icons-5.113.0/scalable/actions/small/16x16/edit-redo.svg	pass	37257	18318	18939
svgs/oxygen-icons-5.113.0/scalable/actions/small/16x16/edit-rename.svg	pass	34310	1963	32347
svgs/oxygen-icons-5.113.0/scalable/actions/small/16x16/edit-select-all.svg	pass	275499	145598	129901
svgs/oxygen-icons-5.113.0/scalable/actions/small/16x16/edit-select-none.svg	pass	286365	148605	137760
svgs/oxygen-icons-5.113.0/scalable/actions/small/16x16/edit-select.svg	pass	25146	2721	22425
svgs/oxygen-icons-5.113.0/scalable/actions/small/16x16/edit-table-cell-merge.svg	pass	476968	6219	470749
svgs/oxygen-icons-5.113.0/scalable/actions/small/16x16/edit-table-cell-split.svg	pass	477214	5888	471326
svgs/oxygen-icons-5.113.0/scalable/actions/small/16x16/edit-table-delete-column.svg	pass	486490	8936	477554
svgs/oxygen-icons-5.113.0/scalable/actions/small/16x16/edit-table-insert-column-left.svg	pass	800512	14795	785717
svgs/oxygen-icons-5.113.0/scalable/actions/small/16x16/edit-table-insert-column-right.svg	pass	809285	14950	794335
svgs/oxygen-icons-5.113.0/scalable/actions/small/16x16/edit-table-insert-row-above.svg	pass	961179	14835	946344
svgs/oxygen-icons-5.113.0/scalable/actions/small/16x16/edit-table-insert-row-below.svg	pass	961117	14815	946302
svgs/oxygen-icons-5.113.0/scalable/actions/small/16x16/edit-text-frame-update.svg	pass	12210	3885	8325
svgs/oxygen-icons-5.113.0/scalable/actions/small/16x16/edit-undo.svg	pass	37637	18275	19362
svgs/oxygen-icons-5.113.0/scalable/actions/small/16x16/folder-new.svg	pass	1195796	126753	1069043
svgs/oxygen-icons-5.113.0/scalable/actions/small/16x16/folder-sync.svg	pass	20709	3626	17083
svgs/oxygen-icons-5.113.0/scalable/actions/small/16x16/format-add-node.svg	pass	32149	11718	20431
svgs/oxygen-icons-5.113.0/scalable/actions/small/16x16/format-break-node.svg	pass	15283	5237	10046
svgs/oxygen-icons-5.113.0/scalable/actions/small/16x16/format-connect-node.svg	pass	18355	6970	11385
svgs/oxygen-icons-5.113.0/scalable/actions/small/16x16/format-disconnect-node.svg	pass	17387	6971	10416
svgs/oxygen-icons-5.113.0/scalable/actions/small/16x16/format-join-node.svg	pass	14100	5369	8731
svgs/oxygen-icons-5.113.0/scalable/actions/small/16x16/format-remove-node.svg	pass	36215	11817	24398
svgs/oxygen-icons-5.113.0/scalable/actions/small/16x16/games-achievements.svg	pass	644184	140140	504044
svgs/oxygen-icons-5.113.0/scalable/actions/small/16x16/games-highscores.svg	pass	291550	144375	147175
svgs/oxygen-icons-5.113.0/scalable/actions/small/16x16/go-down-search.svg	pass	9786	2518	7268
svgs/oxygen-icons-5.113.0/scalable/actions/small/16x16/go-down.svg	pass	28340	4771	23569
svgs/oxygen-icons-5.113.0/scalable/actions/small/16x16/go-first-view-page.svg	pass	105628	24869	80759
svgs/oxygen-icons-5.113.0/scalable/actions/small/16x16/go-first-view.svg	pass	16522	9003	7519
svgs/oxygen-icons-5.113.0/scalable/actions/small/16x16/go-home.svg	pass	25586	6512	19074
svgs/oxygen-icons-5.113.0/scalable/actions/small/16x16/go-jump-declaration.svg	pass	58802	13848	44954
svgs/oxygen-icons-5.113.0/scalable/actions/small/16x16/go-jump-definition.svg	pass	102430	3169	99261
svgs/oxygen-icons-5.113.0/scalable/actions/small/16x16/go-jump-locationbar.svg	pass	637592	337986	299606
svgs/oxygen-icons-5.113.0/scalable/actions/small/16x16/go-jump-today.svg	pass	98586	36563	62023
svgs/oxygen-icons-5.113.0/scalable/actions/small/16x16/go-last-view-page.svg	pass	105308	24825	80483
svgs/oxygen-icons-5.113.0/scalable/actions/small/16x16/go-last-view.svg	pass	20008	9044	10964
svgs/oxygen-icons-5.113.0/scalable/actions/small/16x16/go-next-context.svg	pass	20518	8223	12295
svgs/oxygen-icons-5.113.0/scalable/actions/small/16x16/go-next-use.svg	pass	37146	5343	31803
svgs/oxygen-icons-5.113.0/scalable/actions/small/16x16/go-next-view-page.svg	pass	40254	17804	22450
svgs/oxygen-icons-5.113.0/scalable/actions/small/16x16/go-next-view.svg	pass	4411	2589	1822
svgs/oxygen-icons-5.113.0/scalable/actions/small/16x16/go-next.svg	pass	27608	4799	22809
svgs/oxygen-icons-5.113.0/scalable/actions/small/16x16/go-parent-folder.svg	pass	10860	3883	6977
svgs/oxygen-icons-5.113.0/scalable/actions/small/16x16/go-previous-context.svg	pass	17064	7475	9589
svgs/oxygen-icons-5.113.0/scalable/actions/small/16x16/go-previous-use.svg	pass	110763	5477	105286
svgs/oxygen-icons-5.113.0/scalable/actions/small/16x16/go-previous-view-page.svg	pass	40315	17633	22682
svgs/oxygen-icons-5.113.0/scalable/actions/small/16x16/go-previous-view.svg	pass	4528	2655	1873
svgs/oxygen-icons-5.113.0/scalable/actions/small/16x16/go-previous.svg	pass	25144	4830	20314
svgs/oxygen-icons-5.113.0/scalable/actions/small/16x16/go-up-search.svg	pass	10427	2563	7864
svgs/oxygen-icons-5.113.0/scalable/actions/small/16x16/go-up.svg	pass	27563	4938	22625
svgs/oxygen-icons-5.113.0/scalable/actions/small/16x16/help-about.svg	pass	107230	11394	95836
svgs/oxygen-icons-5.113.0/scalable/actions/small/16x16/help-contents.svg	pass	805625	577291	228334
svgs/oxygen-icons-5.113.0/scalable/actions/small/16x16/help-contextual.svg	pass	317877	14827	303050
svgs/oxygen-icons-5.113.0/scalable/actions/small/16x16/help-donate.svg	pass	144998	13588	131410
svgs/oxygen-icons-5.113.0/scalable/actions/small/16x16/help-feedback.svg	pass	118766	16870	101896
svgs/oxygen-icons-5.113.0/scalable/actions/small/16x16/im-aim.svg	pass	35478	14487	20991
svgs/oxygen-icons-5.113.0/scalable/actions/small/16x16/im-ban-kick-user.svg	pass	108592	51690	56902
svgs/oxygen-icons-5.113.0/scalable/actions/small/16x16/im-ban-user.svg	mismatch	61236	29802	31434
svgs/oxygen-icons-5.113.0/scalable/actions/small/16x16/im-facebook.svg	pass	9873	3928	5945
svgs/oxygen-icons-5.113.0/scalable/actions/small/16x16/im-icq.svg	pass	74460	25015	49445
svgs/oxygen-icons-5.113.0/scalable/actions/small/16x16/im-identi.ca.svg	pass	37892	21459	16433
svgs/oxygen-icons-5.113.0/scalable/actions/small/16x16/im-jabber.svg	pass	52295	16178	36117
svgs/oxygen-icons-5.113.0/scalable/actions/small/16x16/im-kick-user.svg	pass	241592	29375	212217
svgs/oxygen-icons-5.113.0/scalable/actions/small/16x16/im-msn.svg	pass	78634	25988	52646
svgs/oxygen-icons-5.113.0/scalable/actions/small/16x16/im-qq.svg	pass	56948	18829	38119
svgs/oxygen-icons-5.113.0/scalable/actions/small/16x16/im-skype.svg	pass	43838	7964	35874
svgs/oxygen-icons-5.113.0/scalable/actions/small/16x16/im-twitter.svg	pass	12972	3884	9088
svgs/oxygen-icons-5.113.0/scalable/actions/small/16x16/im-user-busy.svg	pass	67312	35735	31577
svgs/oxygen-icons-5.113.0/scalable/actions/small/16x16/im-yahoo.svg	mismatch	57148	20740	36408
svgs/oxygen-icons-5.113.0/scalable/actions/small/16x16/insert-button.svg	pass	10267	4590	5677
svgs/oxygen-icons-5.113.0/scalable/actions/small/16x16/insert-horizontal-rule.svg	pass	220786	13863	206923
svgs/oxygen-icons-5.113.0/scalable/actions/small/16x16/insert-image.svg	pass	929941	562348	367593
svgs/oxygen-icons-5.113.0/scalable/actions/small/16x16/insert-link.svg	pass	199645	17030	182615
svgs/oxygen-icons-5.113.0/scalable/actions/small/16x16/insert-table.svg	pass	40085	15958	24127
svgs/oxygen-icons-5.113.0/scalable/actions/small/16x16/insert-text.svg	pass	37509	13995	23514
svgs/oxygen-icons-5.113.0/scalable/actions/small/16x16/irc-close-channel.svg	mismatch	67137	36578	30559
svgs/oxygen-icons-5.113.0/scalable/actions/small/16x16/irc-join-channel.svg	pass	273900	34087	239813
svgs/oxygen-icons-5.113.0/scalable/actions/small/16x16/irc-operator.svg	pass	92794	45144	47650
svgs/oxygen-icons-5.113.0/scalable/actions/small/16x16/irc-remove-operator.svg	mismatch	114104	41242	72862
svgs/oxygen-icons-5.113.0/scalable/actions/small/16x16/irc-unvoice.svg	mismatch	60877	28777	32100
svgs/oxygen-icons-5.113.0/scalable/actions/small/16x16/irc-voice.svg	pass	31871	16187	15684
svgs/oxygen-icons-5.113.0/scalable/actions/small/16x16/key-enter.svg	pass	144802	3535	141267
svgs/oxygen-icons-5.113.0/scalable/actions/small/16x16/kmix-master.svg	pass	12677	4453	8224
svgs/oxygen-icons-5.113.0/scalable/actions/small/16x16/list-add-font.svg	pass	229879	16058	213821
svgs/oxygen-icons-5.113.0/scalable/actions/small/16x16/list-add-user.svg	mismatch	193773	54326	139447
svgs/oxygen-icons-5.113.0/scalable/actions/small/16x16/list-add.svg	pass	21018	10313	10705
svgs/oxygen-icons-5.113.0/scalable/actions/small/16x16/list-remove.svg	pass	14011	6098	7913
svgs/oxygen-icons-5.113.0/scalable/actions/small/16x16/list-resource-add.svg	pass	173197	145918	27279
svgs/oxygen-icons-5.113.0/scalable/actions/small/16x16/mail-encrypted-full.svg	mismatch	26885	10083	16802
svgs/oxygen-icons-5.113.0/scalable/actions/small/16x16/mail-encrypted-part.svg	mismatch	86063	10798	75265
svgs/oxygen-icons-5.113.0/scalable/actions/small/16x16/mail-encrypted.svg	mismatch	26858	9936	16922
svgs/oxygen-icons-5.113.0/scalable/actions/small/16x16/mail-flag.svg	pass	70424	37675	32749
svgs/oxygen-icons-5.113.0/scalable/actions/small/16x16/mail-forward.svg	pass	89131	4580	84551
svgs/oxygen-icons-5.113.0/scalable/actions/small/16x16/mail-invitation.svg	pass	194129	10687	183442
svgs/oxygen-icons-5.113.0/scalable/actions/small/16x16/mail-mark-important.svg	pass	516143	10153	505990
svgs/oxygen-icons-5.113.0/scalable/actions/small/16x16/mail-mark-junk.svg	pass	515083	6480	508603
svgs/oxygen-icons-5.113.0/scalable/actions/small/16x16/mail-mark-notjunk.svg	pass	19671	8496	11175
svgs/oxygen-icons-5.113.0/scalable/actions/small/16x16/mail-mark-read.svg	pass	88602	13279	75323
svgs/oxygen-icons-5.113.0/scalable/actions/small/16x16/mail-mark-unread-new.svg	pass	807929	8264	799665
svgs/oxygen-icons-5.113.0/scalable/actions/small/16x16/mail-mark-unread.svg	pass	69643	4736	64907
svgs/oxygen-icons-5.113.0/scalable/actions/small/16x16/mail-meeting-request-reply.svg	pass	63988	5439	58549
svgs/oxygen-icons-5.113.0/scalable/actions/small/16x16/mail-message-new-list.svg	pass	143399	18140	125259
svgs/oxygen-icons-5.113.0/scalable/actions/small/16x16/mail-message-new.svg	pass	141892	19522	122370
svgs/oxygen-icons-5.113.0/scalable/actions/small/16x16/mail-queue.svg	pass	79675	5779	73896
svgs/oxygen-icons-5.113.0/scalable/actions/small/16x16/mail-receive.svg	pass	152805	5925	146880
svgs/oxygen-icons-5.113.0/scalable/actions/small/16x16/mail-replied.svg	pass	145769	14438	131331
svgs/oxygen-icons-5.113.0/scalable/actions/small/16x16/mail-reply-all.svg	pass	69295	5913	63382
svgs/oxygen-icons-5.113.0/scalable/actions/small/16x16/mail-reply-custom-all.svg	pass	59978	2956	57022
svgs/oxygen-icons-5.113.0/scalable/actions/small/16x16/mail-reply-custom.svg	pass	59693	2803	56890
svgs/oxygen-icons-5.113.0/scalable/actions/small/16x16/mail-reply-list.svg	pass	257203	16918	240285
svgs/oxygen-icons-5.113.0/scalable/actions/small/16x16/mail-reply-sender.svg	pass	65002	5436	59566
svgs/oxygen-icons-5.113.0/scalable/actions/small/16x16/mail-send.svg	pass	30219	11485	18734
svgs/oxygen-icons-5.113.0/scalable/actions/small/16x16/mail-signature-unknown.svg	mismatch	27267	11032	16235
svgs/oxygen-icons-5.113.0/scalable/actions/small/16x16/mail-signed-full.svg	mismatch	7495	3033	4462
svgs/oxygen-icons-5.113.0/scalable/actions/small/16x16/mail-signed-part.svg	mismatch	8240	3383	4857
svgs/oxygen-icons-5.113.0/scalable/actions/small/16x16/mail-signed-verified.svg	pass	94919	24695	70224
svgs/oxygen-icons-5.113.0/scalable/actions/small/16x16/mail-signed.svg	mismatch	7099	3044	4055
svgs/oxygen-icons-5.113.0/scalable/actions/small/16x16/mail-tagged.svg	mismatch	8775	3119	5656
svgs/oxygen-icons-5.113.0/scalable/actions/small/16x16/measure.svg	pass	11919	4172	7747
svgs/oxygen-icons-5.113.0/scalable/actions/small/16x16/meeting-participant-no-response.svg	pass	339202	149289	189913
svgs/oxygen-icons-5.113.0/scalable/actions/small/16x16/meeting-participant-request-response.svg	pass	339311	149057	190254
svgs/oxygen-icons-5.113.0/scalable/actions/small/16x16/milestone.svg	pass	365120	118358	246762
svgs/oxygen-icons-5.113.0/scalable/actions/small/16x16/network-connect.svg	pass	61370	20154	41216
svgs/oxygen-icons-5.113.0/scalable/actions/small/16x16/news-subscribe.svg	pass	176559	18582	157977
svgs/oxygen-icons-5.113.0/scalable/actions/small/16x16/news-unsubscribe.svg	pass	360667	20504	340163
svgs/oxygen-icons-5.113.0/scalable/actions/small/16x16/object-flip-horizontal.svg	pass	64172	8861	55311
svgs/oxygen-icons-5.113.0/scalable/actions/small/16x16/object-flip-vertical.svg	pass	47172	5491	41681
svgs/oxygen-icons-5.113.0/scalable/actions/small/16x16/object-group.svg	pass	33560	5734	27826
svgs/oxygen-icons-5.113.0/scalable/actions/small/16x16/object-order-back.svg	pass	84368	5605	78763
svgs/oxygen-icons-5.113.0/scalable/actions/small/16x16/object-order-front.svg	pass	35754	5605	30149
svgs/oxygen-icons-5.113.0/scalable/actions/small/16x16/object-order-lower.svg	pass	45051	17041	28010
svgs/oxygen-icons-5.113.0/scalable/actions/small/16x16/object-order-raise.svg	pass	26619	4216	22403
svgs/oxygen-icons-5.113.0/scalable/actions/small/16x16/object-rotate-left.svg	pass	5926	2154	3772
svgs/oxygen-icons-5.113.0/scalable/actions/small/16x16/object-rotate-right.svg	pass	5247	2109	3138
svgs/oxygen-icons-5.113.0/scalable/actions/small/16x16/object-ungroup.svg	pass	29476	5764	23712
svgs/oxygen-icons-5.113.0/scalable/actions/small/16x16/office-chart-area-focus-peak-node.svg	pass	11207	4771	6436
svgs/oxygen-icons-5.113.0/scalable/actions/small/16x16/office-chart-area-percentage.svg	pass	15087	5582	9505
svgs/oxygen-icons-5.113.0/scalable/actions/small/16x16/office-chart-area-stacked.svg	pass	10889	5367	5522
svgs/oxygen-icons-5.113.0/scalable/actions/small/16x16/office-chart-area.svg	pass	10818	4521	6297
svgs/oxygen-icons-5.113.0/scalable/actions/small/16x16/office-chart-bar-percentage.svg	pass	147730	9258	138472
svgs/oxygen-icons-5.113.0/scalable/actions/small/16x16/office-chart-bar-stacked.svg	pass	83529	8769	74760
svgs/oxygen-icons-5.113.0/scalable/actions/small/16x16/office-chart-bar.svg	pass	74114	5553	68561
svgs/oxygen-icons-5.113.0/scalable/actions/small/16x16/office-chart-line-percentage.svg	pass	73147	4500	68647
svgs/oxygen-icons-5.113.0/scalable/actions/small/16x16/office-chart-line-stacked.svg	pass	71516	3382	68134
svgs/oxygen-icons-5.113.0/scalable/actions/small/16x16/office-chart-line.svg	pass	71494	3379	68115
svgs/oxygen-icons-5.113.0/scalable/actions/small/16x16/office-chart-pie.svg	pass	137831	18923	118908
svgs/oxygen-icons-5.113.0/scalable/actions/small/16x16/office-chart-polar-stacked.svg	pass	11503	3241	8262
svgs/oxygen-icons-5.113.0/scalable/actions/small/16x16/office-chart-polar.svg	pass	69032	2223	66809
svgs/oxygen-icons-5.113.0/scalable/actions/small/16x16/office-chart-scatter.svg	pass	70631	4085	66546
svgs/oxygen-icons-5.113.0/scalable/actions/small/16x16/page-2sides.svg	pass	6935	2865	4070
svgs/oxygen-icons-5.113.0/scalable/actions/small/16x16/page-3sides.svg	pass	6415	2586	3829
svgs/oxygen-icons-5.113.0/scalable/actions/small/16x16/page-4sides.svg	pass	9356	4431	4925
svgs/oxygen-icons-5.113.0/scalable/actions/small/16x16/page-simple.svg	pass	35097	1607	33490
svgs/oxygen-icons-5.113.0/scalable/actions/small/16x16/page-zoom.svg	pass	98595	17717	80878
svgs/oxygen-icons-5.113.0/scalable/actions/small/16x16/pdf-annotations.svg	pass	21465	5875	15590
svgs/oxygen-icons-5.113.0/scalable/actions/small/16x16/preferences-activities.svg	pass	520924	13011	507913
svgs/oxygen-icons-5.113.0/scalable/actions/small/16x16/preflight-verifier.svg	pass	852314	554385	297929
svgs/oxygen-icons-5.113.0/scalable/actions/small/16x16/process-stop.svg	pass	18598	9351	9247
svgs/oxygen-icons-5.113.0/scalable/actions/small/16x16/project-development-close-all.svg	pass	51095	6470	44625
svgs/oxygen-icons-5.113.0/scalable/actions/small/16x16/project-development-close.svg	pass	47735	4671	43064
svgs/oxygen-icons-5.113.0/scalable/actions/small/16x16/project-development-new-template.svg	pass	110151	5999	104152
svgs/oxygen-icons-5.113.0/scalable/actions/small/16x16/project-development.svg	pass	81021	5822	75199
svgs/oxygen-icons-5.113.0/scalable/actions/small/16x16/project-open.svg	pass	1094569	126177	968392
svgs/oxygen-icons-5.113.0/scalable/actions/small/16x16/quickopen-class.svg	pass	62146	18396	43750
svgs/oxygen-icons-5.113.0/scalable/actions/small/16x16/quickopen-file.svg	pass	30821	15198	15623
svgs/oxygen-icons-5.113.0/scalable/actions/small/16x16/quickopen-function.svg	pass	96853	16911	79942
svgs/oxygen-icons-5.113.0/scalable/actions/small/16x16/quickopen.svg	pass	27518	10559	16959
svgs/oxygen-icons-5.113.0/scalable/actions/small/16x16/rating.svg	pass	42525	19638	22887
svgs/oxygen-icons-5.113.0/scalable/actions/small/16x16/resource-calendar-child-insert.svg	pass	55730	13269	42461
svgs/oxygen-icons-5.113.0/scalable/actions/small/16x16/resource-calendar-child.svg	pass	47920	9808	38112
svgs/oxygen-icons-5.113.0/scalable/actions/small/16x16/resource-calendar-insert.svg	pass	93267	37956	55311
svgs/oxygen-icons-5.113.0/scalable/actions/small/16x16/resource-group-new.svg	pass	208471	150301	58170
svgs/oxygen-icons-5.113.0/scalable/actions/small/16x16/run-build-clean.svg	pass	256810	61468	195342
svgs/oxygen-icons-5.113.0/scalable/actions/small/16x16/run-build-configure.svg	pass	279991	62611	217380
svgs/oxygen-icons-5.113.0/scalable/actions/small/16x16/run-build-file.svg	pass	417973	45113	372860
svgs/oxygen-icons-5.113.0/scalable/actions/small/16x16/run-build-install-root.svg	pass	227535	43356	184179
svgs/oxygen-icons-5.113.0/scalable/actions/small/16x16/run-build-install.svg	pass	355713	44733	310980
svgs/oxygen-icons-5.113.0/scalable/actions/small/16x16/run-build-prune.svg	pass	286342	81517	204825
svgs/oxygen-icons-5.113.0/scalable/actions/small/16x16/run-build.svg	pass	225307	38938	186369
svgs/oxygen-icons-5.113.0/scalable/actions/small/16x16/select-rectangular.svg	pass	37435	16698	20737
svgs/oxygen-icons-5.113.0/scalable/actions/small/16x16/show-menu.svg	pass	4961	1664	3297
svgs/oxygen-icons-5.113.0/scalable/actions/small/16x16/snap-extension.svg	pass	30333	14277	16056
svgs/oxygen-icons-5.113.0/scalable/actions/small/16x16/snap-guideline.svg	pass	18995	6593	12402
svgs/oxygen-icons-5.113.0/scalable/actions/small/16x16/snap-intersection.svg	pass	14134	5479	8655
svgs/oxygen-icons-5.113.0/scalable/actions/small/16x16/snap-node.svg	pass	23689	11224	12465
svgs/oxygen-icons-5.113.0/scalable/actions/small/16x16/snap-orthogonal.svg	pass	16594	5388	11206
svgs/oxygen-icons-5.113.0/scalable/actions/small/16x16/story-editor.svg	pass	42376	21038	21338
svgs/oxygen-icons-5.113.0/scalable/actions/small/16x16/stroke-cap-butt.svg	pass	7597	2930	4667
svgs/oxygen-icons-5.113.0/scalable/actions/small/16x16/stroke-cap-round.svg	pass	8277	3345	4932
svgs/oxygen-icons-5.113.0/scalable/actions/small/16x16/stroke-cap-square.png.svg	pass	9041	3141	5900
svgs/oxygen-icons-5.113.0/scalable/actions/small/16x16/stroke-join-bevel.svg	pass	15609	3819	11790
svgs/oxygen-icons-5.113.0/scalable/actions/small/16x16/stroke-join-miter.svg	pass	9018	3810	5208
svgs/oxygen-icons-5.113.0/scalable/actions/small/16x16/stroke-join-round.svg	pass	9504	4185	5319
svgs/oxygen-icons-5.113.0/scalable/actions/small/16x16/system-run.svg	pass	337278	19190	318088
svgs/oxygen-icons-5.113.0/scalable/actions/small/16x16/system-search.svg	pass	120205	23536	96669
svgs/oxygen-icons-5.113.0/scalable/actions/small/16x16/tab-close.svg	pass	206040	15616	190424
svgs/oxygen-icons-5.113.0/scalable/actions/small/16x16/tab-detach.svg	pass	39461	7601	31860
svgs/oxygen-icons-5.113.0/scalable/actions/small/16x16/tab-duplicate.svg	pass	43141	6357	36784
svgs/oxygen-icons-5.113.0/scalable/actions/small/16x16/tab-new-background.svg	pass	18320	5937	12383
svgs/oxygen-icons-5.113.0/scalable/actions/small/16x16/tab-new.svg	pass	48819	8404	40415
svgs/oxygen-icons-5.113.0/scalable/actions/small/16x16/text-completion.svg	pass	41699	6169	35530
svgs/oxygen-icons-5.113.0/scalable/actions/small/16x16/text-field.svg	pass	6208	2004	4204
svgs/oxygen-icons-5.113.0/scalable/actions/small/16x16/text-frame-link.svg	pass	16102	6982	9120
svgs/oxygen-icons-5.113.0/scalable/actions/small/16x16/text-frame-unlink.svg	pass	15960	6826	9134
svgs/oxygen-icons-5.113.0/scalable/actions/small/16x16/text-speak.svg	pass	13650	7271	6379
svgs/oxygen-icons-5.113.0/scalable/actions/small/16x16/tool-animator.svg	pass	27487	12748	14739
svgs/oxygen-icons-5.113.0/scalable/actions/small/16x16/tools-check-spelling.svg	pass	25108	12283	12825
svgs/oxygen-icons-5.113.0/scalable/actions/small/16x16/tools-media-optical-burn-image.svg	pass	884024	140204	743820
svgs/oxygen-icons-5.113.0/scalable/actions/small/16x16/tools-media-optical-burn.svg	pass	845007	140473	704534
svgs/oxygen-icons-5.113.0/scalable/actions/small/16x16/tools-media-optical-copy.svg	pass	1670117	242076	1428041
svgs/oxygen-icons-5.113.0/scalable/actions/small/16x16/tools-media-optical-erase.svg	pass	173389	19016	154373
svgs/oxygen-icons-5.113.0/scalable/actions/small/16x16/tools-media-optical-format.svg	pass	62135	32758	29377
svgs/oxygen-icons-5.113.0/scalable/actions/small/16x16/tools-rip-audio-cd.svg	pass	855654	131476	724178
svgs/oxygen-icons-5.113.0/scalable/actions/small/16x16/tools-rip-video-cd.svg	pass	48380	25295	23085
svgs/oxygen-icons-5.113.0/scalable/actions/small/16x16/tools-rip-video-dvd.svg	pass	62660	26940	35720
svgs/oxygen-icons-5.113.0/scalable/actions/small/16x16/transform-crop-and-resize.svg	pass	169135	14350	154785
svgs/oxygen-icons-5.113.0/scalable/actions/small/16x16/transform-crop.svg	pass	168848	14099	154749
svgs/oxygen-icons-5.113.0/scalable/actions/small/16x16/transform-rotate.svg	pass	11283	5173	6110
svgs/oxygen-icons-5.113.0/scalable/actions/small/16x16/transform-scale.svg	pass	17564	5177	12387
svgs/oxygen-icons-5.113.0/scalable/actions/small/16x16/transform-shear-down.svg	pass	10108	4404	5704
svgs/oxygen-icons-5.113.0/scalable/actions/small/16x16/transform-shear-left.svg	pass	10081	4398	5683
svgs/oxygen-icons-5.113.0/scalable/actions/small/16x16/transform-shear-right.svg	pass	10307	4356	5951
svgs/oxygen-icons-5.113.0/scalable/actions/small/16x16/transform-shear-up.svg	pass	10105	4403	5702
svgs/oxygen-icons-5.113.0/scalable/actions/small/16x16/trash-empty.svg	pass	253726	10397	243329
svgs/oxygen-icons-5.113.0/scalable/actions/small/16x16/user-group-delete.svg	pass	949594	139633	809961
svgs/oxygen-icons-5.113.0/scalable/actions/small/16x16/user-group-new.svg	pass	560501	91880	468621
svgs/oxygen-icons-5.113.0/scalable/actions/small/16x16/user-group-properties.svg	pass	892720	152216	740504
svgs/oxygen-icons-5.113.0/scalable/actions/small/16x16/user-properties.svg	pass	342736	63969	278767
svgs/oxygen-icons-5.113.0/scalable/actions/small/16x16/view-barcode-add.svg	pass	210459	7393	203066
svgs/oxygen-icons-5.113.0/scalable/actions/small/16x16/view-barcode.svg	pass	70368	2980	67388
svgs/oxygen-icons-5.113.0/scalable/actions/small/16x16/view-calendar-agenda.svg	pass	42867	7272	35595
svgs/oxygen-icons-5.113.0/scalable/actions/small/16x16/view-calendar-birthday.svg	pass	21241	9459	11782
svgs/oxygen-icons-5.113.0/scalable/actions/small/16x16/view-calendar-day.svg	pass	71585	35537	36048
svgs/oxygen-icons-5.113.0/scalable/actions/small/16x16/view-calendar-holiday.svg	pass	16452	5869	10583
svgs/oxygen-icons-5.113.0/scalable/actions/small/16x16/view-calendar-journal.svg	pass	284784	37277	247507
svgs/oxygen-icons-5.113.0/scalable/actions/small/16x16/view-calendar-list.svg	pass	78190	9944	68246
svgs/oxygen-icons-5.113.0/scalable/actions/small/16x16/view-calendar-month.svg	pass	92647	47294	45353
svgs/oxygen-icons-5.113.0/scalable/actions/small/16x16/view-calendar-special-occasion.svg	pass	96785	48348	48437
svgs/oxygen-icons-5.113.0/scalable/actions/small/16x16/view-calendar-tasks.svg	pass	99216	15573	83643
svgs/oxygen-icons-5.113.0/scalable/actions/small/16x16/view-calendar-time-spent.svg	pass	231904	50162	181742
svgs/oxygen-icons-5.113.0/scalable/actions/small/16x16/view-calendar-timeline.svg	pass	40203	3640	36563
svgs/oxygen-icons-5.113.0/scalable/actions/small/16x16/view-calendar-upcoming-days.svg	pass	73641	36819	36822
svgs/oxygen-icons-5.113.0/scalable/actions/small/16x16/view-calendar-upcoming-events.svg	pass	77039	35054	41985
svgs/oxygen-icons-5.113.0/scalable/actions/small/16x16/view-calendar-wedding-anniversary.svg	pass	33105	10774	22331
svgs/oxygen-icons-5.113.0/scalable/actions/small/16x16/view-calendar-week.svg	pass	77755	39383	38372
svgs/oxygen-icons-5.113.0/scalable/actions/small/16x16/view-calendar-whatsnext.svg	pass	196539	56172	140367
svgs/oxygen-icons-5.113.0/scalable/actions/small/16x16/view-calendar-workweek.svg	pass	75697	38101	37596
svgs/oxygen-icons-5.113.0/scalable/actions/small/16x16/view-calendar.svg	pass	84710	34928	49782
svgs/oxygen-icons-5.113.0/scalable/actions/small/16x16/view-certificate-add.svg	pass	976297	59392	916905
svgs/oxygen-icons-5.113.0/scalable/actions/small/16x16/view-certificate-export-secret.svg	pass	228108	41080	187028
svgs/oxygen-icons-5.113.0/scalable/actions/small/16x16/view-certificate-export-server.svg	pass	918510	384138	534372
svgs/oxygen-icons-5.113.0/scalable/actions/small/16x16/view-certificate-export.svg	pass	178545	50879	127666
svgs/oxygen-icons-5.113.0/scalable/actions/small/16x16/view-certificate-import.svg	pass	333584	19514	314070
svgs/oxygen-icons-5.113.0/scalable/actions/small/16x16/view-certificate-server-configure.svg	pass	1183916	408145	775771
svgs/oxygen-icons-5.113.0/scalable/actions/small/16x16/view-certificate-sign.svg	pass	233261	25981	207280
svgs/oxygen-icons-5.113.0/scalable/actions/small/16x16/view-certificate.svg	pass	183089	53122	129967
svgs/oxygen-icons-5.113.0/scalable/actions/small/16x16/view-choose.svg	pass	82670	6843	75827
svgs/oxygen-icons-5.113.0/scalable/actions/small/16x16/view-close.svg	pass	77750	2678	75072
svgs/oxygen-icons-5.113.0/scalable/actions/small/16x16/view-file-columns.svg	pass	76843	5846	70997
svgs/oxygen-icons-5.113.0/scalable/actions/small/16x16/view-filter.svg	pass	29025	10714	18311
svgs/oxygen-icons-5.113.0/scalable/actions/small/16x16/view-financial-forecast.svg	pass	16862	8680	8182
svgs/oxygen-icons-5.113.0/scalable/actions/small/16x16/view-form-action.svg	pass	98636	15829	82807
svgs/oxygen-icons-5.113.0/scalable/actions/small/16x16/view-form-table.svg	pass	36675	2397	34278
svgs/oxygen-icons-5.113.0/scalable/actions/small/16x16/view-form.svg	pass	77764	5943	71821
svgs/oxygen-icons-5.113.0/scalable/actions/small/16x16/view-fullscreen.svg	pass	290747	2028	288719
svgs/oxygen-icons-5.113.0/scalable/actions/small/16x16/view-grid.svg	pass	29069	3552	25517
svgs/oxygen-icons-5.113.0/scalable/actions/small/16x16/view-group.svg	pass	79492	7938	71554
svgs/oxygen-icons-5.113.0/scalable/actions/small/16x16/view-history.svg	pass	40836	19207	21629
svgs/oxygen-icons-5.113.0/scalable/actions/small/16x16/view-ldap-resource.svg	pass	1734692	886295	848397
svgs/oxygen-icons-5.113.0/scalable/actions/small/16x16/view-left-close.svg	pass	77567	6189	71378
svgs/oxygen-icons-5.113.0/scalable/actions/small/16x16/view-list-details.svg	pass	80621	7546	73075
svgs/oxygen-icons-5.113.0/scalable/actions/small/16x16/view-list-icons.svg	pass	81467	7254	74213
svgs/oxygen-icons-5.113.0/scalable/actions/small/16x16/view-list-text.svg	pass	76924	5546	71378
svgs/oxygen-icons-5.113.0/scalable/actions/small/16x16/view-list-tree.svg	pass	81339	6738	74601
svgs/oxygen-icons-5.113.0/scalable/actions/small/16x16/view-media-artist.svg	pass	8338	3148	5190
svgs/oxygen-icons-5.113.0/scalable/actions/small/16x16/view-media-lyrics.svg	pass	173353	31092	142261
svgs/oxygen-icons-5.113.0/scalable/actions/small/16x16/view-media-playlist.svg	pass	141311	24844	116467
svgs/oxygen-icons-5.113.0/scalable/actions/small/16x16/view-multiple-objects.svg	pass	11012	4003	7009
svgs/oxygen-icons-5.113.0/scalable/actions/small/16x16/view-pim-calendar.svg	pass	34358	3748	30610
svgs/oxygen-icons-5.113.0/scalable/actions/small/16x16/view-pim-contacts.svg	pass	76789	36346	40443
svgs/oxygen-icons-5.113.0/scalable/actions/small/16x16/view-pim-journal.svg	pass	100968	22849	78119
svgs/oxygen-icons-5.113.0/scalable/actions/small/16x16/view-pim-mail.svg	pass	214275	46363	167912
svgs/oxygen-icons-5.113.0/scalable/actions/small/16x16/view-pim-news.svg	pass	161386	9086	152300
svgs/oxygen-icons-5.113.0/scalable/actions/small/16x16/view-pim-notes.svg	pass	282069	3754	278315
svgs/oxygen-icons-5.113.0/scalable/actions/small/16x16/view-pim-tasks-pending.svg	pass	135729	30245	105484
svgs/oxygen-icons-5.113.0/scalable/actions/small/16x16/view-pim-tasks.svg	pass	122871	21918	100953
svgs/oxygen-icons-5.113.0/scalable/actions/small/16x16/view-presentation.svg	pass	90869	9810	81059
svgs/oxygen-icons-5.113.0/scalable/actions/small/16x16/view-preview.svg	pass	113152	38167	74985
svgs/oxygen-icons-5.113.0/scalable/actions/small/16x16/view-process-all-tree.svg	pass	18124	4050	14074
svgs/oxygen-icons-5.113.0/scalable/actions/small/16x16/view-process-all.svg	pass	17127	3205	13922
svgs/oxygen-icons-5.113.0/scalable/actions/small/16x16/view-process-own.svg	pass	95088	4742	90346
svgs/oxygen-icons-5.113.0/scalable/actions/small/16x16/view-process-system.svg	pass	19714	4481	15233
svgs/oxygen-icons-5.113.0/scalable/actions/small/16x16/view-process-users.svg	pass	22762	5897	16865
svgs/oxygen-icons-5.113.0/scalable/actions/small/16x16/view-refresh.svg	pass	60613	17750	42863
svgs/oxygen-icons-5.113.0/scalable/actions/small/16x16/view-resource-calendar.svg	pass	186911	36279	150632
svgs/oxygen-icons-5.113.0/scalable/actions/small/16x16/view-restore.svg	pass	291118	2270	288848
svgs/oxygen-icons-5.113.0/scalable/actions/small/16x16/view-right-close.svg	pass	77447	6261	71186
svgs/oxygen-icons-5.113.0/scalable/actions/small/16x16/view-right-new.svg	pass	77837	6493	71344
svgs/oxygen-icons-5.113.0/scalable/actions/small/16x16/view-sort-ascending.svg	pass	16849	6235	10614
svgs/oxygen-icons-5.113.0/scalable/actions/small/16x16/view-sort-descending.svg	pass	15693	6265	9428
svgs/oxygen-icons-5.113.0/scalable/actions/small/16x16/view-split-left-right.svg	pass	76181	5426	70755
svgs/oxygen-icons-5.113.0/scalable/actions/small/16x16/view-split-top-bottom.svg	pass	76174	5429	70745
svgs/oxygen-icons-5.113.0/scalable/actions/small/16x16/view-task-add.svg	pass	186091	21042	165049
svgs/oxygen-icons-5.113.0/scalable/actions/small/16x16/view-task-child-add.svg	pass	92290	12910	79380
svgs/oxygen-icons-5.113.0/scalable/actions/small/16x16/view-task-child.svg	pass	84394	9449	74945
svgs/oxygen-icons-5.113.0/scalable/actions/small/16x16/view-task.svg	pass	92051	17196	74855
svgs/oxygen-icons-5.113.0/scalable/actions/small/16x16/view-time-schedule-baselined-add.svg	pass	183677	13711	169966
svgs/oxygen-icons-5.113.0/scalable/actions/small/16x16/view-time-schedule-baselined-remove.svg	pass	207035	13284	193751
svgs/oxygen-icons-5.113.0/scalable/actions/small/16x16/view-time-schedule-baselined.svg	pass	158648	8828	149820
svgs/oxygen-icons-5.113.0/scalable/actions/small/16x16/view-time-schedule-calculus.svg	mismatch	75822	26486	49336
svgs/oxygen-icons-5.113.0/scalable/actions/small/16x16/view-time-schedule-child-insert.svg	pass	46871	9066	37805
svgs/oxygen-icons-5.113.0/scalable/actions/small/16x16/view-time-schedule-edit.svg	pass	72255	14718	57537
svgs/oxygen-icons-5.113.0/scalable/actions/small/16x16/view-time-schedule-insert.svg	pass	53734	7942	45792
svgs/oxygen-icons-5.113.0/scalable/actions/small/16x16/view-time-schedule.svg	pass	46295	4481	41814
svgs/oxygen-icons-5.113.0/scalable/actions/small/16x16/window-duplicate.svg	pass	82027	5921	76106
svgs/oxygen-icons-5.113.0/scalable/actions/small/16x16/window-new.svg	pass	83937	8552	75385
svgs/oxygen-icons-5.113.0/scalable/actions/small/16x16/zoom-1-to-2.svg	pass	105239	12619	92620
svgs/oxygen-icons-5.113.0/scalable/actions/small/16x16/zoom-2-to-1.svg	pass	105757	12912	92845
svgs/oxygen-icons-5.113.0/scalable/actions/small/16x16/zoom-draw.svg	pass	194877	13700	181177
svgs/oxygen-icons-5.113.0/scalable/actions/small/16x16/zoom-fit-best.svg	pass	36405	6091	30314
svgs/oxygen-icons-5.113.0/scalable/actions/small/16x16/zoom-fit-height.svg	pass	36939	6100	30839
svgs/oxygen-icons-5.113.0/scalable/actions/small/16x16/zoom-fit-width.svg	pass	37816	6082	31734
svgs/oxygen-icons-5.113.0/scalable/actions/small/16x16/zoom-in.svg	pass	104209	13578	90631
svgs/oxygen-icons-5.113.0/scalable/actions/small/16x16/zoom-next.svg	pass	101764	12316	89448
svgs/oxygen-icons-5.113.0/scalable/actions/small/16x16/zoom-original.svg	pass	103135	11695	91440
svgs/oxygen-icons-5.113.0/scalable/actions/small/16x16/zoom-out.svg	pass	103445	13217	90228
svgs/oxygen-icons-5.113.0/scalable/actions/small/16x16/zoom-previous.svg	pass	103988	12320	91668
svgs/oxygen-icons-5.113.0/scalable/actions/small/16x16/zoom-select.svg	pass	32453	13250	19203
svgs/oxygen-icons-5.113.0/scalable/actions/small/22x22/acrobat.svg	pass	9169	3951	5218
svgs/oxygen-icons-5.113.0/scalable/actions/small/22x22/address-book-new.svg	pass	3641288	2332725	1308563
svgs/oxygen-icons-5.113.0/scalable/actions/small/22x22/align-horizontal-center.svg	pass	9264	4093	5171
svgs/oxygen-icons-5.113.0/scalable/actions/small/22x22/align-horizontal-left-out.svg	pass	12301	5774	6527
svgs/oxygen-icons-5.113.0/scalable/actions/small/22x22/align-horizontal-left.svg	pass	9269	4112	5157
svgs/oxygen-icons-5.113.0/scalable/actions/small/22x22/align-horizontal-right-out.svg	pass	12269	5740	6529
svgs/oxygen-icons-5.113.0/scalable/actions/small/22x22/align-horizontal-right.svg	pass	9272	4108	5164
svgs/oxygen-icons-5.113.0/scalable/actions/small/22x22/align-vertical-bottom-out.svg	pass	12562	6016	6546
svgs/oxygen-icons-5.113.0/scalable/actions/small/22x22/align-vertical-bottom.svg	pass	9506	4282	5224
svgs/oxygen-icons-5.113.0/scalable/actions/small/22x22/align-vertical-center.svg	pass	9914	4589	5325
svgs/oxygen-icons-5.113.0/scalable/actions/small/22x22/align-vertical-top-out.svg	pass	12561	6001	6560
svgs/oxygen-icons-5.113.0/scalable/actions/small/22x22/align-vertical-top.png.svg	pass	9504	4282	5222
svgs/oxygen-icons-5.113.0/scalable/actions/small/22x22/application-exit.svg	pass	36507	12756	23751
svgs/oxygen-icons-5.113.0/scalable/actions/small/22x22/appointment-new.svg	pass	79345	36870	42475
svgs/oxygen-icons-5.113.0/scalable/actions/small/22x22/archive-extract.svg	pass	33810	9317	24493
svgs/oxygen-icons-5.113.0/scalable/actions/small/22x22/archive-insert-directory.svg	pass	1561659	126406	1435253
svgs/oxygen-icons-5.113.0/scalable/actions/small/22x22/archive-insert.svg	pass	31574	16468	15106
svgs/oxygen-icons-5.113.0/scalable/actions/small/22x22/archive-remove.svg	pass	172302	10884	161418
svgs/oxygen-icons-5.113.0/scalable/actions/small/22x22/arrow-down-double.svg	pass	39410	10709	28701
svgs/oxygen-icons-5.113.0/scalable/actions/small/22x22/arrow-left-double.svg	pass	39390	10661	28729
svgs/oxygen-icons-5.113.0/scalable/actions/small/22x22/arrow-right-double.svg	pass	39406	10720	28686
svgs/oxygen-icons-5.113.0/scalable/actions/small/22x22/arrow-up-double.svg	pass	39406	10682	28724
svgs/oxygen-icons-5.113.0/scalable/actions/small/22x22/bookmark-new-list.svg	pass	126460	52591	73869
svgs/oxygen-icons-5.113.0/scalable/actions/small/22x22/bookmark-new.svg	pass	39614	10034	29580
svgs/oxygen-icons-5.113.0/scalable/actions/small/22x22/bookmark-toolbar.svg	pass	219085	20598	198487
svgs/oxygen-icons-5.113.0/scalable/actions/small/22x22/bookmarks-organize.svg	pass	957602	503564	454038
svgs/oxygen-icons-5.113.0/scalable/actions/small/22x22/call-start.svg	pass	43845	7978	35867
svgs/oxygen-icons-5.113.0/scalable/actions/small/22x22/call-stop.svg	pass	60545	7743	52802
svgs/oxygen-icons-5.113.0/scalable/actions/small/22x22/character-set.svg	pass	9443	3867	5576
svgs/oxygen-icons-5.113.0/scalable/actions/small/22x22/checkbox.svg	pass	45311	11941	33370
svgs/oxygen-icons-5.113.0/scalable/actions/small/22x22/code-block.svg	pass	46809	10933	35876
svgs/oxygen-icons-5.113.0/scalable/actions/small/22x22/code-class.svg	pass	47681	12406	35275
svgs/oxygen-icons-5.113.0/scalable/actions/small/22x22/code-context.svg	pass	146672	7345	139327
svgs/oxygen-icons-5.113.0/scalable/actions/small/22x22/code-function.svg	pass	36220	6291	29929
svgs/oxygen-icons-5.113.0/scalable/actions/small/22x22/code-typedef.svg	pass	23398	5965	17433
svgs/oxygen-icons-5.113.0/scalable/actions/small/22x22/code-variable.svg	pass	38680	5382	33298
svgs/oxygen-icons-5.113.0/scalable/actions/small/22x22/color-picker-black.svg	pass	49195	19605	29590
svgs/oxygen-icons-5.113.0/scalable/actions/small/22x22/color-picker-grey.svg	pass	48316	19285	29031
svgs/oxygen-icons-5.113.0/scalable/actions/small/22x22/color-picker-white.svg	pass	48306	19277	29029
svgs/oxygen-icons-5.113.0/scalable/actions/small/22x22/color-picker.svg	pass	40950	16080	24870
svgs/oxygen-icons-5.113.0/scalable/actions/small/22x22/configure-toolbars.svg	pass	227189	31261	195928
svgs/oxygen-icons-5.113.0/scalable/actions/small/22x22/configure.svg	pass	175657	30394	145263
svgs/oxygen-icons-5.113.0/scalable/actions/small/22x22/contact-new.svg	pass	114133	50163	63970
svgs/oxygen-icons-5.113.0/scalable/actions/small/22x22/debug-execute-from-cursor.svg	pass	151490	5869	145621
svgs/oxygen-icons-5.113.0/scalable/actions/small/22x22/debug-execute-to-cursor.svg	pass	150700	5850	144850
svgs/oxygen-icons-5.113.0/scalable/actions/small/22x22/debug-run-cursor.svg	pass	422401	42878	379523
svgs/oxygen-icons-5.113.0/scalable/actions/small/22x22/debug-run.svg	pass	421178	41262	379916
svgs/oxygen-icons-5.113.0/scalable/actions/small/22x22/debug-step-instruction.svg	pass	124311	9157	115154
svgs/oxygen-icons-5.113.0/scalable/actions/small/22x22/debug-step-into-instruction.svg	pass	125490	9775	115715
svgs/oxygen-icons-5.113.0/scalable/actions/small/22x22/debug-step-into.svg	pass	125092	9629	115463
svgs/oxygen-icons-5.113.0/scalable/actions/small/22x22/debug-step-out.svg	pass	122257	8830	113427
svgs/oxygen-icons-5.113.0/scalable/actions/small/22x22/debug-step-over.svg	pass	123952	9021	114931
svgs/oxygen-icons-5.113.0/scalable/actions/small/22x22/dialog-cancel.svg	pass	4799	1636	3163
svgs/oxygen-icons-5.113.0/scalable/actions/small/22x22/dialog-ok-apply.svg	pass	18285	9069	9216
svgs/oxygen-icons-5.113.0/scalable/actions/small/22x22/dialog-ok.svg	pass	20655	9242	11413
svgs/oxygen-icons-5.113.0/scalable/actions/small/22x22/distribute-horizontal-center.svg	pass	51234	4689	46545
svgs/oxygen-icons-5.113.0/scalable/actions/small/22x22/distribute-horizontal-equal.svg	pass	51245	4682	46563
svgs/oxygen-icons-5.113.0/scalable/actions/small/22x22/distribute-horizontal-left.svg	pass	51255	4680	46575
svgs/oxygen-icons-5.113.0/scalable/actions/small/22x22/distribute-horizontal-margin.svg	pass	10210	3637	6573
svgs/oxygen-icons-5.113.0/scalable/actions/small/22x22/distribute-horizontal-page.svg	pass	19805	8478	11327
svgs/oxygen-icons-5.113.0/scalable/actions/small/22x22/distribute-horizontal-right.svg	pass	51232	4679	46553
svgs/oxygen-icons-5.113.0/scalable/actions/small/22x22/distribute-horizontal-x.svg	pass	9460	3718	5742
svgs/oxygen-icons-5.113.0/scalable/actions/small/22x22/distribute-vertical-bottom.svg	pass	51837	4876	46961
svgs/oxygen-icons-5.113.0/scalable/actions/small/22x22/distribute-vertical-center.svg	pass	11472	5553	5919
svgs/oxygen-icons-5.113.0/scalable/actions/small/22x22/distribute-vertical-equal.svg	pass	10001	4592	5409
svgs/oxygen-icons-5.113.0/scalable/actions/small/22x22/distribute-vertical-margin.svg	pass	9188	3618	5570
svgs/oxygen-icons-5.113.0/scalable/actions/small/22x22/distribute-vertical-page.svg	pass	29359	8497	20862
svgs/oxygen-icons-5.113.0/scalable/actions/small/22x22/distribute-vertical-top.svg	pass	51487	4871	46616
svgs/oxygen-icons-5.113.0/scalable/actions/small/22x22/distribute-vertical-y.svg	pass	11562	3810	7752
svgs/oxygen-icons-5.113.0/scalable/actions/small/22x22/document-decrypt.svg	pass	259582	169206	90376
svgs/oxygen-icons-5.113.0/scalable/actions/small/22x22/document-edit-decrypt-verify.svg	pass	133802	64593	69209
svgs/oxygen-icons-5.113.0/scalable/actions/small/22x22/document-edit-decrypt.svg	pass	121484	53999	67485
svgs/oxygen-icons-5.113.0/scalable/actions/small/22x22/document-edit-emcrypted.svg	pass	47020	10714	36306
svgs/oxygen-icons-5.113.0/scalable/actions/small/22x22/document-edit-encrypt.svg	pass	90232	41337	48895
svgs/oxygen-icons-5.113.0/scalable/actions/small/22x22/document-edit-sign-encrypt.svg	pass	113421	58616	54805
svgs/oxygen-icons-5.113.0/scalable/actions/small/22x22/document-edit-sign.svg	pass	172264	98925	73339
svgs/oxygen-icons-5.113.0/scalable/actions/small/22x22/document-edit-verify.svg	pass	203302	129537	73765
svgs/oxygen-icons-5.113.0/scalable/actions/small/22x22/document-edit.svg	pass	67288	17651	49637
svgs/oxygen-icons-5.113.0/scalable/actions/small/22x22/document-encrypt.svg	pass	263401	170168	93233
svgs/oxygen-icons-5.113.0/scalable/actions/small/22x22/document-export-table.svg	pass	149974	15452	134522
svgs/oxygen-icons-5.113.0/scalable/actions/small/22x22/document-export.svg	pass	32859	9050	23809
svgs/oxygen-icons-5.113.0/scalable/actions/small/22x22/document-import.svg	pass	32599	9422	23177
svgs/oxygen-icons-5.113.0/scalable/actions/small/22x22/document-new.svg	pass	17815	6584	11231
svgs/oxygen-icons-5.113.0/scalable/actions/small/22x22/document-open-folder.svg	pass	129652	116823	12829
svgs/oxygen-icons-5.113.0/scalable/actions/small/22x22/document-open-remote.svg	pass	800174	452320	347854
svgs/oxygen-icons-5.113.0/scalable/actions/small/22x22/document-open.svg	pass	144568	124564	20004
svgs/oxygen-icons-5.113.0/scalable/actions/small/22x22/document-preview-archive.svg	pass	658397	28960	629437
svgs/oxygen-icons-5.113.0/scalable/actions/small/22x22/document-preview.svg	pass	147014	25541	121473
svgs/oxygen-icons-5.113.0/scalable/actions/small/22x22/document-print-direct.svg	pass	78130	31402	46728
svgs/oxygen-icons-5.113.0/scalable/actions/small/22x22/document-print-frame.svg	pass	371576	23483	348093
svgs/oxygen-icons-5.113.0/scalable/actions/small/22x22/document-print-preview.svg	pass	75468	34052	41416
svgs/oxygen-icons-5.113.0/scalable/actions/small/22x22/document-print.svg	pass	365669	21837	343832
svgs/oxygen-icons-5.113.0/scalable/actions/small/22x22/document-properties.svg	pass	36178	18067	18111
svgs/oxygen-icons-5.113.0/scalable/actions/small/22x22/document-revert.svg	pass	46778	20301	26477
svgs/oxygen-icons-5.113.0/scalable/actions/small/22x22/document-save-all.svg	pass	548562	31814	516748
svgs/oxygen-icons-5.113.0/scalable/actions/small/22x22/document-save-as.svg	pass	50281	30198	20083
svgs/oxygen-icons-5.113.0/scalable/actions/small/22x22/document-save.svg	pass	519083	18222	500861
svgs/oxygen-icons-5.113.0/scalable/actions/small/22x22/documentation.svg	pass	24134	10259	13875
svgs/oxygen-icons-5.113.0/scalable/actions/small/22x22/download-later.svg	pass	95696	17804	77892
svgs/oxygen-icons-5.113.0/scalable/actions/small/22x22/download.svg	pass	667375	346434	320941
svgs/oxygen-icons-5.113.0/scalable/actions/small/22x22/draw-arrow-back.svg	pass	8002	2455	5547
svgs/oxygen-icons-5.113.0/scalable/actions/small/22x22/draw-arrow-down.svg	pass	7482	2588	4894
svgs/oxygen-icons-5.113.0/scalable/actions/small/22x22/draw-arrow-forward.svg	pass	9049	2468	6581
svgs/oxygen-icons-5.113.0/scalable/actions/small/22x22/draw-arrow-up.svg	pass	8407	2490	5917
svgs/oxygen-icons-5.113.0/scalable/actions/small/22x22/draw-bezier-curves.svg	pass	21124	4950	16174
svgs/oxygen-icons-5.113.0/scalable/actions/small/22x22/draw-brush.svg	pass	37758	14312	23446
svgs/oxygen-icons-5.113.0/scalable/actions/small/22x22/draw-circle.svg	pass	6101	2293	3808
svgs/oxygen-icons-5.113.0/scalable/actions/small/22x22/draw-cross.svg	pass	7040	2823	4217
svgs/oxygen-icons-5.113.0/scalable/actions/small/22x22/draw-donut.svg	pass	7325	2639	4686
svgs/oxygen-icons-5.113.0/scalable/actions/small/22x22/draw-ellipse.svg	pass	6179	1983	4196
svgs/oxygen-icons-5.113.0/scalable/actions/small/22x22/draw-eraser.svg	pass	98337	14884	83453
svgs/oxygen-icons-5.113.0/scalable/actions/small/22x22/draw-freehand.svg	pass	32393	14201	18192
svgs/oxygen-icons-5.113.0/scalable/actions/small/22x22/draw-halfcircle2.svg	pass	6025	1881	4144
svgs/oxygen-icons-5.113.0/scalable/actions/small/22x22/draw-halfcircle3.svg	pass	6366	1879	4487
svgs/oxygen-icons-5.113.0/scalable/actions/small/22x22/draw-halfcircle4.svg	pass	6843	1834	5009
svgs/oxygen-icons-5.113.0/scalable/actions/small/22x22/draw-path.svg	pass	39662	10304	29358
svgs/oxygen-icons-5.113.0/scalable/actions/small/22x22/draw-polygon.svg	pass	6074	1881	4193
svgs/oxygen-icons-5.113.0/scalable/actions/small/22x22/draw-polyline.svg	pass	36703	2101	34602
svgs/oxygen-icons-5.113.0/scalable/actions/small/22x22/draw-rectangle.svg	pass	35234	1918	33316
svgs/oxygen-icons-5.113.0/scalable/actions/small/22x22/draw-spiral.svg	pass	19186	3242	15944
svgs/oxygen-icons-5.113.0/scalable/actions/small/22x22/draw-square-inverted-corners.svg	pass	6111	2072	4039
svgs/oxygen-icons-5.113.0/scalable/actions/small/22x22/draw-star.svg	pass	5905	1972	3933
svgs/oxygen-icons-5.113.0/scalable/actions/small/22x22/draw-text.svg	pass	8551	1369	7182
svgs/oxygen-icons-5.113.0/scalable/actions/small/22x22/draw-triangle.svg	pass	5915	1896	4019
svgs/oxygen-icons-5.113.0/scalable/actions/small/22x22/draw-triangle1.svg	pass	35114	1949	33165
svgs/oxygen-icons-5.113.0/scalable/actions/small/22x22/draw-triangle2.svg	pass	5916	1901	4015
svgs/oxygen-icons-5.113.0/scalable/actions/small/22x22/draw-triangle3.svg	pass	5865	1875	3990
svgs/oxygen-icons-5.113.0/scalable/actions/small/22x22/draw-triangle4.svg	pass	6425	1914	4511
svgs/oxygen-icons-5.113.0/scalable/actions/small/22x22/edit-clear-history.svg	pass	53636	22583	31053
svgs/oxygen-icons-5.113.0/scalable/actions/small/22x22/edit-clear-list.svg	pass	204058	14598	189460
svgs/oxygen-icons-5.113.0/scalable/actions/small/22x22/edit-clear-locationbar-rtl.svg	pass	90795	7591	83204
svgs/oxygen-icons-5.113.0/scalable/actions/small/22x22/edit-clear.svg	pass	35380	2706	32674
svgs/oxygen-icons-5.113.0/scalable/actions/small/22x22/edit-copy.svg	pass	33215	4662	28553
svgs/oxygen-icons-5.113.0/scalable/actions/small/22x22/edit-cut.svg	pass	29722	3707	26015
svgs/oxygen-icons-5.113.0/scalable/actions/small/22x22/edit-delete.svg	pass	176871	5849	171022
svgs/oxygen-icons-5.113.0/scalable/actions/small/22x22/edit-find-mail.svg	pass	122708	22049	100659
svgs/oxygen-icons-5.113.0/scalable/actions/small/22x22/edit-find-project.svg	pass	169175	18106	151069
svgs/oxygen-icons-5.113.0/scalable/actions/small/22x22/edit-find-replace.svg	pass	157773	29610	128163
svgs/oxygen-icons-5.113.0/scalable/actions/small/22x22/edit-find.svg	pass	91456	16954	74502
svgs/oxygen-icons-5.113.0/scalable/actions/small/22x22/edit-guides.svg	pass	20019	4285	15734
svgs/oxygen-icons-5.113.0/scalable/actions/small/22x22/edit-image-face-add.svg	mismatch	761819	51404	710415
svgs/oxygen-icons-5.113.0/scalable/actions/small/22x22/edit-image-face-detect.svg	pass	17662	3392	14270
svgs/oxygen-icons-5.113.0/scalable/actions/small/22x22/edit-image-face-recognize.svg	mismatch	179953	46242	133711
svgs/oxygen-icons-5.113.0/scalable/actions/small/22x22/edit-image-face-show.svg	pass	173505	42688	130817
svgs/oxygen-icons-5.113.0/scalable/actions/small/22x22/edit-node.svg	pass	9649	4052	5597
svgs/oxygen-icons-5.113.0/scalable/actions/small/22x22/edit-paste.svg	pass	86598	14183	72415
svgs/oxygen-icons-5.113.0/scalable/actions/small/22x22/edit-redo.svg	pass	40380	20317	20063
svgs/oxygen-icons-5.113.0/scalable/actions/small/22x22/edit-rename.svg	pass	35380	2706	32674
svgs/oxygen-icons-5.113.0/scalable/actions/small/22x22/edit-select-all.svg	pass	216219	110455	105764
svgs/oxygen-icons-5.113.0/scalable/actions/small/22x22/edit-select-none.svg	mismatch	258721	126567	132154
svgs/oxygen-icons-5.113.0/scalable/actions/small/22x22/edit-select.svg	pass	25200	2718	22482
svgs/oxygen-icons-5.113.0/scalable/actions/small/22x22/edit-table-cell-merge.svg	pass	291442	5525	285917
svgs/oxygen-icons-5.113.0/scalable/actions/small/22x22/edit-table-cell-split.svg	pass	284607	5153	279454
svgs/oxygen-icons-5.113.0/scalable/actions/small/22x22/edit-table-delete-row.svg	pass	773969	19839	754130
svgs/oxygen-icons-5.113.0/scalable/actions/small/22x22/edit-table-insert-column-left.svg	pass	602285	15153	587132
svgs/oxygen-icons-5.113.0/scalable/actions/small/22x22/edit-table-insert-column-right.svg	pass	596216	15029	581187
svgs/oxygen-icons-5.113.0/scalable/actions/small/22x22/edit-table-insert-row-above.svg	pass	1189170	18791	1170379
svgs/oxygen-icons-5.113.0/scalable/actions/small/22x22/edit-table-insert-row-under.svg	pass	568052	14955	553097
svgs/oxygen-icons-5.113.0/scalable/actions/small/22x22/edit-text-frame-update.svg	pass	11280	4043	7237
svgs/oxygen-icons-5.113.0/scalable/actions/small/22x22/edit-undo.svg	pass	39545	19146	20399
svgs/oxygen-icons-5.113.0/scalable/actions/small/22x22/folder-new.svg	pass	1561633	126406	1435227
svgs/oxygen-icons-5.113.0/scalable/actions/small/22x22/folder-sync.svg	pass	260200	227292	32908
svgs/oxygen-icons-5.113.0/scalable/actions/small/22x22/format-add-node.svg	pass	26900	13113	13787
svgs/oxygen-icons-5.113.0/scalable/actions/small/22x22/format-break-node.svg	pass	16176	5770	10406
svgs/oxygen-icons-5.113.0/scalable/actions/small/22x22/format-connect-node.svg	pass	18762	7326	11436
svgs/oxygen-icons-5.113.0/scalable/actions/small/22x22/format-disconnect-node.svg	pass	17553	7046	10507
svgs/oxygen-icons-5.113.0/scalable/actions/small/22x22/format-join-node.svg	pass	14565	5785	8780
svgs/oxygen-icons-5.113.0/scalable/actions/small/22x22/format-remove-node.svg	pass	31890	12244	19646
svgs/oxygen-icons-5.113.0/scalable/actions/small/22x22/format-text-color.svg	pass	92142	3970	88172
svgs/oxygen-icons-5.113.0/scalable/actions/small/22x22/games-highscores.svg	pass	291822	144406	147416
svgs/oxygen-icons-5.113.0/scalable/actions/small/22x22/go-down-search.svg	pass	70309	7922	62387
svgs/oxygen-icons-5.113.0/scalable/actions/small/22x22/go-down.svg	pass	29625	8723	20902
svgs/oxygen-icons-5.113.0/scalable/actions/small/22x22/go-first-view-page.svg	pass	43492	23614	19878
svgs/oxygen-icons-5.113.0/scalable/actions/small/22x22/go-first-view.svg	pass	18291	9592	8699
svgs/oxygen-icons-5.113.0/scalable/actions/small/22x22/go-home.svg	pass	35366	16382	18984
svgs/oxygen-icons-5.113.0/scalable/actions/small/22x22/go-jump-declaration.svg	pass	65414	14184	51230
svgs/oxygen-icons-5.113.0/scalable/actions/small/22x22/go-jump-definition.svg	pass	125906	8814	117092
svgs/oxygen-icons-5.113.0/scalable/actions/small/22x22/go-jump-locationbar.svg	pass	752862	337986	414876
svgs/oxygen-icons-5.113.0/scalable/actions/small/22x22/go-jump-today.svg	pass	104752	38186	66566
svgs/oxygen-icons-5.113.0/scalable/actions/small/22x22/go-last-view-page.svg	pass	264420	23898	240522
svgs/oxygen-icons-5.113.0/scalable/actions/small/22x22/go-last-view.svg	pass	23838	9773	14065
svgs/oxygen-icons-5.113.0/scalable/actions/small/22x22/go-next-context.svg	pass	18003	7476	10527
svgs/oxygen-icons-5.113.0/scalable/actions/small/22x22/go-next-use.svg	pass	122801	8735	114066
svgs/oxygen-icons-5.113.0/scalable/actions/small/22x22/go-next-view-page.svg	pass	115551	16290	99261
svgs/oxygen-icons-5.113.0/scalable/actions/small/22x22/go-next-view.svg	pass	4431	2613	1818
svgs/oxygen-icons-5.113.0/scalable/actions/small/22x22/go-next.svg	pass	30417	10602	19815
svgs/oxygen-icons-5.113.0/scalable/actions/small/22x22/go-previous-context.svg	pass	16610	7332	9278
svgs/oxygen-icons-5.113.0/scalable/actions/small/22x22/go-previous-use.svg	pass	130224	8713	121511
svgs/oxygen-icons-5.113.0/scalable/actions/small/22x22/go-previous-view-page.svg	pass	115553	16251	99302
svgs/oxygen-icons-5.113.0/scalable/actions/small/22x22/go-previous-view.svg	pass	4590	2678	1912
svgs/oxygen-icons-5.113.0/scalable/actions/small/22x22/go-previous.svg	pass	22093	7863	14230
svgs/oxygen-icons-5.113.0/scalable/actions/small/22x22/go-up-search.svg	pass	69538	7881	61657
svgs/oxygen-icons-5.113.0/scalable/actions/small/22x22/go-up.svg	pass	26837	8239	18598
svgs/oxygen-icons-5.113.0/scalable/actions/small/22x22/help-about.svg	pass	44615	11362	33253
svgs/oxygen-icons-5.113.0/scalable/actions/small/22x22/help-contents.svg	pass	1347272	682684	664588
svgs/oxygen-icons-5.113.0/scalable/actions/small/22x22/help-donate.svg	pass	145006	13586	131420
svgs/oxygen-icons-5.113.0/scalable/actions/small/22x22/help-feedback.svg	pass	56183	16587	39596
svgs/oxygen-icons-5.113.0/scalable/actions/small/22x22/im-aim.svg	pass	33328	14493	18835
svgs/oxygen-icons-5.113.0/scalable/actions/small/22x22/im-facebook.svg	pass	9942	3971	5971
svgs/oxygen-icons-5.113.0/scalable/actions/small/22x22/im-gadugadu.svg	pass	27261	10868	16393
svgs/oxygen-icons-5.113.0/scalable/actions/small/22x22/im-google-talk.svg	pass	15583	7574	8009
svgs/oxygen-icons-5.113.0/scalable/actions/small/22x22/im-google.svg	mismatch	26530	12177	14353
svgs/oxygen-icons-5.113.0/scalable/actions/small/22x22/im-icq.svg	pass	70098	25808	44290
svgs/oxygen-icons-5.113.0/scalable/actions/small/22x22/im-identi.ca.svg	pass	35112	23510	11602
svgs/oxygen-icons-5.113.0/scalable/actions/small/22x22/im-jabber.svg	pass	53970	17029	36941
svgs/oxygen-icons-5.113.0/scalable/actions/small/22x22/im-msn.svg	pass	78642	25988	52654
svgs/oxygen-icons-5.113.0/scalable/actions/small/22x22/im-qq.svg	pass	55161	20408	34753
svgs/oxygen-icons-5.113.0/scalable/actions/small/22x22/im-skype.svg	pass	43845	7978	35867
svgs/oxygen-icons-5.113.0/scalable/actions/small/22x22/im-twitter.svg	pass	14236	5297	8939
svgs/oxygen-icons-5.113.0/scalable/actions/small/22x22/im-yahoo.svg	pass	56967	22894	34073
svgs/oxygen-icons-5.113.0/scalable/actions/small/22x22/insert-horizontal-rule.svg	pass	219408	13820	205588
svgs/oxygen-icons-5.113.0/scalable/actions/small/22x22/insert-image.svg	pass	932449	557741	374708
svgs/oxygen-icons-5.113.0/scalable/actions/small/22x22/insert-link.svg	pass	191750	16826	174924
svgs/oxygen-icons-5.113.0/scalable/actions/small/22x22/insert-table.svg	pass	31948	11231	20717
svgs/oxygen-icons-5.113.0/scalable/actions/small/22x22/insert-text.svg	pass	45010	9291	35719
svgs/oxygen-icons-5.113.0/scalable/actions/small/22x22/irc-close-channel.svg	mismatch	83618	34947	48671
svgs/oxygen-icons-5.113.0/scalable/actions/small/22x22/irc-join-channel.svg	pass	272320	32615	239705
svgs/oxygen-icons-5.113.0/scalable/actions/small/22x22/key-enter.svg	pass	140422	4156	136266
svgs/oxygen-icons-5.113.0/scalable/actions/small/22x22/list-add-font.svg	pass	230467	16399	214068
svgs/oxygen-icons-5.113.0/scalable/actions/small/22x22/list-add-user.svg	mismatch	193786	54342	139444
svgs/oxygen-icons-5.113.0/scalable/actions/small/22x22/list-add.svg	pass	21628	10486	11142
svgs/oxygen-icons-5.113.0/scalable/actions/small/22x22/list-remove.svg	pass	14909	6417	8492
svgs/oxygen-icons-5.113.0/scalable/actions/small/22x22/list-resource-add.svg	pass	359945	147949	211996
svgs/oxygen-icons-5.113.0/scalable/actions/small/22x22/mail-encrypted-full.svg	pass	85193	15528	69665
svgs/oxygen-icons-5.113.0/scalable/actions/small/22x22/mail-encrypted-part.svg	pass	83492	15860	67632
svgs/oxygen-icons-5.113.0/scalable/actions/small/22x22/mail-encrypted.svg	pass	99882	17130	82752
svgs/oxygen-icons-5.113.0/scalable/actions/small/22x22/mail-flag.svg	pass	71321	38091	33230
svgs/oxygen-icons-5.113.0/scalable/actions/small/22x22/mail-forward.svg	mismatch	126793	8816	117977
svgs/oxygen-icons-5.113.0/scalable/actions/small/22x22/mail-forwarded.svg	pass	242386	42118	200268
svgs/oxygen-icons-5.113.0/scalable/actions/small/22x22/mail-invitation.svg	pass	146829	12073	134756
svgs/oxygen-icons-5.113.0/scalable/actions/small/22x22/mail-mark-important.svg	pass	450353	9837	440516
svgs/oxygen-icons-5.113.0/scalable/actions/small/22x22/mail-mark-junk.svg	pass	450456	6204	444252
svgs/oxygen-icons-5.113.0/scalable/actions/small/22x22/mail-mark-notjunk.svg	pass	19690	8490	11200
svgs/oxygen-icons-5.113.0/scalable/actions/small/22x22/mail-mark-read.svg	pass	123123	37187	85936
svgs/oxygen-icons-5.113.0/scalable/actions/small/22x22/mail-mark-task.svg	pass	51604	20412	31192
svgs/oxygen-icons-5.113.0/scalable/actions/small/22x22/mail-mark-unread-new.svg	pass	303582	7774	295808
svgs/oxygen-icons-5.113.0/scalable/actions/small/22x22/mail-mark-unread.svg	pass	70187	4739	65448
svgs/oxygen-icons-5.113.0/scalable/actions/small/22x22/mail-meeting-request-reply.svg	pass	64946	5417	59529
svgs/oxygen-icons-5.113.0/scalable/actions/small/22x22/mail-message-new-list.svg	pass	182043	41202	140841
svgs/oxygen-icons-5.113.0/scalable/actions/small/22x22/mail-message-new.svg	pass	177921	41201	136720
svgs/oxygen-icons-5.113.0/scalable/actions/small/22x22/mail-queue.svg	mismatch	179958	8652	171306
svgs/oxygen-icons-5.113.0/scalable/actions/small/22x22/mail-receive.svg	mismatch	137149	12476	124673
svgs/oxygen-icons-5.113.0/scalable/actions/small/22x22/mail-replied.svg	pass	312691	42921	269770
svgs/oxygen-icons-5.113.0/scalable/actions/small/22x22/mail-reply-all.svg	pass	23404	10617	12787
svgs/oxygen-icons-5.113.0/scalable/actions/small/22x22/mail-reply-custom-all.svg	pass	119669	7223	112446
svgs/oxygen-icons-5.113.0/scalable/actions/small/22x22/mail-reply-custom.svg	pass	119384	7094	112290
svgs/oxygen-icons-5.113.0/scalable/actions/small/22x22/mail-reply-list.svg	pass	90447	16787	73660
svgs/oxygen-icons-5.113.0/scalable/actions/small/22x22/mail-reply-sender.svg	pass	75753	10232	65521
svgs/oxygen-icons-5.113.0/scalable/actions/small/22x22/mail-send.svg	pass	181179	5813	175366
svgs/oxygen-icons-5.113.0/scalable/actions/small/22x22/mail-signature-unknown.svg	pass	29481	13422	16059
svgs/oxygen-icons-5.113.0/scalable/actions/small/22x22/mail-signed-full.svg	pass	18033	5855	12178
svgs/oxygen-icons-5.113.0/scalable/actions/small/22x22/mail-signed-part.svg	pass	18632	6158	12474
svgs/oxygen-icons-5.113.0/scalable/actions/small/22x22/mail-signed-verified.svg	pass	30951	15049	15902
svgs/oxygen-icons-5.113.0/scalable/actions/small/22x22/mail-signed.svg	pass	17528	5449	12079
svgs/oxygen-icons-5.113.0/scalable/actions/small/22x22/mail-tagged.svg	pass	19930	8022	11908
svgs/oxygen-icons-5.113.0/scalable/actions/small/22x22/measure.svg	pass	10862	3894	6968
svgs/oxygen-icons-5.113.0/scalable/actions/small/22x22/meeting-participant-no-response.svg	pass	285041	149623	135418
svgs/oxygen-icons-5.113.0/scalable/actions/small/22x22/meeting-participant-request-response.svg	pass	341173	149449	191724
svgs/oxygen-icons-5.113.0/scalable/actions/small/22x22/milestone.svg	pass	498436	118093	380343
svgs/oxygen-icons-5.113.0/scalable/actions/small/22x22/mixer-ac97.svg	pass	151255	125840	25415
svgs/oxygen-icons-5.113.0/scalable/actions/small/22x22/mixer-capture-secondary.svg	pass	50011	5035	44976
svgs/oxygen-icons-5.113.0/scalable/actions/small/22x22/mixer-capture.svg	pass	49013	5370	43643
svgs/oxygen-icons-5.113.0/scalable/actions/small/22x22/mixer-cd.svg	mismatch	143446	13907	129539
svgs/oxygen-icons-5.113.0/scalable/actions/small/22x22/mixer-digital.svg	pass	56148	7375	48773
svgs/oxygen-icons-5.113.0/scalable/actions/small/22x22/mixer-front.svg	pass	20580	6379	14201
svgs/oxygen-icons-5.113.0/scalable/actions/small/22x22/mixer-headset.svg	pass	76815	38440	38375
svgs/oxygen-icons-5.113.0/scalable/actions/small/22x22/mixer-lfe.svg	pass	52335	11498	40837
svgs/oxygen-icons-5.113.0/scalable/actions/small/22x22/mixer-line.svg	pass	88306	17722	70584
svgs/oxygen-icons-5.113.0/scalable/actions/small/22x22/mixer-master.svg	pass	19068	6305	12763
svgs/oxygen-icons-5.113.0/scalable/actions/small/22x22/mixer-microphone-boost.svg	pass	56426	14953	41473
svgs/oxygen-icons-5.113.0/scalable/actions/small/22x22/mixer-microphone-front-boost.svg	pass	56660	15250	41410
svgs/oxygen-icons-5.113.0/scalable/actions/small/22x22/mixer-microphone-front.svg	pass	33150	11405	21745
svgs/oxygen-icons-5.113.0/scalable/actions/small/22x22/mixer-microphone.svg	pass	32557	10926	21631
svgs/oxygen-icons-5.113.0/scalable/actions/small/22x22/mixer-midi.svg	pass	85128	13727	71401
svgs/oxygen-icons-5.113.0/scalable/actions/small/22x22/mixer-pc-speaker.svg	pass	49933	2448	47485
svgs/oxygen-icons-5.113.0/scalable/actions/small/22x22/mixer-pcm-default.svg	pass	24737	1912	22825
svgs/oxygen-icons-5.113.0/scalable/actions/small/22x22/mixer-pcm.svg	pass	24692	2031	22661
svgs/oxygen-icons-5.113.0/scalable/actions/small/22x22/mixer-surround-center.svg	pass	28968	6322	22646
svgs/oxygen-icons-5.113.0/scalable/actions/small/22x22/mixer-surround.svg	pass	25531	4183	21348
svgs/oxygen-icons-5.113.0/scalable/actions/small/22x22/mixer-video.svg	pass	59929	11350	48579
svgs/oxygen-icons-5.113.0/scalable/actions/small/22x22/network-connect.svg	pass	72105	20834	51271
svgs/oxygen-icons-5.113.0/scalable/actions/small/22x22/news-subscribe.svg	pass	432617	17368	415249
svgs/oxygen-icons-5.113.0/scalable/actions/small/22x22/news-unsubscribe.svg	mismatch	308976	24861	284115
svgs/oxygen-icons-5.113.0/scalable/actions/small/22x22/object-flip-horizontal.svg	pass	73024	7655	65369
svgs/oxygen-icons-5.113.0/scalable/actions/small/22x22/object-flip-vertical.svg	pass	73117	7011	66106
svgs/oxygen-icons-5.113.0/scalable/actions/small/22x22/office-chart-area-focus-peak-node.svg	pass	22359	6311	16048
svgs/oxygen-icons-5.113.0/scalable/actions/small/22x22/office-chart-area-percentage.svg	pass	24502	7084	17418
svgs/oxygen-icons-5.113.0/scalable/actions/small/22x22/office-chart-area-stacked.svg	pass	13612	6085	7527
svgs/oxygen-icons-5.113.0/scalable/actions/small/22x22/office-chart-area.svg	pass	10307	4988	5319
svgs/oxygen-icons-5.113.0/scalable/actions/small/22x22/office-chart-bar-percentage.svg	pass	41744	13523	28221
svgs/oxygen-icons-5.113.0/scalable/actions/small/22x22/office-chart-bar-stacked.svg	pass	27831	12271	15560
svgs/oxygen-icons-5.113.0/scalable/actions/small/22x22/office-chart-bar.svg	pass	203456	7365	196091
svgs/oxygen-icons-5.113.0/scalable/actions/small/22x22/office-chart-line-percentage.svg	pass	19150	5482	13668
svgs/oxygen-icons-5.113.0/scalable/actions/small/22x22/office-chart-line-stacked.svg	pass	7627	3679	3948
svgs/oxygen-icons-5.113.0/scalable/actions/small/22x22/office-chart-line.svg	pass	200762	3681	197081
svgs/oxygen-icons-5.113.0/scalable/actions/small/22x22/office-chart-pie.svg	pass	136878	18175	118703
svgs/oxygen-icons-5.113.0/scalable/actions/small/22x22/office-chart-polar-stacked.svg	pass	75053	5175	69878
svgs/oxygen-icons-5.113.0/scalable/actions/small/22x22/office-chart-polar.svg	pass	69884	3247	66637
svgs/oxygen-icons-5.113.0/scalable/actions/small/22x22/office-chart-ring.svg	pass	38707	11551	27156
svgs/oxygen-icons-5.113.0/scalable/actions/small/22x22/office-chart-scatter.svg	pass	73025	4824	68201
svgs/oxygen-icons-5.113.0/scalable/actions/small/22x22/page-2sides.svg	pass	7128	2579	4549
svgs/oxygen-icons-5.113.0/scalable/actions/small/22x22/page-3sides.svg	pass	6345	2120	4225
svgs/oxygen-icons-5.113.0/scalable/actions/small/22x22/page-4sides.svg	pass	12959	3922	9037
svgs/oxygen-icons-5.113.0/scalable/actions/small/22x22/page-simple.svg	pass	34942	1376	33566
svgs/oxygen-icons-5.113.0/scalable/actions/small/22x22/page-zoom.svg	pass	102649	19401	83248
svgs/oxygen-icons-5.113.0/scalable/actions/small/22x22/preferences-activities.svg	pass	521082	13015	508067
svgs/oxygen-icons-5.113.0/scalable/actions/small/22x22/preflight-verifier.svg	pass	706430	451165	255265
svgs/oxygen-icons-5.113.0/scalable/actions/small/22x22/process-stop.svg	pass	18301	9422	8879
svgs/oxygen-icons-5.113.0/scalable/actions/small/22x22/project-development-close-all.svg	pass	258701	18256	240445
svgs/oxygen-icons-5.113.0/scalable/actions/small/22x22/project-development-new-template.svg	pass	184427	8294	176133
svgs/oxygen-icons-5.113.0/scalable/actions/small/22x22/project-development.svg	pass	56289	3959	52330
svgs/oxygen-icons-5.113.0/scalable/actions/small/22x22/project-open.svg	pass	1247257	127546	1119711
svgs/oxygen-icons-5.113.0/scalable/actions/small/22x22/quickopen-class.svg	pass	63657	19099	44558
svgs/oxygen-icons-5.113.0/scalable/actions/small/22x22/quickopen-file.svg	pass	45164	15801	29363
svgs/oxygen-icons-5.113.0/scalable/actions/small/22x22/quickopen-function.svg	pass	93048	17107	75941
svgs/oxygen-icons-5.113.0/scalable/actions/small/22x22/quickopen.svg	pass	26858	10567	16291
svgs/oxygen-icons-5.113.0/scalable/actions/small/22x22/rating.svg	pass	42535	19506	23029
svgs/oxygen-icons-5.113.0/scalable/actions/small/22x22/resource-calendar-child-insert.svg	pass	261848	46544	215304
svgs/oxygen-icons-5.113.0/scalable/actions/small/22x22/resource-calendar-child.svg	pass	256901	42585	214316
svgs/oxygen-icons-5.113.0/scalable/actions/small/22x22/resource-calendar-insert.svg	pass	259971	43641	216330
svgs/oxygen-icons-5.113.0/scalable/actions/small/22x22/resource-group-new.svg	pass	212146	151508	60638
svgs/oxygen-icons-5.113.0/scalable/actions/small/22x22/run-build-clean.svg	pass	290011	59796	230215
svgs/oxygen-icons-5.113.0/scalable/actions/small/22x22/run-build-configure.svg	pass	543446	61506	481940
svgs/oxygen-icons-5.113.0/scalable/actions/small/22x22/run-build-file.svg	pass	262075	41388	220687
svgs/oxygen-icons-5.113.0/scalable/actions/small/22x22/run-build-install-root.svg	pass	268192	47867	220325
svgs/oxygen-icons-5.113.0/scalable/actions/small/22x22/run-build-install.svg	pass	370033	48532	321501
svgs/oxygen-icons-5.113.0/scalable/actions/small/22x22/run-build-prune.svg	pass	316857	79781	237076
svgs/oxygen-icons-5.113.0/scalable/actions/small/22x22/run-build.svg	pass	253309	37419	215890
svgs/oxygen-icons-5.113.0/scalable/actions/small/22x22/select-rectangular.svg	pass	42793	18344	24449
svgs/oxygen-icons-5.113.0/scalable/actions/small/22x22/show-menu.svg	pass	195352	2194	193158
svgs/oxygen-icons-5.113.0/scalable/actions/small/22x22/snap-extension.svg	pass	16724	7279	9445
svgs/oxygen-icons-5.113.0/scalable/actions/small/22x22/snap-guideline.svg	pass	19318	8329	10989
svgs/oxygen-icons-5.113.0/scalable/actions/small/22x22/snap-intersection.svg	pass	12109	4432	7677
svgs/oxygen-icons-5.113.0/scalable/actions/small/22x22/snap-node.svg	pass	12678	5010	7668
svgs/oxygen-icons-5.113.0/scalable/actions/small/22x22/snap-orthogonal.svg	pass	16312	5631	10681
svgs/oxygen-icons-5.113.0/scalable/actions/small/22x22/story-editor.svg	pass	38007	18323	19684
svgs/oxygen-icons-5.113.0/scalable/actions/small/22x22/stroke-cap-butt.svg	pass	12384	3247	9137
svgs/oxygen-icons-5.113.0/scalable/actions/small/22x22/stroke-cap-round.svg	pass	12484	3215	9269
svgs/oxygen-icons-5.113.0/scalable/actions/small/22x22/stroke-cap-square.svg	pass	12401	3122	9279
svgs/oxygen-icons-5.113.0/scalable/actions/small/22x22/stroke-join-bevel.svg	pass	13524	3813	9711
svgs/oxygen-icons-5.113.0/scalable/actions/small/22x22/stroke-join-miter.svg	pass	13725	3971	9754
svgs/oxygen-icons-5.113.0/scalable/actions/small/22x22/stroke-join-round.svg	pass	21901	5250	16651
svgs/oxygen-icons-5.113.0/scalable/actions/small/22x22/system-search.svg	pass	92604	52533	40071
svgs/oxygen-icons-5.113.0/scalable/actions/small/22x22/tab-close.svg	pass	206400	15723	190677
svgs/oxygen-icons-5.113.0/scalable/actions/small/22x22/tab-detach.svg	pass	62447	6658	55789
svgs/oxygen-icons-5.113.0/scalable/actions/small/22x22/tab-duplicate.svg	pass	62071	6424	55647
svgs/oxygen-icons-5.113.0/scalable/actions/small/22x22/tab-new-background.svg	pass	20095	6455	13640
svgs/oxygen-icons-5.113.0/scalable/actions/small/22x22/tag-recents.svg	pass	48667	21233	27434
svgs/oxygen-icons-5.113.0/scalable/actions/small/22x22/text-directory.svg	pass	111138	46438	64700
svgs/oxygen-icons-5.113.0/scalable/actions/small/22x22/text-field.svg	pass	6136	2044	4092
svgs/oxygen-icons-5.113.0/scalable/actions/small/22x22/text-frame-link.svg	pass	17299	5233	12066
svgs/oxygen-icons-5.113.0/scalable/actions/small/22x22/text-frame-unlink.svg	pass	23363	5312	18051
svgs/oxygen-icons-5.113.0/scalable/actions/small/22x22/tool-animator.svg	pass	27586	12801	14785
svgs/oxygen-icons-5.113.0/scalable/actions/small/22x22/tools-check-spelling.svg	pass	31130	11513	19617
svgs/oxygen-icons-5.113.0/scalable/actions/small/22x22/tools-media-optical-burn-image.svg	pass	883910	140472	743438
svgs/oxygen-icons-5.113.0/scalable/actions/small/22x22/tools-media-optical-copy.svg	pass	1687498	242049	1445449
svgs/oxygen-icons-5.113.0/scalable/actions/small/22x22/tools-media-optical-erase.svg	pass	110259	21312	88947
svgs/oxygen-icons-5.113.0/scalable/actions/small/22x22/tools-media-optical-format.svg	pass	60963	32761	28202
svgs/oxygen-icons-5.113.0/scalable/actions/small/22x22/tools-rip-audio-cd.svgz.svg	pass	55882	30064	25818
svgs/oxygen-icons-5.113.0/scalable/actions/small/22x22/tools-rip-video-cd.svg	pass	77822	43029	34793
svgs/oxygen-icons-5.113.0/scalable/actions/small/22x22/tools-rip-video-dvd.svg	pass	92261	44654	47607
svgs/oxygen-icons-5.113.0/scalable/actions/small/22x22/transform-crop-and-resize.svg	pass	177242	18223	159019
svgs/oxygen-icons-5.113.0/scalable/actions/small/22x22/transform-crop.svg	pass	34440	17880	16560
svgs/oxygen-icons-5.113.0/scalable/actions/small/22x22/transform-rotate.svg	pass	16569	5436	11133
svgs/oxygen-icons-5.113.0/scalable/actions/small/22x22/transform-scale.svg	pass	18715	5848	12867
svgs/oxygen-icons-5.113.0/scalable/actions/small/22x22/transform-shear-down.svg	pass	13364	4389	8975
svgs/oxygen-icons-5.113.0/scalable/actions/small/22x22/transform-shear-right.svg	pass	12637	4192	8445
svgs/oxygen-icons-5.113.0/scalable/actions/small/22x22/transform-shear-up.svg	pass	13727	4213	9514
svgs/oxygen-icons-5.113.0/scalable/actions/small/22x22/trash-empty.svg	pass	253425	9993	243432
svgs/oxygen-icons-5.113.0/scalable/actions/small/22x22/user-group-delete.svg	pass	678798	92345	586453
svgs/oxygen-icons-5.113.0/scalable/actions/small/22x22/user-group-new.svg	pass	560434	91905	468529
svgs/oxygen-icons-5.113.0/scalable/actions/small/22x22/user-group-properties.svg	pass	553811	100114	453697
svgs/oxygen-icons-5.113.0/scalable/actions/small/22x22/view-bank.svg	pass	256021	17903	238118
svgs/oxygen-icons-5.113.0/scalable/actions/small/22x22/view-barcode-add.svg	pass	246233	9690	236543
svgs/oxygen-icons-5.113.0/scalable/actions/small/22x22/view-barcode.svg	pass	70415	3195	67220
svgs/oxygen-icons-5.113.0/scalable/actions/small/22x22/view-calendar-agenda.svg	pass	43197	7611	35586
svgs/oxygen-icons-5.113.0/scalable/actions/small/22x22/view-calendar-birthday.svg	pass	54849	25777	29072
svgs/oxygen-icons-5.113.0/scalable/actions/small/22x22/view-calendar-day.svg	pass	75482	37152	38330
svgs/oxygen-icons-5.113.0/scalable/actions/small/22x22/view-calendar-holiday.svg	pass	28932	7251	21681
svgs/oxygen-icons-5.113.0/scalable/actions/small/22x22/view-calendar-journal.svg	pass	337192	60750	276442
svgs/oxygen-icons-5.113.0/scalable/actions/small/22x22/view-calendar-list.svg	pass	78978	10414	68564
svgs/oxygen-icons-5.113.0/scalable/actions/small/22x22/view-calendar-month.svg	pass	107920	55199	52721
svgs/oxygen-icons-5.113.0/scalable/actions/small/22x22/view-calendar-special-occasion.svg	pass	97931	49306	48625
svgs/oxygen-icons-5.113.0/scalable/actions/small/22x22/view-calendar-tasks.svg	pass	128607	25138	103469
svgs/oxygen-icons-5.113.0/scalable/actions/small/22x22/view-calendar-time-spent.svg	pass	136535	21084	115451
svgs/oxygen-icons-5.113.0/scalable/actions/small/22x22/view-calendar-timeline.svg	pass	44137	6082	38055
svgs/oxygen-icons-5.113.0/scalable/actions/small/22x22/view-calendar-upcoming-days.svg	pass	77513	38304	39209
svgs/oxygen-icons-5.113.0/scalable/actions/small/22x22/view-calendar-upcoming-events.svg	pass	84723	36578	48145
svgs/oxygen-icons-5.113.0/scalable/actions/small/22x22/view-calendar-wedding-anniversary.svg	pass	25407	12185	13222
svgs/oxygen-icons-5.113.0/scalable/actions/small/22x22/view-calendar-week.svg	pass	81444	40616	40828
svgs/oxygen-icons-5.113.0/scalable/actions/small/22x22/view-calendar-whatsnext.svg	pass	308928	104461	204467
svgs/oxygen-icons-5.113.0/scalable/actions/small/22x22/view-calendar-workweek.svg	pass	79479	39460	40019
svgs/oxygen-icons-5.113.0/scalable/actions/small/22x22/view-calendar.svg	pass	88399	36643	51756
svgs/oxygen-icons-5.113.0/scalable/actions/small/22x22/view-certificate-add.svg	pass	782125	77305	704820
svgs/oxygen-icons-5.113.0/scalable/actions/small/22x22/view-certificate-export-secret.svg	pass	161904	42851	119053
svgs/oxygen-icons-5.113.0/scalable/actions/small/22x22/view-certificate-export-server.svg	pass	948682	402335	546347
svgs/oxygen-icons-5.113.0/scalable/actions/small/22x22/view-certificate-export.svg	pass	203495	69066	134429
svgs/oxygen-icons-5.113.0/scalable/actions/small/22x22/view-certificate-import.svg	pass	181581	42991	138590
svgs/oxygen-icons-5.113.0/scalable/actions/small/22x22/view-certificate-server-configure.svg	pass	978127	425179	552948
svgs/oxygen-icons-5.113.0/scalable/actions/small/22x22/view-certificate-sign.svg	pass	234686	84373	150313
svgs/oxygen-icons-5.113.0/scalable/actions/small/22x22/view-certificate.svg	pass	200915	67863	133052
svgs/oxygen-icons-5.113.0/scalable/actions/small/22x22/view-choose.svg	pass	88748	12107	76641
svgs/oxygen-icons-5.113.0/scalable/actions/small/22x22/view-close.svg	pass	83467	7124	76343
svgs/oxygen-icons-5.113.0/scalable/actions/small/22x22/view-conversation-balloon.svg	pass	41194	14639	26555
svgs/oxygen-icons-5.113.0/scalable/actions/small/22x22/view-file-columns.svg	pass	79864	8073	71791
svgs/oxygen-icons-5.113.0/scalable/actions/small/22x22/view-financial-forecast.svg	pass	20068	8827	11241
svgs/oxygen-icons-5.113.0/scalable/actions/small/22x22/view-form-action.svg	pass	105615	13444	92171
svgs/oxygen-icons-5.113.0/scalable/actions/small/22x22/view-form-table.svg	pass	54149	3158	50991
svgs/oxygen-icons-5.113.0/scalable/actions/small/22x22/view-form.svg	pass	63970	7672	56298
svgs/oxygen-icons-5.113.0/scalable/actions/small/22x22/view-fullscreen.svg	pass	500319	7099	493220
svgs/oxygen-icons-5.113.0/scalable/actions/small/22x22/view-grid.svg	pass	24989	4923	20066
svgs/oxygen-icons-5.113.0/scalable/actions/small/22x22/view-group.svg	pass	92380	12755	79625
svgs/oxygen-icons-5.113.0/scalable/actions/small/22x22/view-history.svg	pass	44803	21194	23609
svgs/oxygen-icons-5.113.0/scalable/actions/small/22x22/view-ldap-resource.svg	pass	1638797	849535	789262
svgs/oxygen-icons-5.113.0/scalable/actions/small/22x22/view-left-close.svg	pass	81357	8913	72444
svgs/oxygen-icons-5.113.0/scalable/actions/small/22x22/view-list-details.svg	pass	87886	11833	76053
svgs/oxygen-icons-5.113.0/scalable/actions/small/22x22/view-list-icons.svg	pass	81360	9407	71953
svgs/oxygen-icons-5.113.0/scalable/actions/small/22x22/view-list-text.svg	pass	83463	7866	75597
svgs/oxygen-icons-5.113.0/scalable/actions/small/22x22/view-list-tree.svg	pass	88007	11558	76449
svgs/oxygen-icons-5.113.0/scalable/actions/small/22x22/view-media-artist.svg	pass	8374	3147	5227
svgs/oxygen-icons-5.113.0/scalable/actions/small/22x22/view-media-equalizer.svg	pass	139587	9852	129735
svgs/oxygen-icons-5.113.0/scalable/actions/small/22x22/view-media-lyrics.svg	pass	181847	36846	145001
svgs/oxygen-icons-5.113.0/scalable/actions/small/22x22/view-media-playlist.svg	pass	130391	30176	100215
svgs/oxygen-icons-5.113.0/scalable/actions/small/22x22/view-multiple-objects.svg	pass	11824	3569	8255
svgs/oxygen-icons-5.113.0/scalable/actions/small/22x22/view-pim-calendar.svg	pass	220628	12092	208536
svgs/oxygen-icons-5.113.0/scalable/actions/small/22x22/view-pim-contacts.svg	pass	82191	42031	40160
svgs/oxygen-icons-5.113.0/scalable/actions/small/22x22/view-pim-journal.svg	pass	105505	15333	90172
svgs/oxygen-icons-5.113.0/scalable/actions/small/22x22/view-pim-mail.svg	pass	219456	48826	170630
svgs/oxygen-icons-5.113.0/scalable/actions/small/22x22/view-pim-news.svg	pass	423467	8521	414946
svgs/oxygen-icons-5.113.0/scalable/actions/small/22x22/view-pim-notes.svg	pass	43422	5818	37604
svgs/oxygen-icons-5.113.0/scalable/actions/small/22x22/view-pim-tasks-pending.svg	pass	148413	33964	114449
svgs/oxygen-icons-5.113.0/scalable/actions/small/22x22/view-pim-tasks.svg	pass	135241	25677	109564
svgs/oxygen-icons-5.113.0/scalable/actions/small/22x22/view-presentation.svg	pass	97102	10408	86694
svgs/oxygen-icons-5.113.0/scalable/actions/small/22x22/view-preview.svg	pass	126017	38772	87245
svgs/oxygen-icons-5.113.0/scalable/actions/small/22x22/view-refresh.svg	pass	60897	17878	43019
svgs/oxygen-icons-5.113.0/scalable/actions/small/22x22/view-resource-calendar.svg	pass	211319	38339	172980
svgs/oxygen-icons-5.113.0/scalable/actions/small/22x22/view-restore.svg	pass	500327	7100	493227
svgs/oxygen-icons-5.113.0/scalable/actions/small/22x22/view-right-close.svg	pass	81343	8868	72475
svgs/oxygen-icons-5.113.0/scalable/actions/small/22x22/view-right-new.svg	pass	81519	8895	72624
svgs/oxygen-icons-5.113.0/scalable/actions/small/22x22/view-sort-ascending.svg	pass	15848	6141	9707
svgs/oxygen-icons-5.113.0/scalable/actions/small/22x22/view-sort-descending.svg	pass	15851	6176	9675
svgs/oxygen-icons-5.113.0/scalable/actions/small/22x22/view-split-left-right.svg	pass	79270	7679	71591
svgs/oxygen-icons-5.113.0/scalable/actions/small/22x22/view-split-top-bottom.svg	pass	79297	7705	71592
svgs/oxygen-icons-5.113.0/scalable/actions/small/22x22/view-table-of-contents-ltr.svg	pass	36601	12473	24128
svgs/oxygen-icons-5.113.0/scalable/actions/small/22x22/view-table-of-contents-rtl.svg	pass	39725	12887	26838
svgs/oxygen-icons-5.113.0/scalable/actions/small/22x22/view-task-add.svg	pass	183349	22368	160981
svgs/oxygen-icons-5.113.0/scalable/actions/small/22x22/view-task-child-add.svg	pass	87700	14096	73604
svgs/oxygen-icons-5.113.0/scalable/actions/small/22x22/view-task-child.svg	pass	78304	9843	68461
svgs/oxygen-icons-5.113.0/scalable/actions/small/22x22/view-task.svg	pass	92120	17677	74443
svgs/oxygen-icons-5.113.0/scalable/actions/small/22x22/view-time-schedule-baselined-add.svg	pass	108591	24021	84570
svgs/oxygen-icons-5.113.0/scalable/actions/small/22x22/view-time-schedule-baselined-remove.svg	mismatch	159979	38056	121923
svgs/oxygen-icons-5.113.0/scalable/actions/small/22x22/view-time-schedule-baselined.svg	pass	98892	17888	81004
svgs/oxygen-icons-5.113.0/scalable/actions/small/22x22/view-time-schedule-calculus.svg	mismatch	160052	37692	122360
svgs/oxygen-icons-5.113.0/scalable/actions/small/22x22/view-time-schedule-child-insert.svg	pass	55567	11378	44189
svgs/oxygen-icons-5.113.0/scalable/actions/small/22x22/view-time-schedule-edit.svg	pass	67990	15818	52172
svgs/oxygen-icons-5.113.0/scalable/actions/small/22x22/view-time-schedule-insert.svg	pass	58007	9875	48132
svgs/oxygen-icons-5.113.0/scalable/actions/small/22x22/view-time-schedule.svg	pass	49021	5622	43399
svgs/oxygen-icons-5.113.0/scalable/actions/small/22x22/window-duplicate.svg	pass	272472	19268	253204
svgs/oxygen-icons-5.113.0/scalable/actions/small/22x22/window-new.svg	pass	97563	10993	86570
svgs/oxygen-icons-5.113.0/scalable/actions/small/22x22/zoom-1-to-2.svg	pass	110891	15370	95521
svgs/oxygen-icons-5.113.0/scalable/actions/small/22x22/zoom-2-to-1.svg	pass	110888	15379	95509
svgs/oxygen-icons-5.113.0/scalable/actions/small/22x22/zoom-draw.svg	pass	119532	13492	106040
svgs/oxygen-icons-5.113.0/scalable/actions/small/22x22/zoom-fit-best.svg	pass	37226	6813	30413
svgs/oxygen-icons-5.113.0/scalable/actions/small/22x22/zoom-fit-height.svg	pass	37730	6831	30899
svgs/oxygen-icons-5.113.0/scalable/actions/small/22x22/zoom-fit-width.svg	pass	37513	6817	30696
svgs/oxygen-icons-5.113.0/scalable/actions/small/22x22/zoom-in.svg	pass	109181	16437	92744
svgs/oxygen-icons-5.113.0/scalable/actions/small/22x22/zoom-next.svg	pass	105213	12837	92376
svgs/oxygen-icons-5.113.0/scalable/actions/small/22x22/zoom-original.svg	pass	110443	16217	94226
svgs/oxygen-icons-5.113.0/scalable/actions/small/22x22/zoom-out.svg	pass	107332	13754	93578
svgs/oxygen-icons-5.113.0/scalable/actions/small/22x22/zoom-previous.svg	pass	105204	12835	92369
svgs/oxygen-icons-5.113.0/scalable/actions/small/22x22/zoom-select.svg	pass	267946	17239	250707
svgs/oxygen-icons-5.113.0/scalable/actions/small/32x32/address-book-new.svg	pass	3207830	2329772	878058
svgs/oxygen-icons-5.113.0/scalable/actions/small/32x32/align-horizontal-bottom-out.svg	pass	12316	4149	8167
svgs/oxygen-icons-5.113.0/scalable/actions/small/32x32/align-horizontal-center.svg	pass	9420	3710	5710
svgs/oxygen-icons-5.113.0/scalable/actions/small/32x32/align-horizontal-left-out.svg	pass	12076	4018	8058
svgs/oxygen-icons-5.113.0/scalable/actions/small/32x32/align-horizontal-left.svg	pass	8388	3240	5148
svgs/oxygen-icons-5.113.0/scalable/actions/small/32x32/align-horizontal-right-out.svg	pass	15634	4022	11612
svgs/oxygen-icons-5.113.0/scalable/actions/small/32x32/align-horizontal-right.svg	pass	8393	3245	5148
svgs/oxygen-icons-5.113.0/scalable/actions/small/32x32/align-horizontal-top-out.svg	pass	12307	4152	8155
svgs/oxygen-icons-5.113.0/scalable/actions/small/32x32/align-vertical-bottom.svg	pass	8609	3409	5200
svgs/oxygen-icons-5.113.0/scalable/actions/small/32x32/align-vertical-center.svg	pass	9370	3874	5496
svgs/oxygen-icons-5.113.0/scalable/actions/small/32x32/align-vertical-top.svg	pass	8566	3384	5182
svgs/oxygen-icons-5.113.0/scalable/actions/small/32x32/archive-extract.svg	pass	24820	8993	15827
svgs/oxygen-icons-5.113.0/scalable/actions/small/32x32/archive-insert-directory.svg	pass	371932	125418	246514
svgs/oxygen-icons-5.113.0/scalable/actions/small/32x32/archive-insert.svg	pass	34848	15959	18889
svgs/oxygen-icons-5.113.0/scalable/actions/small/32x32/archive-remove.svg	pass	46347	19889	26458
svgs/oxygen-icons-5.113.0/scalable/actions/small/32x32/bookmark-new.svg	pass	29398	9595	19803
svgs/oxygen-icons-5.113.0/scalable/actions/small/32x32/bookmarks-organize.svg	pass	804928	396667	408261
svgs/oxygen-icons-5.113.0/scalable/actions/small/32x32/call-start.svg	pass	43818	7965	35853
svgs/oxygen-icons-5.113.0/scalable/actions/small/32x32/call-stop.svg	pass	60519	7738	52781
svgs/oxygen-icons-5.113.0/scalable/actions/small/32x32/checkbox.svg	pass	46260	11804	34456
svgs/oxygen-icons-5.113.0/scalable/actions/small/32x32/code-block.svg	pass	42765	10071	32694
svgs/oxygen-icons-5.113.0/scalable/actions/small/32x32/code-class.svg	pass	41100	9760	31340
svgs/oxygen-icons-5.113.0/scalable/actions/small/32x32/code-context.svg	pass	146896	6413	140483
svgs/oxygen-icons-5.113.0/scalable/actions/small/32x32/code-function.svg	pass	36662	6287	30375
svgs/oxygen-icons-5.113.0/scalable/actions/small/32x32/code-typedef.svg	pass	15255	7075	8180
svgs/oxygen-icons-5.113.0/scalable/actions/small/32x32/code-variable.svg	pass	11785	4987	6798
svgs/oxygen-icons-5.113.0/scalable/actions/small/32x32/color-picker-black.svg	pass	43036	21060	21976
svgs/oxygen-icons-5.113.0/scalable/actions/small/32x32/color-picker-grey.svg	pass	42720	20738	21982
svgs/oxygen-icons-5.113.0/scalable/actions/small/32x32/color-picker-white.svg	pass	41946	20353	21593
svgs/oxygen-icons-5.113.0/scalable/actions/small/32x32/color-picker.svg	pass	35073	17529	17544
svgs/oxygen-icons-5.113.0/scalable/actions/small/32x32/contact-new.svg	pass	275612	113976	161636
svgs/oxygen-icons-5.113.0/scalable/actions/small/32x32/dashboard-show.svg	pass	252831	129486	123345
svgs/oxygen-icons-5.113.0/scalable/actions/small/32x32/debug-execute-from-cursor.svg	pass	208163	7667	200496
svgs/oxygen-icons-5.113.0/scalable/actions/small/32x32/debug-execute-to-cursor.svg	pass	208154	7671	200483
svgs/oxygen-icons-5.113.0/scalable/actions/small/32x32/debug-run-cursor.svg	pass	511755	45615	466140
svgs/oxygen-icons-5.113.0/scalable/actions/small/32x32/debug-run.svg	pass	394332	42602	351730
svgs/oxygen-icons-5.113.0/scalable/actions/small/32x32/debug-step-instruction.svg	pass	69200	8193	61007
svgs/oxygen-icons-5.113.0/scalable/actions/small/32x32/debug-step-into-instruction.svg	pass	70254	8914	61340
svgs/oxygen-icons-5.113.0/scalable/actions/small/32x32/debug-step-into.svg	pass	69839	8711	61128
svgs/oxygen-icons-5.113.0/scalable/actions/small/32x32/debug-step-out.svg	pass	69247	8280	60967
svgs/oxygen-icons-5.113.0/scalable/actions/small/32x32/debug-step-over.svg	pass	68840	7948	60892
svgs/oxygen-icons-5.113.0/scalable/actions/small/32x32/distribute-horizontal-center.svg	pass	51460	4683	46777
svgs/oxygen-icons-5.113.0/scalable/actions/small/32x32/distribute-horizontal-equal.svg	pass	51445	4686	46759
svgs/oxygen-icons-5.113.0/scalable/actions/small/32x32/distribute-horizontal-left.svg	pass	51450	4684	46766
svgs/oxygen-icons-5.113.0/scalable/actions/small/32x32/distribute-horizontal-margin.svg	pass	8929	3410	5519
svgs/oxygen-icons-5.113.0/scalable/actions/small/32x32/distribute-horizontal-page.svg	pass	550041	8198	541843
svgs/oxygen-icons-5.113.0/scalable/actions/small/32x32/distribute-horizontal-right.svg	pass	51456	4683	46773
svgs/oxygen-icons-5.113.0/scalable/actions/small/32x32/distribute-horizontal-x.svg	pass	9915	3387	6528
svgs/oxygen-icons-5.113.0/scalable/actions/small/32x32/distribute-vertical-bottom.svg	pass	51860	4959	46901
svgs/oxygen-icons-5.113.0/scalable/actions/small/32x32/distribute-vertical-center.svg	pass	51858	4960	46898
svgs/oxygen-icons-5.113.0/scalable/actions/small/32x32/distribute-vertical-equal.svg	pass	51867	4962	46905
svgs/oxygen-icons-5.113.0/scalable/actions/small/32x32/distribute-vertical-margin.svg	pass	8914	3424	5490
svgs/oxygen-icons-5.113.0/scalable/actions/small/32x32/distribute-vertical-page.svg	pass	556979	8216	548763
svgs/oxygen-icons-5.113.0/scalable/actions/small/32x32/distribute-vertical-top.svg	pass	51851	4961	46890
svgs/oxygen-icons-5.113.0/scalable/actions/small/32x32/distribute-vertical-y.svg	pass	9081	3535	5546
svgs/oxygen-icons-5.113.0/scalable/actions/small/32x32/document-edit-decrypt-verify.svg	pass	112591	63038	49553
svgs/oxygen-icons-5.113.0/scalable/actions/small/32x32/document-edit-decrypt.svg	pass	140860	84530	56330
svgs/oxygen-icons-5.113.0/scalable/actions/small/32x32/document-edit-encrypt.svg	pass	648461	83507	564954
svgs/oxygen-icons-5.113.0/scalable/actions/small/32x32/document-edit-sign-encrypt.svg	pass	115400	68238	47162
svgs/oxygen-icons-5.113.0/scalable/actions/small/32x32/document-edit-sign.svg	pass	238828	145987	92841
svgs/oxygen-icons-5.113.0/scalable/actions/small/32x32/document-edit-verify.svg	pass	279673	183853	95820
svgs/oxygen-icons-5.113.0/scalable/actions/small/32x32/document-edit.svg	pass	559562	17522	542040
svgs/oxygen-icons-5.113.0/scalable/actions/small/32x32/document-encripted.svg	pass	42884	14681	28203
svgs/oxygen-icons-5.113.0/scalable/actions/small/32x32/document-export-table.svg	pass	130921	17623	113298
svgs/oxygen-icons-5.113.0/scalable/actions/small/32x32/document-export.svg	pass	24007	8857	15150
svgs/oxygen-icons-5.113.0/scalable/actions/small/32x32/document-import.svg	pass	27037	10492	16545
svgs/oxygen-icons-5.113.0/scalable/actions/small/32x32/document-open-folder.svg	pass	511128	236698	274430
svgs/oxygen-icons-5.113.0/scalable/actions/small/32x32/document-open-remote.svg	pass	1170433	565023	605410
svgs/oxygen-icons-5.113.0/scalable/actions/small/32x32/document-open.svg	pass	511956	236738	275218
svgs/oxygen-icons-5.113.0/scalable/actions/small/32x32/documentation.svg	mismatch	154645	50488	104157
svgs/oxygen-icons-5.113.0/scalable/actions/small/32x32/download-later.svg	pass	66413	17010	49403
svgs/oxygen-icons-5.113.0/scalable/actions/small/32x32/download.svg	pass	666874	345478	321396
svgs/oxygen-icons-5.113.0/scalable/actions/small/32x32/draw-arrow-back.svg	pass	7244	2527	4717
svgs/oxygen-icons-5.113.0/scalable/actions/small/32x32/draw-arrow-down.svg	pass	7136	2363	4773
svgs/oxygen-icons-5.113.0/scalable/actions/small/32x32/draw-arrow-forward.svg	pass	6456	2338	4118
svgs/oxygen-icons-5.113.0/scalable/actions/small/32x32/draw-arrow-up.svg	pass	6465	2363	4102
svgs/oxygen-icons-5.113.0/scalable/actions/small/32x32/draw-bezier-curves.svg	pass	16545	5795	10750
svgs/oxygen-icons-5.113.0/scalable/actions/small/32x32/draw-circle.svg	pass	6184	1993	4191
svgs/oxygen-icons-5.113.0/scalable/actions/small/32x32/draw-cross.svg	pass	6839	2757	4082
svgs/oxygen-icons-5.113.0/scalable/actions/small/32x32/draw-donut.svg	pass	7391	2612	4779
svgs/oxygen-icons-5.113.0/scalable/actions/small/32x32/draw-ellipse.svg	pass	6107	1981	4126
svgs/oxygen-icons-5.113.0/scalable/actions/small/32x32/draw-freehand.svg	pass	31643	12997	18646
svgs/oxygen-icons-5.113.0/scalable/actions/small/32x32/draw-halfcircle1.svg	pass	5960	1903	4057
svgs/oxygen-icons-5.113.0/scalable/actions/small/32x32/draw-halfcircle2.svg	pass	5962	1878	4084
svgs/oxygen-icons-5.113.0/scalable/actions/small/32x32/draw-halfcircle3.svg	pass	6216	1973	4243
svgs/oxygen-icons-5.113.0/scalable/actions/small/32x32/draw-halfcircle4.svg	pass	6812	1838	4974
svgs/oxygen-icons-5.113.0/scalable/actions/small/32x32/draw-path.svg	pass	39633	10092	29541
svgs/oxygen-icons-5.113.0/scalable/actions/small/32x32/draw-polygon.svg	pass	5993	1874	4119
svgs/oxygen-icons-5.113.0/scalable/actions/small/32x32/draw-polyline.svg	pass	36436	1959	34477
svgs/oxygen-icons-5.113.0/scalable/actions/small/32x32/draw-spiral.svg	pass	11274	3223	8051
svgs/oxygen-icons-5.113.0/scalable/actions/small/32x32/draw-square-inverted-corners.svg	pass	6700	2051	4649
svgs/oxygen-icons-5.113.0/scalable/actions/small/32x32/draw-star.svg	pass	5895	1972	3923
svgs/oxygen-icons-5.113.0/scalable/actions/small/32x32/draw-text.svg	pass	8430	1389	7041
svgs/oxygen-icons-5.113.0/scalable/actions/small/32x32/draw-triangle.svg	pass	5896	1894	4002
svgs/oxygen-icons-5.113.0/scalable/actions/small/32x32/draw-triangle1.svg	pass	34930	1845	33085
svgs/oxygen-icons-5.113.0/scalable/actions/small/32x32/draw-triangle2.svg	pass	6112	1895	4217
svgs/oxygen-icons-5.113.0/scalable/actions/small/32x32/draw-triangle3.svg	pass	6146	1899	4247
svgs/oxygen-icons-5.113.0/scalable/actions/small/32x32/draw-triangle4.svg	pass	5870	1890	3980
svgs/oxygen-icons-5.113.0/scalable/actions/small/32x32/edit-clear-list.svg	pass	207043	15610	191433
svgs/oxygen-icons-5.113.0/scalable/actions/small/32x32/edit-find-mail.svg	pass	122288	21754	100534
svgs/oxygen-icons-5.113.0/scalable/actions/small/32x32/edit-find-project.svg	pass	88127	20476	67651
svgs/oxygen-icons-5.113.0/scalable/actions/small/32x32/edit-find-replace.svg	pass	708860	77478	631382
svgs/oxygen-icons-5.113.0/scalable/actions/small/32x32/edit-find.svg	pass	183520	71334	112186
svgs/oxygen-icons-5.113.0/scalable/actions/small/32x32/edit-guides.svg	pass	28969	3922	25047
svgs/oxygen-icons-5.113.0/scalable/actions/small/32x32/edit-image-face-add.svg	pass	237651	47106	190545
svgs/oxygen-icons-5.113.0/scalable/actions/small/32x32/edit-image-face-detect.svg	pass	17605	3349	14256
svgs/oxygen-icons-5.113.0/scalable/actions/small/32x32/edit-image-face-recognize.svg	mismatch	154246	45395	108851
svgs/oxygen-icons-5.113.0/scalable/actions/small/32x32/edit-image-face-show.svg	pass	913156	84465	828691
svgs/oxygen-icons-5.113.0/scalable/actions/small/32x32/edit-node.svg	pass	29050	3968	25082
svgs/oxygen-icons-5.113.0/scalable/actions/small/32x32/edit-paste.svg	pass	88610	15054	73556
svgs/oxygen-icons-5.113.0/scalable/actions/small/32x32/edit-select-all.svg	pass	200363	111882	88481
svgs/oxygen-icons-5.113.0/scalable/actions/small/32x32/edit-select-none.svg	pass	232353	122557	109796
svgs/oxygen-icons-5.113.0/scalable/actions/small/32x32/edit-select.svg	pass	25174	2708	22466
svgs/oxygen-icons-5.113.0/scalable/actions/small/32x32/edit-table-cell-merge.svg	pass	271792	4691	267101
svgs/oxygen-icons-5.113.0/scalable/actions/small/32x32/edit-table-cell-split.svg	pass	264970	4249	260721
svgs/oxygen-icons-5.113.0/scalable/actions/small/32x32/edit-table-delete-column.svg	mismatch	328276	19641	308635
svgs/oxygen-icons-5.113.0/scalable/actions/small/32x32/edit-table-delete-row.svg	mismatch	330583	19186	311397
svgs/oxygen-icons-5.113.0/scalable/actions/small/32x32/edit-table-insert-column-left.svg	pass	276571	12026	264545
svgs/oxygen-icons-5.113.0/scalable/actions/small/32x32/edit-table-insert-column-right.svg	pass	467658	13416	454242
svgs/oxygen-icons-5.113.0/scalable/actions/small/32x32/edit-table-insert-row-above.svg	pass	531952	16881	515071
svgs/oxygen-icons-5.113.0/scalable/actions/small/32x32/edit-table-insert-row-below.svg	pass	532013	16914	515099
svgs/oxygen-icons-5.113.0/scalable/actions/small/32x32/edit-text-frame-update.svg	pass	22314	4371	17943
svgs/oxygen-icons-5.113.0/scalable/actions/small/32x32/folder-new.svg	pass	371932	125418	246514
svgs/oxygen-icons-5.113.0/scalable/actions/small/32x32/folder-sync.svg	pass	502727	233306	269421
svgs/oxygen-icons-5.113.0/scalable/actions/small/32x32/format-add-node.svg	pass	31094	5920	25174
svgs/oxygen-icons-5.113.0/scalable/actions/small/32x32/format-break-node.svg	pass	32120	5835	26285
svgs/oxygen-icons-5.113.0/scalable/actions/small/32x32/format-connect-node.svg	pass	35035	7482	27553
svgs/oxygen-icons-5.113.0/scalable/actions/small/32x32/format-disconnect-node.svg	pass	33646	6927	26719
svgs/oxygen-icons-5.113.0/scalable/actions/small/32x32/format-remove-node.svg	pass	56270	14728	41542
svgs/oxygen-icons-5.113.0/scalable/actions/small/32x32/games-achievements.svg	pass	635795	139646	496149
svgs/oxygen-icons-5.113.0/scalable/actions/small/32x32/games-highscores.svg	pass	288323	143803	144520
svgs/oxygen-icons-5.113.0/scalable/actions/small/32x32/go-first-view-page.svg	pass	44174	24483	19691
svgs/oxygen-icons-5.113.0/scalable/actions/small/32x32/go-jump-declaration.svg	pass	115990	15770	100220
svgs/oxygen-icons-5.113.0/scalable/actions/small/32x32/go-jump-definition.svg	pass	129256	7274	121982
svgs/oxygen-icons-5.113.0/scalable/actions/small/32x32/go-jump-locationbar.svg	pass	643051	341386	301665
svgs/oxygen-icons-5.113.0/scalable/actions/small/32x32/go-last-view-page.svg	pass	186209	24717	161492
svgs/oxygen-icons-5.113.0/scalable/actions/small/32x32/go-next-context.svg	pass	18062	7969	10093
svgs/oxygen-icons-5.113.0/scalable/actions/small/32x32/go-next-use.svg	pass	66498	7042	59456
svgs/oxygen-icons-5.113.0/scalable/actions/small/32x32/go-next-view-page.svg	pass	114470	18221	96249
svgs/oxygen-icons-5.113.0/scalable/actions/small/32x32/go-previous-context.svg	pass	15251	6953	8298
svgs/oxygen-icons-5.113.0/scalable/actions/small/32x32/go-previous-use.svg	pass	134545	7186	127359
svgs/oxygen-icons-5.113.0/scalable/actions/small/32x32/go-previous-view-page.svg	pass	114298	18184	96114
svgs/oxygen-icons-5.113.0/scalable/actions/small/32x32/help-about.svg	pass	107133	11332	95801
svgs/oxygen-icons-5.113.0/scalable/actions/small/32x32/help-contents.svg	pass	1198086	574846	623240
svgs/oxygen-icons-5.113.0/scalable/actions/small/32x32/help-contextual.svg	pass	420043	186453	233590
svgs/oxygen-icons-5.113.0/scalable/actions/small/32x32/help-donate.svg	pass	145219	14325	130894
svgs/oxygen-icons-5.113.0/scalable/actions/small/32x32/help-feedback.svg	pass	56119	16630	39489
svgs/oxygen-icons-5.113.0/scalable/actions/small/32x32/im-aim.svg	pass	33256	14483	18773
svgs/oxygen-icons-5.113.0/scalable/actions/small/32x32/im-ban-kick-user.svg	mismatch	105270	49712	55558
svgs/oxygen-icons-5.113.0/scalable/actions/small/32x32/im-ban-user.svg	mismatch	63148	29114	34034
svgs/oxygen-icons-5.113.0/scalable/actions/small/32x32/im-facebook.svg	pass	13408	3961	9447
svgs/oxygen-icons-5.113.0/scalable/actions/small/32x32/im-gadugadu.svg	pass	25721	10757	14964
svgs/oxygen-icons-5.113.0/scalable/actions/small/32x32/im-google-talk.svg	pass	28329	11697	16632
svgs/oxygen-icons-5.113.0/scalable/actions/small/32x32/im-google.svg	mismatch	39645	12160	27485
svgs/oxygen-icons-5.113.0/scalable/actions/small/32x32/im-icq.svg	pass	70405	25690	44715
svgs/oxygen-icons-5.113.0/scalable/actions/small/32x32/im-identi.ca.svg	pass	35420	23522	11898
svgs/oxygen-icons-5.113.0/scalable/actions/small/32x32/im-jabber.svg	pass	54255	17046	37209
svgs/oxygen-icons-5.113.0/scalable/actions/small/32x32/im-kick-user.svg	pass	240669	28795	211874
svgs/oxygen-icons-5.113.0/scalable/actions/small/32x32/im-msn.svg	pass	70825	25984	44841
svgs/oxygen-icons-5.113.0/scalable/actions/small/32x32/im-qq.svg	pass	55153	20395	34758
svgs/oxygen-icons-5.113.0/scalable/actions/small/32x32/im-skype.svg	pass	43818	7965	35853
svgs/oxygen-icons-5.113.0/scalable/actions/small/32x32/im-twitter.svg	pass	41411	7045	34366
svgs/oxygen-icons-5.113.0/scalable/actions/small/32x32/im-user-away.svg	pass	158604	24331	134273
svgs/oxygen-icons-5.113.0/scalable/actions/small/32x32/im-user-busy.svg	pass	65322	35100	30222
svgs/oxygen-icons-5.113.0/scalable/actions/small/32x32/im-yahoo.svg	pass	47620	22396	25224
svgs/oxygen-icons-5.113.0/scalable/actions/small/32x32/list-resource-add.svg	pass	216168	146920	69248
svgs/oxygen-icons-5.113.0/scalable/actions/small/32x32/mail-encrypted-.svg	pass	480814	263698	217116
svgs/oxygen-icons-5.113.0/scalable/actions/small/32x32/mail-encrypted-full.svg	pass	453336	264144	189192
svgs/oxygen-icons-5.113.0/scalable/actions/small/32x32/mail-encrypted-part.svg	pass	442989	241744	201245
svgs/oxygen-icons-5.113.0/scalable/actions/small/32x32/mail-forward.svg	pass	177630	73292	104338
svgs/oxygen-icons-5.113.0/scalable/actions/small/32x32/mail-forwarded.svg	pass	320027	122527	197500
svgs/oxygen-icons-5.113.0/scalable/actions/small/32x32/mail-invitation.svg	pass	260985	12816	248169
svgs/oxygen-icons-5.113.0/scalable/actions/small/32x32/mail-mark-important.svg	pass	179056	9212	169844
svgs/oxygen-icons-5.113.0/scalable/actions/small/32x32/mail-mark-junk.svg	mismatch	210799	18703	192096
svgs/oxygen-icons-5.113.0/scalable/actions/small/32x32/mail-mark-notjunk.svg	pass	19537	8426	11111
svgs/oxygen-icons-5.113.0/scalable/actions/small/32x32/mail-mark-read.svg	pass	262123	116899	145224
svgs/oxygen-icons-5.113.0/scalable/actions/small/32x32/mail-mark-unread-new.svg	pass	246814	7081	239733
svgs/oxygen-icons-5.113.0/scalable/actions/small/32x32/mail-mark-unread.svg	pass	66616	4222	62394
svgs/oxygen-icons-5.113.0/scalable/actions/small/32x32/mail-meeting-request-reply.svg	pass	67664	5408	62256
svgs/oxygen-icons-5.113.0/scalable/actions/small/32x32/mail-message-new-list.svg	pass	259480	120597	138883
svgs/oxygen-icons-5.113.0/scalable/actions/small/32x32/mail-message-new.svg	pass	250153	120462	129691
svgs/oxygen-icons-5.113.0/scalable/actions/small/32x32/mail-queue.svg	pass	198035	84321	113714
svgs/oxygen-icons-5.113.0/scalable/actions/small/32x32/mail-receive.svg	pass	56488	14173	42315
svgs/oxygen-icons-5.113.0/scalable/actions/small/32x32/mail-replied.svg	pass	430229	122051	308178
svgs/oxygen-icons-5.113.0/scalable/actions/small/32x32/mail-reply-all.svg	pass	72362	9756	62606
svgs/oxygen-icons-5.113.0/scalable/actions/small/32x32/mail-reply-custom-all.svg	pass	66417	6636	59781
svgs/oxygen-icons-5.113.0/scalable/actions/small/32x32/mail-reply-custom.svg	pass	70706	6279	64427
svgs/oxygen-icons-5.113.0/scalable/actions/small/32x32/mail-reply-list.svg	pass	85668	16693	68975
svgs/oxygen-icons-5.113.0/scalable/actions/small/32x32/mail-reply-sender.svg	pass	71969	9521	62448
svgs/oxygen-icons-5.113.0/scalable/actions/small/32x32/mail-send.svg	pass	191620	80669	110951
svgs/oxygen-icons-5.113.0/scalable/actions/small/32x32/mail-signature-unknown.svg	pass	328635	143906	184729
svgs/oxygen-icons-5.113.0/scalable/actions/small/32x32/mail-signed-full.svg	pass	236367	133805	102562
svgs/oxygen-icons-5.113.0/scalable/actions/small/32x32/mail-signed-part.svg	pass	210458	111265	99193
svgs/oxygen-icons-5.113.0/scalable/actions/small/32x32/mail-signed-verified.svg	pass	287608	142641	144967
svgs/oxygen-icons-5.113.0/scalable/actions/small/32x32/mail-signed.svg	pass	272194	133422	138772
svgs/oxygen-icons-5.113.0/scalable/actions/small/32x32/mail-tagged.svg	pass	411265	198183	213082
svgs/oxygen-icons-5.113.0/scalable/actions/small/32x32/measure.svg	pass	11316	3433	7883
svgs/oxygen-icons-5.113.0/scalable/actions/small/32x32/meeting-participant-no-response.svg	pass	283464	149654	133810
svgs/oxygen-icons-5.113.0/scalable/actions/small/32x32/meeting-participant-request-response.svg	pass	282720	149517	133203
svgs/oxygen-icons-5.113.0/scalable/actions/small/32x32/merge.svg	pass	337783	5137	332646
svgs/oxygen-icons-5.113.0/scalable/actions/small/32x32/milestone.svg	pass	365189	118369	246820
svgs/oxygen-icons-5.113.0/scalable/actions/small/32x32/news-subscribe.svg	pass	169964	19069	150895
svgs/oxygen-icons-5.113.0/scalable/actions/small/32x32/news-unsubscribe.svg	pass	299257	24465	274792
svgs/oxygen-icons-5.113.0/scalable/actions/small/32x32/office-chart-area-focus-peak-node.svg	pass	16108	6844	9264
svgs/oxygen-icons-5.113.0/scalable/actions/small/32x32/page-2sides.svg	pass	29771	6383	23388
svgs/oxygen-icons-5.113.0/scalable/actions/small/32x32/page-3sides.svg	pass	32103	7276	24827
svgs/oxygen-icons-5.113.0/scalable/actions/small/32x32/page-4sides.svg	pass	35292	7674	27618
svgs/oxygen-icons-5.113.0/scalable/actions/small/32x32/page-simple.svg	pass	26159	5544	20615
svgs/oxygen-icons-5.113.0/scalable/actions/small/32x32/page-zoom.svg	pass	78251	18827	59424
svgs/oxygen-icons-5.113.0/scalable/actions/small/32x32/preferences-activities.svg	pass	521050	13038	508012
svgs/oxygen-icons-5.113.0/scalable/actions/small/32x32/preflight-verifier.svg	pass	704520	450507	254013
svgs/oxygen-icons-5.113.0/scalable/actions/small/32x32/project-development-close-all.svg	pass	115672	19721	95951
svgs/oxygen-icons-5.113.0/scalable/actions/small/32x32/project-development-close.svg	pass	110328	16068	94260
svgs/oxygen-icons-5.113.0/scalable/actions/small/32x32/project-development-new-template.svg	pass	158641	10333	148308
svgs/oxygen-icons-5.113.0/scalable/actions/small/32x32/project-development.svg	pass	70864	5974	64890
svgs/oxygen-icons-5.113.0/scalable/actions/small/32x32/project-open.svg	pass	134810	120613	14197
svgs/oxygen-icons-5.113.0/scalable/actions/small/32x32/quickopen-class.svg	pass	72791	17070	55721
svgs/oxygen-icons-5.113.0/scalable/actions/small/32x32/quickopen-function.svg	pass	104472	17167	87305
svgs/oxygen-icons-5.113.0/scalable/actions/small/32x32/resource-calendar-child-insert.svg	pass	181415	17148	164267
svgs/oxygen-icons-5.113.0/scalable/actions/small/32x32/resource-calendar-child.svg	pass	56472	12864	43608
svgs/oxygen-icons-5.113.0/scalable/actions/small/32x32/resource-calendar-insert.svg	pass	130575	42658	87917
svgs/oxygen-icons-5.113.0/scalable/actions/small/32x32/resource-group-new.svg	pass	224253	151234	73019
svgs/oxygen-icons-5.113.0/scalable/actions/small/32x32/run-build-clean.svg	pass	300614	65355	235259
svgs/oxygen-icons-5.113.0/scalable/actions/small/32x32/run-build-configure.svg	pass	402937	65469	337468
svgs/oxygen-icons-5.113.0/scalable/actions/small/32x32/run-build-file.svg	pass	231269	42609	188660
svgs/oxygen-icons-5.113.0/scalable/actions/small/32x32/run-build-install-root.svg	pass	238686	47444	191242
svgs/oxygen-icons-5.113.0/scalable/actions/small/32x32/run-build-install.svg	pass	335125	48360	286765
svgs/oxygen-icons-5.113.0/scalable/actions/small/32x32/run-build-prune.svg	pass	333196	89823	243373
svgs/oxygen-icons-5.113.0/scalable/actions/small/32x32/run-build.svg	pass	300822	39559	261263
svgs/oxygen-icons-5.113.0/scalable/actions/small/32x32/snap-extension.svg	pass	16929	7001	9928
svgs/oxygen-icons-5.113.0/scalable/actions/small/32x32/snap-guideline.svg	pass	19461	8121	11340
svgs/oxygen-icons-5.113.0/scalable/actions/small/32x32/snap-intersection.svg	pass	13306	4449	8857
svgs/oxygen-icons-5.113.0/scalable/actions/small/32x32/snap-node.svg	pass	13171	4733	8438
svgs/oxygen-icons-5.113.0/scalable/actions/small/32x32/snap-orthogonal.svg	pass	18945	5193	13752
svgs/oxygen-icons-5.113.0/scalable/actions/small/32x32/split.svg	pass	346734	14403	332331
svgs/oxygen-icons-5.113.0/scalable/actions/small/32x32/story-editor.svg	pass	35667	17278	18389
svgs/oxygen-icons-5.113.0/scalable/actions/small/32x32/stroke-cap-butt.svg	pass	7518	2869	4649
svgs/oxygen-icons-5.113.0/scalable/actions/small/32x32/stroke-cap-round.svg	pass	7371	2767	4604
svgs/oxygen-icons-5.113.0/scalable/actions/small/32x32/stroke-cap-square.svg	pass	7416	2786	4630
svgs/oxygen-icons-5.113.0/scalable/actions/small/32x32/stroke-join-bevel.svg	pass	8492	3302	5190
svgs/oxygen-icons-5.113.0/scalable/actions/small/32x32/stroke-join-miter.svg	pass	8476	3284	5192
svgs/oxygen-icons-5.113.0/scalable/actions/small/32x32/stroke-join-round.svg	pass	11916	3489	8427
svgs/oxygen-icons-5.113.0/scalable/actions/small/32x32/system-search.svg	pass	142636	42048	100588
svgs/oxygen-icons-5.113.0/scalable/actions/small/32x32/taxes-finances.svg	pass	458931	62306	396625
svgs/oxygen-icons-5.113.0/scalable/actions/small/32x32/text-field.svg	pass	5983	1981	4002
svgs/oxygen-icons-5.113.0/scalable/actions/small/32x32/text-frame-link.svg	pass	18223	5359	12864
svgs/oxygen-icons-5.113.0/scalable/actions/small/32x32/text-frame-unlink.svg	pass	29056	9392	19664
svgs/oxygen-icons-5.113.0/scalable/actions/small/32x32/tool-animator.svg	pass	21817	8226	13591
svgs/oxygen-icons-5.113.0/scalable/actions/small/32x32/tools-check-spelling.svg	pass	25216	12048	13168
svgs/oxygen-icons-5.113.0/scalable/actions/small/32x32/tools-media-optical-burn-image.svg	pass	77643	41638	36005
svgs/oxygen-icons-5.113.0/scalable/actions/small/32x32/tools-media-optical-burn.svg	pass	75172	43522	31650
svgs/oxygen-icons-5.113.0/scalable/actions/small/32x32/tools-media-optical-burn2.svg	pass	46871	25597	21274
svgs/oxygen-icons-5.113.0/scalable/actions/small/32x32/tools-media-optical-erase.svg	pass	86452	25284	61168
svgs/oxygen-icons-5.113.0/scalable/actions/small/32x32/tools-rip-audio-cd.svg	pass	78011	44466	33545
svgs/oxygen-icons-5.113.0/scalable/actions/small/32x32/tools-rip-video-cd.svg	pass	76705	34466	42239
svgs/oxygen-icons-5.113.0/scalable/actions/small/32x32/tools-rip-video-dvd.svg	pass	92491	38311	54180
svgs/oxygen-icons-5.113.0/scalable/actions/small/32x32/transform-shear-down.svg	pass	13268	4157	9111
svgs/oxygen-icons-5.113.0/scalable/actions/small/32x32/transform-shear-left.svg	pass	12931	4153	8778
svgs/oxygen-icons-5.113.0/scalable/actions/small/32x32/transform-shear-right.svg	pass	12928	4146	8782
svgs/oxygen-icons-5.113.0/scalable/actions/small/32x32/transform-shear-up.svg	pass	13881	4098	9783
svgs/oxygen-icons-5.113.0/scalable/actions/small/32x32/view-bank-account-checking.svg	pass	488772	88537	400235
svgs/oxygen-icons-5.113.0/scalable/actions/small/32x32/view-bank-account-savings.svg	pass	584157	165595	418562
svgs/oxygen-icons-5.113.0/scalable/actions/small/32x32/view-bank-account.svg	pass	188954	81638	107316
svgs/oxygen-icons-5.113.0/scalable/actions/small/32x32/view-bank.svg	pass	263052	21871	241181
svgs/oxygen-icons-5.113.0/scalable/actions/small/32x32/view-barcode-add.svg	pass	244247	8583	235664
svgs/oxygen-icons-5.113.0/scalable/actions/small/32x32/view-barcode.svg	pass	70939	3436	67503
svgs/oxygen-icons-5.113.0/scalable/actions/small/32x32/view-calendar-agenda.svg	pass	153825	16889	136936
svgs/oxygen-icons-5.113.0/scalable/actions/small/32x32/view-calendar-birthday.svg	mismatch	56640	27157	29483
svgs/oxygen-icons-5.113.0/scalable/actions/small/32x32/view-calendar-holiday.svg	mismatch	37378	17300	20078
svgs/oxygen-icons-5.113.0/scalable/actions/small/32x32/view-calendar-journal.svg	pass	412089	96707	315382
svgs/oxygen-icons-5.113.0/scalable/actions/small/32x32/view-calendar-list.svg	pass	92594	14080	78514
svgs/oxygen-icons-5.113.0/scalable/actions/small/32x32/view-calendar-special-occasion.svg	mismatch	92495	49999	42496
svgs/oxygen-icons-5.113.0/scalable/actions/small/32x32/view-calendar-tasks.svg	pass	88653	13494	75159
svgs/oxygen-icons-5.113.0/scalable/actions/small/32x32/view-calendar-time-spent.svg	pass	145481	22060	123421
svgs/oxygen-icons-5.113.0/scalable/actions/small/32x32/view-calendar-timeline.svg	pass	64777	14706	50071
svgs/oxygen-icons-5.113.0/scalable/actions/small/32x32/view-calendar-wedding-anniversary.svg	mismatch	26300	12962	13338
svgs/oxygen-icons-5.113.0/scalable/actions/small/32x32/view-calendar-whatsnext.svg	pass	550129	217523	332606
svgs/oxygen-icons-5.113.0/scalable/actions/small/32x32/view-catalog.svg	pass	74042	43508	30534
svgs/oxygen-icons-5.113.0/scalable/actions/small/32x32/view-certificate-add.svg	pass	484402	93056	391346
svgs/oxygen-icons-5.113.0/scalable/actions/small/32x32/view-certificate-export-server.svg	pass	1592857	425168	1167689
svgs/oxygen-icons-5.113.0/scalable/actions/small/32x32/view-certificate-export.svg	pass	651165	89748	561417
svgs/oxygen-icons-5.113.0/scalable/actions/small/32x32/view-certificate-import.svg	pass	586929	81967	504962
svgs/oxygen-icons-5.113.0/scalable/actions/small/32x32/view-certificate-secret.svg	pass	571586	42415	529171
svgs/oxygen-icons-5.113.0/scalable/actions/small/32x32/view-certificate-server-configure.svg	pass	1933003	506438	1426565
svgs/oxygen-icons-5.113.0/scalable/actions/small/32x32/view-certificate-sign.svg	mismatch	681917	104761	577156
svgs/oxygen-icons-5.113.0/scalable/actions/small/32x32/view-certificate.svg	pass	243179	87168	156011
svgs/oxygen-icons-5.113.0/scalable/actions/small/32x32/view-conversation-balloon.svg	pass	41016	14659	26357
svgs/oxygen-icons-5.113.0/scalable/actions/small/32x32/view-credit-card-account.svg	pass	325897	197926	127971
svgs/oxygen-icons-5.113.0/scalable/actions/small/32x32/view-currency-list.svg	pass	281993	15091	266902
svgs/oxygen-icons-5.113.0/scalable/actions/small/32x32/view-documents-finances.svg	pass	456232	190759	265473
svgs/oxygen-icons-5.113.0/scalable/actions/small/32x32/view-expenses-categories.svg	pass	276546	124338	152208
svgs/oxygen-icons-5.113.0/scalable/actions/small/32x32/view-financial-categories.svg	pass	417868	183087	234781
svgs/oxygen-icons-5.113.0/scalable/actions/small/32x32/view-financial-forecast.svg	pass	18410	8939	9471
svgs/oxygen-icons-5.113.0/scalable/actions/small/32x32/view-financial-list.svg	pass	163613	64435	99178
svgs/oxygen-icons-5.113.0/scalable/actions/small/32x32/view-financial-payment-mode.svg	pass	616704	177220	439484
svgs/oxygen-icons-5.113.0/scalable/actions/small/32x32/view-financial-transfer.svg	pass	348072	28047	320025
svgs/oxygen-icons-5.113.0/scalable/actions/small/32x32/view-form-action.svg	pass	186889	15498	171391
svgs/oxygen-icons-5.113.0/scalable/actions/small/32x32/view-form-table.svg	pass	169492	3860	165632
svgs/oxygen-icons-5.113.0/scalable/actions/small/32x32/view-form.svg	pass	156832	8174	148658
svgs/oxygen-icons-5.113.0/scalable/actions/small/32x32/view-grid.svg	pass	36206	4107	32099
svgs/oxygen-icons-5.113.0/scalable/actions/small/32x32/view-group.svg	pass	129587	32264	97323
svgs/oxygen-icons-5.113.0/scalable/actions/small/32x32/view-income-categories.svg	pass	243367	130271	113096
svgs/oxygen-icons-5.113.0/scalable/actions/small/32x32/view-investment-account.svg	pass	1693075	745807	947268
svgs/oxygen-icons-5.113.0/scalable/actions/small/32x32/view-investment.svg	pass	442021	50360	391661
svgs/oxygen-icons-5.113.0/scalable/actions/small/32x32/view-ldap-resource.svg	pass	1658369	857255	801114
svgs/oxygen-icons-5.113.0/scalable/actions/small/32x32/view-loan-asset.svg	pass	465260	72412	392848
svgs/oxygen-icons-5.113.0/scalable/actions/small/32x32/view-loan.svg	pass	465350	72470	392880
svgs/oxygen-icons-5.113.0/scalable/actions/small/32x32/view-media-equalizer.svg	pass	209060	8383	200677
svgs/oxygen-icons-5.113.0/scalable/actions/small/32x32/view-multiple-objects.svg	pass	17804	6394	11410
svgs/oxygen-icons-5.113.0/scalable/actions/small/32x32/view-pim-contacts.svg	pass	236553	110303	126250
svgs/oxygen-icons-5.113.0/scalable/actions/small/32x32/view-pim-journal.svg	pass	285032	15176	269856
svgs/oxygen-icons-5.113.0/scalable/actions/small/32x32/view-pim-news.svg	pass	161758	9907	151851
svgs/oxygen-icons-5.113.0/scalable/actions/small/32x32/view-pim-tasks-pending.svg	pass	300676	57432	243244
svgs/oxygen-icons-5.113.0/scalable/actions/small/32x32/view-pim-tasks.svg	pass	286075	47349	238726
svgs/oxygen-icons-5.113.0/scalable/actions/small/32x32/view-resource-calendar.svg	pass	197880	38552	159328
svgs/oxygen-icons-5.113.0/scalable/actions/small/32x32/view-stock-account.svg	pass	949813	374402	575411
svgs/oxygen-icons-5.113.0/scalable/actions/small/32x32/view-table-of-contents-ltr.svg	mismatch	37014	12364	24650
svgs/oxygen-icons-5.113.0/scalable/actions/small/32x32/view-table-of-contents-rtl.svg	mismatch	39480	12636	26844
svgs/oxygen-icons-5.113.0/scalable/actions/small/32x32/view-task-add.svg	pass	187374	23235	164139
svgs/oxygen-icons-5.113.0/scalable/actions/small/32x32/view-task-child-add.svg	pass	90266	15448	74818
svgs/oxygen-icons-5.113.0/scalable/actions/small/32x32/view-task-child.svg	pass	81097	11490	69607
svgs/oxygen-icons-5.113.0/scalable/actions/small/32x32/view-task.svg	pass	95451	18720	76731
svgs/oxygen-icons-5.113.0/scalable/actions/small/32x32/view-time-schedule-baselined-add.svg	mismatch	306450	140642	165808
svgs/oxygen-icons-5.113.0/scalable/actions/small/32x32/view-time-schedule-baselined-remove.svg	mismatch	324872	150475	174397
svgs/oxygen-icons-5.113.0/scalable/actions/small/32x32/view-time-schedule-baselined.svg	mismatch	331633	137018	194615
svgs/oxygen-icons-5.113.0/scalable/actions/small/32x32/view-time-schedule-calculus.svg	mismatch	116734	44774	71960
svgs/oxygen-icons-5.113.0/scalable/actions/small/32x32/view-time-schedule-child-insert.svg	mismatch	111345	13618	97727
svgs/oxygen-icons-5.113.0/scalable/actions/small/32x32/view-time-schedule-edit.svg	mismatch	74404	17985	56419
svgs/oxygen-icons-5.113.0/scalable/actions/small/32x32/view-time-schedule-insert.svg	mismatch	60531	12010	48521
svgs/oxygen-icons-5.113.0/scalable/actions/small/32x32/view-time-schedule.svg	mismatch	51772	8052	43720
svgs/oxygen-icons-5.113.0/scalable/actions/small/32x32/zoom-1-to-2.svg	pass	79363	12320	67043
svgs/oxygen-icons-5.113.0/scalable/actions/small/32x32/zoom-2-to-1.svg	pass	80144	12238	67906
svgs/oxygen-icons-5.113.0/scalable/actions/small/32x32/zoom-draw.svg	pass	29006	12004	17002
svgs/oxygen-icons-5.113.0/scalable/actions/small/32x32/zoom-fit-best.svg	pass	36353	6203	30150
svgs/oxygen-icons-5.113.0/scalable/actions/small/32x32/zoom-fit-height.svg	pass	36873	6209	30664
svgs/oxygen-icons-5.113.0/scalable/actions/small/32x32/zoom-fit-width.svg	pass	36364	6215	30149
svgs/oxygen-icons-5.113.0/scalable/actions/small/32x32/zoom-in.svg	pass	81123	13464	67659
svgs/oxygen-icons-5.113.0/scalable/actions/small/32x32/zoom-next.svg	pass	81454	11477	69977
svgs/oxygen-icons-5.113.0/scalable/actions/small/32x32/zoom-original.svg	pass	78534	12460	66074
svgs/oxygen-icons-5.113.0/scalable/actions/small/32x32/zoom-out.svg	pass	80494	12383	68111
svgs/oxygen-icons-5.113.0/scalable/actions/small/32x32/zoom-previous.svg	pass	78684	11435	67249
svgs/oxygen-icons-5.113.0/scalable/actions/small/32x32/zoom-select.svg	pass	31204	12274	18930
svgs/oxygen-icons-5.113.0/scalable/actions/small/48x48/address-book-new.svg	pass	3271732	2345033	926699
svgs/oxygen-icons-5.113.0/scalable/actions/small/48x48/align-horizontal-bottom-out.svg	pass	12684	4355	8329
svgs/oxygen-icons-5.113.0/scalable/actions/small/48x48/align-horizontal-center.svg	pass	9409	3874	5535
svgs/oxygen-icons-5.113.0/scalable/actions/small/48x48/align-horizontal-left-out.svg	pass	10288	4199	6089
svgs/oxygen-icons-5.113.0/scalable/actions/small/48x48/align-horizontal-left.svg	pass	8812	3357	5455
svgs/oxygen-icons-5.113.0/scalable/actions/small/48x48/align-horizontal-right-out.svg	pass	10266	4198	6068
svgs/oxygen-icons-5.113.0/scalable/actions/small/48x48/align-horizontal-right.svg	pass	8816	3350	5466
svgs/oxygen-icons-5.113.0/scalable/actions/small/48x48/align-horizontal-top-out.svg	pass	10514	4364	6150
svgs/oxygen-icons-5.113.0/scalable/actions/small/48x48/align-vertical-bottom.svg	pass	8768	3498	5270
svgs/oxygen-icons-5.113.0/scalable/actions/small/48x48/align-vertical-center.svg	pass	9687	4062	5625
svgs/oxygen-icons-5.113.0/scalable/actions/small/48x48/align-vertical-top.svg	pass	9011	3478	5533
svgs/oxygen-icons-5.113.0/scalable/actions/small/48x48/appointment-new.svg	pass	88949	37339	51610
svgs/oxygen-icons-5.113.0/scalable/actions/small/48x48/archive-extract.svg	pass	23150	9292	13858
svgs/oxygen-icons-5.113.0/scalable/actions/small/48x48/archive-insert-directory.svg	pass	197715	125669	72046
svgs/oxygen-icons-5.113.0/scalable/actions/small/48x48/archive-insert.svg	pass	225423	18175	207248
svgs/oxygen-icons-5.113.0/scalable/actions/small/48x48/archive-remove.svg	pass	42271	16186	26085
svgs/oxygen-icons-5.113.0/scalable/actions/small/48x48/bookmark-new.svg	pass	37035	11550	25485
svgs/oxygen-icons-5.113.0/scalable/actions/small/48x48/bookmark-toolbar.svg	pass	149885	23839	126046
svgs/oxygen-icons-5.113.0/scalable/actions/small/48x48/bookmarks-organize.svg	pass	801581	396451	405130
svgs/oxygen-icons-5.113.0/scalable/actions/small/48x48/call-start.svg	pass	43925	7868	36057
svgs/oxygen-icons-5.113.0/scalable/actions/small/48x48/call-stop.svg	pass	60369	7694	52675
svgs/oxygen-icons-5.113.0/scalable/actions/small/48x48/code-block.svg	pass	88787	33639	55148
svgs/oxygen-icons-5.113.0/scalable/actions/small/48x48/code-class.svg	pass	42811	10776	32035
svgs/oxygen-icons-5.113.0/scalable/actions/small/48x48/code-context.svg	pass	14785	7112	7673
svgs/oxygen-icons-5.113.0/scalable/actions/small/48x48/code-function.svg	pass	13905	6312	7593
svgs/oxygen-icons-5.113.0/scalable/actions/small/48x48/code-typedef.svg	pass	40442	7209	33233
svgs/oxygen-icons-5.113.0/scalable/actions/small/48x48/code-variable.svg	pass	12854	5518	7336
svgs/oxygen-icons-5.113.0/scalable/actions/small/48x48/color-picker-black.svg	pass	52623	22313	30310
svgs/oxygen-icons-5.113.0/scalable/actions/small/48x48/color-picker-grey.svg	pass	40775	21987	18788
svgs/oxygen-icons-5.113.0/scalable/actions/small/48x48/color-picker-white.svg	pass	40371	21610	18761
svgs/oxygen-icons-5.113.0/scalable/actions/small/48x48/color-picker.svg	pass	44712	18727	25985
svgs/oxygen-icons-5.113.0/scalable/actions/small/48x48/configure-toolbars.svg	pass	107088	36606	70482
svgs/oxygen-icons-5.113.0/scalable/actions/small/48x48/contact-new.svg	pass	275637	114239	161398
svgs/oxygen-icons-5.113.0/scalable/actions/small/48x48/debug-execute-from-cursor.svg	pass	203733	7385	196348
svgs/oxygen-icons-5.113.0/scalable/actions/small/48x48/debug-execute-to-cursor.svg	pass	196218	7415	188803
svgs/oxygen-icons-5.113.0/scalable/actions/small/48x48/debug-run-cursor.svg	pass	396317	44386	351931
svgs/oxygen-icons-5.113.0/scalable/actions/small/48x48/debug-run.svg	pass	395028	42721	352307
svgs/oxygen-icons-5.113.0/scalable/actions/small/48x48/debug-step-instruction.svg	pass	45661	9509	36152
svgs/oxygen-icons-5.113.0/scalable/actions/small/48x48/debug-step-into-instruction.svg	pass	47222	10125	37097
svgs/oxygen-icons-5.113.0/scalable/actions/small/48x48/debug-step-into.svg	pass	46773	9934	36839
svgs/oxygen-icons-5.113.0/scalable/actions/small/48x48/debug-step-out.svg	pass	45755	9406	36349
svgs/oxygen-icons-5.113.0/scalable/actions/small/48x48/debug-step-over.svg	pass	45226	9325	35901
svgs/oxygen-icons-5.113.0/scalable/actions/small/48x48/document-edit-decrypt-verify.svg	pass	713955	126870	587085
svgs/oxygen-icons-5.113.0/scalable/actions/small/48x48/document-edit-decrypt.svg	pass	747872	155251	592621
svgs/oxygen-icons-5.113.0/scalable/actions/small/48x48/document-edit-encrypt.svg	pass	731067	158626	572441
svgs/oxygen-icons-5.113.0/scalable/actions/small/48x48/document-edit-sign-encrypt.svg	pass	1241121	140856	1100265
svgs/oxygen-icons-5.113.0/scalable/actions/small/48x48/document-edit-sign.svg	pass	1148199	255879	892320
svgs/oxygen-icons-5.113.0/scalable/actions/small/48x48/document-edit-verify.svg	pass	893403	255093	638310
svgs/oxygen-icons-5.113.0/scalable/actions/small/48x48/document-edit.svg	pass	533456	17518	515938
svgs/oxygen-icons-5.113.0/scalable/actions/small/48x48/document-encrypted.svg	pass	513658	24110	489548
svgs/oxygen-icons-5.113.0/scalable/actions/small/48x48/document-export-table.svg	pass	135589	17909	117680
svgs/oxygen-icons-5.113.0/scalable/actions/small/48x48/document-export.svg	pass	57218	11109	46109
svgs/oxygen-icons-5.113.0/scalable/actions/small/48x48/document-import.svg	pass	57578	12308	45270
svgs/oxygen-icons-5.113.0/scalable/actions/small/48x48/document-new.svg	pass	19622	8097	11525
svgs/oxygen-icons-5.113.0/scalable/actions/small/48x48/document-open-folder.svg	pass	378517	128965	249552
svgs/oxygen-icons-5.113.0/scalable/actions/small/48x48/document-open-recent.svg	pass	18803	9359	9444
svgs/oxygen-icons-5.113.0/scalable/actions/small/48x48/document-open-remote.svg	pass	794116	457288	336828
svgs/oxygen-icons-5.113.0/scalable/actions/small/48x48/document-open.svg	pass	380283	128964	251319
svgs/oxygen-icons-5.113.0/scalable/actions/small/48x48/document-save-all.svg	pass	2360055	1488782	871273
svgs/oxygen-icons-5.113.0/scalable/actions/small/48x48/document-save-as.svg	pass	1189807	760448	429359
svgs/oxygen-icons-5.113.0/scalable/actions/small/48x48/document-save.svg	pass	1116723	747421	369302
svgs/oxygen-icons-5.113.0/scalable/actions/small/48x48/document-share.svg	pass	23947	9510	14437
svgs/oxygen-icons-5.113.0/scalable/actions/small/48x48/documentation.svg	pass	331099	101990	229109
svgs/oxygen-icons-5.113.0/scalable/actions/small/48x48/download-later.svg	pass	98018	17498	80520
svgs/oxygen-icons-5.113.0/scalable/actions/small/48x48/download.svg	pass	665650	345938	319712
svgs/oxygen-icons-5.113.0/scalable/actions/small/48x48/draw-bezier-curves.svg	pass	16638	5796	10842
svgs/oxygen-icons-5.113.0/scalable/actions/small/48x48/draw-halfcircle1.svg	pass	5977	1830	4147
svgs/oxygen-icons-5.113.0/scalable/actions/small/48x48/draw-halfcircle2.svg	pass	6013	1876	4137
svgs/oxygen-icons-5.113.0/scalable/actions/small/48x48/draw-halfcircle3.svg	pass	6009	1881	4128
svgs/oxygen-icons-5.113.0/scalable/actions/small/48x48/draw-halfcircle4.svg	pass	5974	1837	4137
svgs/oxygen-icons-5.113.0/scalable/actions/small/48x48/draw-path.svg	pass	41896	11837	30059
svgs/oxygen-icons-5.113.0/scalable/actions/small/48x48/draw-polyline.svg	pass	36650	2074	34576
svgs/oxygen-icons-5.113.0/scalable/actions/small/48x48/draw-rectangle.svg	pass	35242	1916	33326
svgs/oxygen-icons-5.113.0/scalable/actions/small/48x48/draw-spiral.svg	pass	11374	3233	8141
svgs/oxygen-icons-5.113.0/scalable/actions/small/48x48/draw-square-inverted-corners.svg	pass	6742	2087	4655
svgs/oxygen-icons-5.113.0/scalable/actions/small/48x48/draw-text.svg	pass	7113	1393	5720
svgs/oxygen-icons-5.113.0/scalable/actions/small/48x48/draw-triangle.svg	pass	5900	1902	3998
svgs/oxygen-icons-5.113.0/scalable/actions/small/48x48/draw-triangle1.svg	pass	35100	1959	33141
svgs/oxygen-icons-5.113.0/scalable/actions/small/48x48/draw-triangle2.svg	pass	5900	1900	4000
svgs/oxygen-icons-5.113.0/scalable/actions/small/48x48/draw-triangle3.svg	pass	5974	1898	4076
svgs/oxygen-icons-5.113.0/scalable/actions/small/48x48/draw-triangle4.svg	pass	5915	1910	4005
svgs/oxygen-icons-5.113.0/scalable/actions/small/48x48/edit-clear-list.svg	pass	204705	14960	189745
svgs/oxygen-icons-5.113.0/scalable/actions/small/48x48/edit-copy.svg	pass	136218	8662	127556
svgs/oxygen-icons-5.113.0/scalable/actions/small/48x48/edit-find-project.svg	pass	283102	64940	218162
svgs/oxygen-icons-5.113.0/scalable/actions/small/48x48/edit-guides.svg	pass	26111	3934	22177
svgs/oxygen-icons-5.113.0/scalable/actions/small/48x48/edit-image-face-add.svg	pass	190279	82146	108133
svgs/oxygen-icons-5.113.0/scalable/actions/small/48x48/edit-image-face-detect.svg	pass	19733	3277	16456
svgs/oxygen-icons-5.113.0/scalable/actions/small/48x48/edit-image-face-recognize.svg	pass	138840	42274	96566
svgs/oxygen-icons-5.113.0/scalable/actions/small/48x48/edit-image-face-show.svg	mismatch	679255	118508	560747
svgs/oxygen-icons-5.113.0/scalable/actions/small/48x48/edit-node.svg	pass	48131	4000	44131
svgs/oxygen-icons-5.113.0/scalable/actions/small/48x48/edit-paste.svg	pass	114088	16468	97620
svgs/oxygen-icons-5.113.0/scalable/actions/small/48x48/edit-select-all.svg	pass	97803	59574	38229
svgs/oxygen-icons-5.113.0/scalable/actions/small/48x48/edit-select-none.svg	pass	116006	68951	47055
svgs/oxygen-icons-5.113.0/scalable/actions/small/48x48/edit-select.svg	pass	25172	2717	22455
svgs/oxygen-icons-5.113.0/scalable/actions/small/48x48/edit-table-cell-merge.svg	pass	65005	8355	56650
svgs/oxygen-icons-5.113.0/scalable/actions/small/48x48/edit-table-cell-split.svg	pass	65464	8597	56867
svgs/oxygen-icons-5.113.0/scalable/actions/small/48x48/edit-table-delete-column.svg	pass	326935	19488	307447
svgs/oxygen-icons-5.113.0/scalable/actions/small/48x48/edit-table-delete-row.svg	pass	366379	20775	345604
svgs/oxygen-icons-5.113.0/scalable/actions/small/48x48/edit-table-insert-column-left.svg	pass	71903	13451	58452
svgs/oxygen-icons-5.113.0/scalable/actions/small/48x48/edit-table-insert-column-right.svg	pass	73300	13592	59708
svgs/oxygen-icons-5.113.0/scalable/actions/small/48x48/edit-table-insert-row-above.svg	pass	56518	13929	42589
svgs/oxygen-icons-5.113.0/scalable/actions/small/48x48/edit-table-insert-row-below.svg	pass	56512	13924	42588
svgs/oxygen-icons-5.113.0/scalable/actions/small/48x48/edit-text-frame-update.svg	pass	23572	4966	18606
svgs/oxygen-icons-5.113.0/scalable/actions/small/48x48/edit-web-search.svg	pass	828293	395312	432981
svgs/oxygen-icons-5.113.0/scalable/actions/small/48x48/flag-blue.svg	pass	235670	42426	193244
svgs/oxygen-icons-5.113.0/scalable/actions/small/48x48/folder-new.svg	pass	197715	125669	72046
svgs/oxygen-icons-5.113.0/scalable/actions/small/48x48/folder-sync.svg	pass	147903	125690	22213
svgs/oxygen-icons-5.113.0/scalable/actions/small/48x48/format-add-node.svg	pass	26560	11780	14780
svgs/oxygen-icons-5.113.0/scalable/actions/small/48x48/format-break-node.svg	pass	31394	5880	25514
svgs/oxygen-icons-5.113.0/scalable/actions/small/48x48/format-connect-node.svg	pass	34009	7481	26528
svgs/oxygen-icons-5.113.0/scalable/actions/small/48x48/format-disconnect-node.svg	pass	32796	7190	25606
svgs/oxygen-icons-5.113.0/scalable/actions/small/48x48/format-join-node.svg	pass	30008	5874	24134
svgs/oxygen-icons-5.113.0/scalable/actions/small/48x48/format-remove-node.svg	pass	149090	11809	137281
svgs/oxygen-icons-5.113.0/scalable/actions/small/48x48/format-text-color.svg	pass	86301	4008	82293
svgs/oxygen-icons-5.113.0/scalable/actions/small/48x48/games-achievements.svg	pass	636182	139453	496729
svgs/oxygen-icons-5.113.0/scalable/actions/small/48x48/games-highscores.svg	pass	290810	144481	146329
svgs/oxygen-icons-5.113.0/scalable/actions/small/48x48/go-first-view-page.svg	pass	151456	24682	126774
svgs/oxygen-icons-5.113.0/scalable/actions/small/48x48/go-first-view.svg	pass	45221	11663	33558
svgs/oxygen-icons-5.113.0/scalable/actions/small/48x48/go-jump-declaration.svg	pass	68602	16000	52602
svgs/oxygen-icons-5.113.0/scalable/actions/small/48x48/go-jump-definition.svg	pass	107872	8448	99424
svgs/oxygen-icons-5.113.0/scalable/actions/small/48x48/go-jump-locationbar.svg	pass	701923	341505	360418
svgs/oxygen-icons-5.113.0/scalable/actions/small/48x48/go-last-view-page.svg	pass	151635	24638	126997
svgs/oxygen-icons-5.113.0/scalable/actions/small/48x48/go-last-view.svg	pass	38660	12134	26526
svgs/oxygen-icons-5.113.0/scalable/actions/small/48x48/go-next-context.svg	pass	18264	8360	9904
svgs/oxygen-icons-5.113.0/scalable/actions/small/48x48/go-next-use.svg	pass	95618	8459	87159
svgs/oxygen-icons-5.113.0/scalable/actions/small/48x48/go-next-view-page.svg	pass	86074	17592	68482
svgs/oxygen-icons-5.113.0/scalable/actions/small/48x48/go-next-view.svg	pass	37905	6274	31631
svgs/oxygen-icons-5.113.0/scalable/actions/small/48x48/go-previous-context.svg	pass	16871	7571	9300
svgs/oxygen-icons-5.113.0/scalable/actions/small/48x48/go-previous-use.svg	pass	98039	8452	89587
svgs/oxygen-icons-5.113.0/scalable/actions/small/48x48/go-previous-view-page.svg	pass	85332	17559	67773
svgs/oxygen-icons-5.113.0/scalable/actions/small/48x48/go-previous-view.svg	pass	39424	5792	33632
svgs/oxygen-icons-5.113.0/scalable/actions/small/48x48/help-about.svg	pass	43883	10909	32974
svgs/oxygen-icons-5.113.0/scalable/actions/small/48x48/help-contents.svg	pass	1195019	575397	619622
svgs/oxygen-icons-5.113.0/scalable/actions/small/48x48/help-contextual.svg	pass	420047	186420	233627
svgs/oxygen-icons-5.113.0/scalable/actions/small/48x48/help-donate.svg	pass	162185	23360	138825
svgs/oxygen-icons-5.113.0/scalable/actions/small/48x48/help-feedback.svg	pass	54614	16383	38231
svgs/oxygen-icons-5.113.0/scalable/actions/small/48x48/im-aim.svg	pass	64341	20797	43544
svgs/oxygen-icons-5.113.0/scalable/actions/small/48x48/im-facebook.svg	pass	46025	10405	35620
svgs/oxygen-icons-5.113.0/scalable/actions/small/48x48/im-gadugadu.svg	pass	83483	16416	67067
svgs/oxygen-icons-5.113.0/scalable/actions/small/48x48/im-google-talk.svg	pass	94322	18576	75746
svgs/oxygen-icons-5.113.0/scalable/actions/small/48x48/im-google.svg	mismatch	40891	15943	24948
svgs/oxygen-icons-5.113.0/scalable/actions/small/48x48/im-icq.svg	pass	77393	30052	47341
svgs/oxygen-icons-5.113.0/scalable/actions/small/48x48/im-identi.ca.svg	pass	112082	30974	81108
svgs/oxygen-icons-5.113.0/scalable/actions/small/48x48/im-jabber.svg	pass	64201	22266	41935
svgs/oxygen-icons-5.113.0/scalable/actions/small/48x48/im-msn.svg	pass	75847	32159	43688
svgs/oxygen-icons-5.113.0/scalable/actions/small/48x48/im-qq.svg	pass	62607	24832	37775
svgs/oxygen-icons-5.113.0/scalable/actions/small/48x48/im-skype.svg	pass	43925	7868	36057
svgs/oxygen-icons-5.113.0/scalable/actions/small/48x48/im-twitter.svg	pass	47949	11467	36482
svgs/oxygen-icons-5.113.0/scalable/actions/small/48x48/im-yahoo.svg	pass	93419	27154	66265
svgs/oxygen-icons-5.113.0/scalable/actions/small/48x48/list-resource-add.svg	pass	201518	146026	55492
svgs/oxygen-icons-5.113.0/scalable/actions/small/48x48/mail-encrypted-full.svg	pass	462320	315153	147167
svgs/oxygen-icons-5.113.0/scalable/actions/small/48x48/mail-encrypted-part.svg	pass	612664	386473	226191
svgs/oxygen-icons-5.113.0/scalable/actions/small/48x48/mail-encrypted.svg	pass	435111	314448	120663
svgs/oxygen-icons-5.113.0/scalable/actions/small/48x48/mail-forward.svg	pass	323518	129977	193541
svgs/oxygen-icons-5.113.0/scalable/actions/small/48x48/mail-forwarded-replied.svg	pass	700572	279485	421087
svgs/oxygen-icons-5.113.0/scalable/actions/small/48x48/mail-forwarded.svg	pass	633621	274204	359417
svgs/oxygen-icons-5.113.0/scalable/actions/small/48x48/mail-invitation.svg	pass	27541	13270	14271
svgs/oxygen-icons-5.113.0/scalable/actions/small/48x48/mail-mark-important.svg	pass	127308	8744	118564
svgs/oxygen-icons-5.113.0/scalable/actions/small/48x48/mail-mark-junk.svg	pass	215946	18715	197231
svgs/oxygen-icons-5.113.0/scalable/actions/small/48x48/mail-mark-notjunk.svg	pass	20851	9090	11761
svgs/oxygen-icons-5.113.0/scalable/actions/small/48x48/mail-mark-read.svg	pass	513392	268591	244801
svgs/oxygen-icons-5.113.0/scalable/actions/small/48x48/mail-mark-unread-new.svg	pass	75764	6840	68924
svgs/oxygen-icons-5.113.0/scalable/actions/small/48x48/mail-mark-unread.svg	pass	65052	4092	60960
svgs/oxygen-icons-5.113.0/scalable/actions/small/48x48/mail-meeting-request-reply.svg	pass	67597	5351	62246
svgs/oxygen-icons-5.113.0/scalable/actions/small/48x48/mail-message-new-list.svg	pass	365002	175046	189956
svgs/oxygen-icons-5.113.0/scalable/actions/small/48x48/mail-message-new.svg	pass	315289	173092	142197
svgs/oxygen-icons-5.113.0/scalable/actions/small/48x48/mail-queue.svg	pass	332507	125211	207296
svgs/oxygen-icons-5.113.0/scalable/actions/small/48x48/mail-replied.svg	pass	695320	273690	421630
svgs/oxygen-icons-5.113.0/scalable/actions/small/48x48/mail-reply-all.svg	pass	72153	9628	62525
svgs/oxygen-icons-5.113.0/scalable/actions/small/48x48/mail-reply-custom-all.svg	pass	69646	8464	61182
svgs/oxygen-icons-5.113.0/scalable/actions/small/48x48/mail-reply-list.svg	pass	83592	16437	67155
svgs/oxygen-icons-5.113.0/scalable/actions/small/48x48/mail-reply-sender.svg	pass	78589	9162	69427
svgs/oxygen-icons-5.113.0/scalable/actions/small/48x48/mail-send.svg	pass	724848	126571	598277
svgs/oxygen-icons-5.113.0/scalable/actions/small/48x48/mail-signature-unknown.svg	pass	301718	189746	111972
svgs/oxygen-icons-5.113.0/scalable/actions/small/48x48/mail-signed-full.svg	pass	282022	180476	101546
svgs/oxygen-icons-5.113.0/scalable/actions/small/48x48/mail-signed-part.svg	pass	282661	180824	101837
svgs/oxygen-icons-5.113.0/scalable/actions/small/48x48/mail-signed-verified.svg	pass	294684	188639	106045
svgs/oxygen-icons-5.113.0/scalable/actions/small/48x48/mail-signed.svg	pass	281065	179409	101656
svgs/oxygen-icons-5.113.0/scalable/actions/small/48x48/mail-tagged.svg	pass	287004	183036	103968
svgs/oxygen-icons-5.113.0/scalable/actions/small/48x48/measure.svg	pass	13512	4468	9044
svgs/oxygen-icons-5.113.0/scalable/actions/small/48x48/meeting-participant-no-response.svg	pass	282971	149417	133554
svgs/oxygen-icons-5.113.0/scalable/actions/small/48x48/meeting-participant-request-response.svg	pass	282725	149505	133220
svgs/oxygen-icons-5.113.0/scalable/actions/small/48x48/merge.svg	pass	337753	5113	332640
svgs/oxygen-icons-5.113.0/scalable/actions/small/48x48/milestone.svg	pass	407347	142472	264875
svgs/oxygen-icons-5.113.0/scalable/actions/small/48x48/news-subscribe.svg	pass	424464	16748	407716
svgs/oxygen-icons-5.113.0/scalable/actions/small/48x48/news-unsubscribe.svg	pass	394502	19430	375072
svgs/oxygen-icons-5.113.0/scalable/actions/small/48x48/object-flip-horizontal.svg	pass	70699	6315	64384
svgs/oxygen-icons-5.113.0/scalable/actions/small/48x48/object-flip-vertical.svg	pass	71057	6060	64997
svgs/oxygen-icons-5.113.0/scalable/actions/small/48x48/office-chart-area-focus-peak-node.svg	pass	14942	7348	7594
svgs/oxygen-icons-5.113.0/scalable/actions/small/48x48/office-chart-area-percentage.svg	pass	96182	14326	81856
svgs/oxygen-icons-5.113.0/scalable/actions/small/48x48/office-chart-area-stacked.svg	pass	11860	5977	5883
svgs/oxygen-icons-5.113.0/scalable/actions/small/48x48/office-chart-area.svg	pass	12492	6554	5938
svgs/oxygen-icons-5.113.0/scalable/actions/small/48x48/office-chart-bar-percentage.svg	pass	103815	13299	90516
svgs/oxygen-icons-5.113.0/scalable/actions/small/48x48/office-chart-bar-stacked.svg	pass	28361	12075	16286
svgs/oxygen-icons-5.113.0/scalable/actions/small/48x48/office-chart-bar.svg	pass	76709	7305	69404
svgs/oxygen-icons-5.113.0/scalable/actions/small/48x48/office-chart-line-percentage.svg	pass	80784	5452	75332
svgs/oxygen-icons-5.113.0/scalable/actions/small/48x48/office-chart-line-stacked.svg	pass	70578	3691	66887
svgs/oxygen-icons-5.113.0/scalable/actions/small/48x48/office-chart-line.svg	pass	70570	3692	66878
svgs/oxygen-icons-5.113.0/scalable/actions/small/48x48/office-chart-pie.svg	pass	31725	16786	14939
svgs/oxygen-icons-5.113.0/scalable/actions/small/48x48/office-chart-polar-stacked.svg	pass	76345	6069	70276
svgs/oxygen-icons-5.113.0/scalable/actions/small/48x48/office-chart-polar.svg	pass	70618	3793	66825
svgs/oxygen-icons-5.113.0/scalable/actions/small/48x48/office-chart-ring.svg	pass	32064	11694	20370
svgs/oxygen-icons-5.113.0/scalable/actions/small/48x48/office-chart-scatter.svg	pass	76237	6610	69627
svgs/oxygen-icons-5.113.0/scalable/actions/small/48x48/page-zoom.svg	pass	43072	17845	25227
svgs/oxygen-icons-5.113.0/scalable/actions/small/48x48/preferences-activities.svg	pass	521031	12993	508038
svgs/oxygen-icons-5.113.0/scalable/actions/small/48x48/preflight-verifier.svg	pass	706367	450664	255703
svgs/oxygen-icons-5.113.0/scalable/actions/small/48x48/project-development-close-all.svg	pass	183844	24662	159182
svgs/oxygen-icons-5.113.0/scalable/actions/small/48x48/project-development-close.svg	pass	174735	20089	154646
svgs/oxygen-icons-5.113.0/scalable/actions/small/48x48/project-development-new-template.svg	pass	207962	14244	193718
svgs/oxygen-icons-5.113.0/scalable/actions/small/48x48/project-development.svg	pass	143327	10552	132775
svgs/oxygen-icons-5.113.0/scalable/actions/small/48x48/project-open.svg	pass	510700	232832	277868
svgs/oxygen-icons-5.113.0/scalable/actions/small/48x48/quickopen-class.svg	pass	80860	21841	59019
svgs/oxygen-icons-5.113.0/scalable/actions/small/48x48/quickopen-file.svg	pass	246854	18278	228576
svgs/oxygen-icons-5.113.0/scalable/actions/small/48x48/quickopen-function.svg	pass	92708	17871	74837
svgs/oxygen-icons-5.113.0/scalable/actions/small/48x48/quickopen.svg	pass	41355	11699	29656
svgs/oxygen-icons-5.113.0/scalable/actions/small/48x48/resource-calendar-child-insert.svg	pass	67399	18123	49276
svgs/oxygen-icons-5.113.0/scalable/actions/small/48x48/resource-calendar-child.svg	pass	58051	14019	44032
svgs/oxygen-icons-5.113.0/scalable/actions/small/48x48/resource-calendar-insert.svg	pass	296557	44667	251890
svgs/oxygen-icons-5.113.0/scalable/actions/small/48x48/resource-group-new.svg	pass	209664	151153	58511
svgs/oxygen-icons-5.113.0/scalable/actions/small/48x48/run-build-clean.svg	pass	267672	65032	202640
svgs/oxygen-icons-5.113.0/scalable/actions/small/48x48/run-build-configure.svg	pass	298449	64414	234035
svgs/oxygen-icons-5.113.0/scalable/actions/small/48x48/run-build-file.svg	pass	231668	42759	188909
svgs/oxygen-icons-5.113.0/scalable/actions/small/48x48/run-build-install-root.svg	pass	236504	47481	189023
svgs/oxygen-icons-5.113.0/scalable/actions/small/48x48/run-build-install.svg	pass	338486	48393	290093
svgs/oxygen-icons-5.113.0/scalable/actions/small/48x48/run-build-prune.svg	pass	301958	89869	212089
svgs/oxygen-icons-5.113.0/scalable/actions/small/48x48/run-build.svg	pass	306950	39562	267388
svgs/oxygen-icons-5.113.0/scalable/actions/small/48x48/snap-extension.svg	pass	26495	7119	19376
svgs/oxygen-icons-5.113.0/scalable/actions/small/48x48/snap-guideline.svg	pass	29095	8191	20904
svgs/oxygen-icons-5.113.0/scalable/actions/small/48x48/snap-intersection.svg	pass	22564	4515	18049
svgs/oxygen-icons-5.113.0/scalable/actions/small/48x48/snap-node.svg	pass	22283	4661	17622
svgs/oxygen-icons-5.113.0/scalable/actions/small/48x48/snap-orthogonal.svg	pass	26056	4928	21128
svgs/oxygen-icons-5.113.0/scalable/actions/small/48x48/split.svg	pass	346498	14405	332093
svgs/oxygen-icons-5.113.0/scalable/actions/small/48x48/story-editor.svg	pass	38404	17545	20859
svgs/oxygen-icons-5.113.0/scalable/actions/small/48x48/stroke-cap-butt.svg	pass	7965	3032	4933
svgs/oxygen-icons-5.113.0/scalable/actions/small/48x48/stroke-cap-round.svg	pass	7862	2990	4872
svgs/oxygen-icons-5.113.0/scalable/actions/small/48x48/stroke-cap-square.svg	pass	8101	3139	4962
svgs/oxygen-icons-5.113.0/scalable/actions/small/48x48/stroke-join-bevel.svg	pass	13422	3578	9844
svgs/oxygen-icons-5.113.0/scalable/actions/small/48x48/stroke-join-miter.svg	pass	10202	3521	6681
svgs/oxygen-icons-5.113.0/scalable/actions/small/48x48/stroke-join-round.svg	pass	13649	3728	9921
svgs/oxygen-icons-5.113.0/scalable/actions/small/48x48/tab-new-background.svg	pass	47376	6127	41249
svgs/oxygen-icons-5.113.0/scalable/actions/small/48x48/taxes-finances.svg	pass	475222	69913	405309
svgs/oxygen-icons-5.113.0/scalable/actions/small/48x48/text-field.svg	pass	7020	2222	4798
svgs/oxygen-icons-5.113.0/scalable/actions/small/48x48/text-frame-link.svg	pass	28252	10865	17387
svgs/oxygen-icons-5.113.0/scalable/actions/small/48x48/text-frame-unlink.svg	pass	18178	6524	11654
svgs/oxygen-icons-5.113.0/scalable/actions/small/48x48/tool-animator.svg	pass	47079	16091	30988
svgs/oxygen-icons-5.113.0/scalable/actions/small/48x48/tools-check-spelling.svg	pass	25473	11974	13499
svgs/oxygen-icons-5.113.0/scalable/actions/small/48x48/tools-media-optical-burn-image.svg	pass	77854	41836	36018
svgs/oxygen-icons-5.113.0/scalable/actions/small/48x48/tools-media-optical-burn.svg	pass	74399	43061	31338
svgs/oxygen-icons-5.113.0/scalable/actions/small/48x48/tools-media-optical-copy.svg	pass	53777	28784	24993
svgs/oxygen-icons-5.113.0/scalable/actions/small/48x48/tools-media-optical-erase.svg	pass	86647	24124	62523
svgs/oxygen-icons-5.113.0/scalable/actions/small/48x48/tools-media-optical-format.svg	pass	61143	32731	28412
svgs/oxygen-icons-5.113.0/scalable/actions/small/48x48/tools-rip-audio-cd.svg	pass	78780	45619	33161
svgs/oxygen-icons-5.113.0/scalable/actions/small/48x48/tools-rip-video-cd.svg	pass	102047	35565	66482
svgs/oxygen-icons-5.113.0/scalable/actions/small/48x48/tools-rip-video-dvd.svg	pass	364186	147930	216256
svgs/oxygen-icons-5.113.0/scalable/actions/small/48x48/transform-crop-and-resize.svg	pass	194426	26580	167846
svgs/oxygen-icons-5.113.0/scalable/actions/small/48x48/transform-crop.svg	pass	40883	15617	25266
svgs/oxygen-icons-5.113.0/scalable/actions/small/48x48/transform-rotate.svg	pass	17889	4743	13146
svgs/oxygen-icons-5.113.0/scalable/actions/small/48x48/transform-scale.svg	pass	202530	23572	178958
svgs/oxygen-icons-5.113.0/scalable/actions/small/48x48/transform-shear-down.svg	pass	10391	4221	6170
svgs/oxygen-icons-5.113.0/scalable/actions/small/48x48/transform-shear-left.svg	pass	10673	4197	6476
svgs/oxygen-icons-5.113.0/scalable/actions/small/48x48/transform-shear-right.svg	pass	10083	4196	5887
svgs/oxygen-icons-5.113.0/scalable/actions/small/48x48/transform-shear-up.svg	pass	10386	4212	6174
svgs/oxygen-icons-5.113.0/scalable/actions/small/48x48/view-bank-account-checking.svg	pass	688974	129117	559857
svgs/oxygen-icons-5.113.0/scalable/actions/small/48x48/view-bank-account-savings.svg	pass	322026	191073	130953
svgs/oxygen-icons-5.113.0/scalable/actions/small/48x48/view-bank-account.svg	pass	273521	118339	155182
svgs/oxygen-icons-5.113.0/scalable/actions/small/48x48/view-bank.svg	pass	261302	21757	239545
svgs/oxygen-icons-5.113.0/scalable/actions/small/48x48/view-barcode-add.svg	pass	356366	9982	346384
svgs/oxygen-icons-5.113.0/scalable/actions/small/48x48/view-barcode.svg	pass	71859	3830	68029
svgs/oxygen-icons-5.113.0/scalable/actions/small/48x48/view-calendar-agenda.svg	pass	163079	20585	142494
svgs/oxygen-icons-5.113.0/scalable/actions/small/48x48/view-calendar-birthday.svg	pass	61865	29128	32737
svgs/oxygen-icons-5.113.0/scalable/actions/small/48x48/view-calendar-holiday.svg	pass	51453	18197	33256
svgs/oxygen-icons-5.113.0/scalable/actions/small/48x48/view-calendar-journal.svg	pass	405928	150656	255272
svgs/oxygen-icons-5.113.0/scalable/actions/small/48x48/view-calendar-list.svg	pass	89552	14391	75161
svgs/oxygen-icons-5.113.0/scalable/actions/small/48x48/view-calendar-special-occasion.svg	pass	86671	49416	37255
svgs/oxygen-icons-5.113.0/scalable/actions/small/48x48/view-calendar-tasks.svg	pass	92290	15557	76733
svgs/oxygen-icons-5.113.0/scalable/actions/small/48x48/view-calendar-time-spent.svg	pass	136104	29033	107071
svgs/oxygen-icons-5.113.0/scalable/actions/small/48x48/view-calendar-timeline.svg	pass	63520	13956	49564
svgs/oxygen-icons-5.113.0/scalable/actions/small/48x48/view-calendar-wedding-anniversary.svg	pass	94135	20474	73661
svgs/oxygen-icons-5.113.0/scalable/actions/small/48x48/view-calendar-whatsnext.svg	pass	858071	366324	491747
svgs/oxygen-icons-5.113.0/scalable/actions/small/48x48/view-calendar.svg	pass	86274	36356	49918
svgs/oxygen-icons-5.113.0/scalable/actions/small/48x48/view-catalog.svg	pass	90763	43685	47078
svgs/oxygen-icons-5.113.0/scalable/actions/small/48x48/view-certificate-add.svg	pass	446905	125282	321623
svgs/oxygen-icons-5.113.0/scalable/actions/small/48x48/view-certificate-export-secret.svg	pass	466150	42902	423248
svgs/oxygen-icons-5.113.0/scalable/actions/small/48x48/view-certificate-export-server.svg	pass	1136385	460203	676182
svgs/oxygen-icons-5.113.0/scalable/actions/small/48x48/view-certificate-export.svg	pass	436686	124969	311717
svgs/oxygen-icons-5.113.0/scalable/actions/small/48x48/view-certificate-import.svg	pass	324399	123303	201096
svgs/oxygen-icons-5.113.0/scalable/actions/small/48x48/view-certificate-server-configure.svg	pass	1356732	577302	779430
svgs/oxygen-icons-5.113.0/scalable/actions/small/48x48/view-certificate-sign.svg	pass	469252	139964	329288
svgs/oxygen-icons-5.113.0/scalable/actions/small/48x48/view-certificate.svg	pass	291554	120488	171066
svgs/oxygen-icons-5.113.0/scalable/actions/small/48x48/view-choose.svg	pass	79983	7594	72389
svgs/oxygen-icons-5.113.0/scalable/actions/small/48x48/view-close.svg	pass	43047	3382	39665
svgs/oxygen-icons-5.113.0/scalable/actions/small/48x48/view-conversation-balloon.svg	pass	40311	14639	25672
svgs/oxygen-icons-5.113.0/scalable/actions/small/48x48/view-credit-card-account.svg	pass	325401	196355	129046
svgs/oxygen-icons-5.113.0/scalable/actions/small/48x48/view-currency-list.svg	pass	408472	14883	393589
svgs/oxygen-icons-5.113.0/scalable/actions/small/48x48/view-documents-finances.svg	pass	570402	240722	329680
svgs/oxygen-icons-5.113.0/scalable/actions/small/48x48/view-expenses-categories.svg	pass	371877	151577	220300
svgs/oxygen-icons-5.113.0/scalable/actions/small/48x48/view-file-columns.svg	pass	42822	4418	38404
svgs/oxygen-icons-5.113.0/scalable/actions/small/48x48/view-financial-categories.svg	pass	351946	150960	200986
svgs/oxygen-icons-5.113.0/scalable/actions/small/48x48/view-financial-forecast.svg	pass	18400	8800	9600
svgs/oxygen-icons-5.113.0/scalable/actions/small/48x48/view-financial-list.svg	pass	216060	88398	127662
svgs/oxygen-icons-5.113.0/scalable/actions/small/48x48/view-financial-payment-mode.svg	pass	615902	198836	417066
svgs/oxygen-icons-5.113.0/scalable/actions/small/48x48/view-financial-transfer.svg	pass	532184	67688	464496
svgs/oxygen-icons-5.113.0/scalable/actions/small/48x48/view-form-action.svg	pass	234231	19023	215208
svgs/oxygen-icons-5.113.0/scalable/actions/small/48x48/view-form-table.svg	pass	219097	8619	210478
svgs/oxygen-icons-5.113.0/scalable/actions/small/48x48/view-form.svg	pass	125324	13012	112312
svgs/oxygen-icons-5.113.0/scalable/actions/small/48x48/view-fullscreen.svg	pass	260004	4297	255707
svgs/oxygen-icons-5.113.0/scalable/actions/small/48x48/view-grid.svg	pass	27490	13163	14327
svgs/oxygen-icons-5.113.0/scalable/actions/small/48x48/view-group.svg	pass	99113	19797	79316
svgs/oxygen-icons-5.113.0/scalable/actions/small/48x48/view-income-categories.svg	pass	197367	130688	66679
svgs/oxygen-icons-5.113.0/scalable/actions/small/48x48/view-investment-account.svg	pass	1679572	745807	933765
svgs/oxygen-icons-5.113.0/scalable/actions/small/48x48/view-investment.svg	pass	552599	99352	453247
svgs/oxygen-icons-5.113.0/scalable/actions/small/48x48/view-ldap-resource.svg	pass	1659916	858489	801427
svgs/oxygen-icons-5.113.0/scalable/actions/small/48x48/view-left-close.svg	pass	45236	5229	40007
svgs/oxygen-icons-5.113.0/scalable/actions/small/48x48/view-list-details.svg	pass	79361	7033	72328
svgs/oxygen-icons-5.113.0/scalable/actions/small/48x48/view-list-text.svg	pass	79266	7159	72107
svgs/oxygen-icons-5.113.0/scalable/actions/small/48x48/view-list-tree.svg	pass	79017	6747	72270
svgs/oxygen-icons-5.113.0/scalable/actions/small/48x48/view-loan-asset.svg	pass	549832	122127	427705
svgs/oxygen-icons-5.113.0/scalable/actions/small/48x48/view-loan.svg	pass	547292	121247	426045
svgs/oxygen-icons-5.113.0/scalable/actions/small/48x48/view-media-equalizer.svg	pass	72708	6924	65784
svgs/oxygen-icons-5.113.0/scalable/actions/small/48x48/view-media-lyrics.svg	pass	269874	86332	183542
svgs/oxygen-icons-5.113.0/scalable/actions/small/48x48/view-media-playlist.svg	pass	311055	73000	238055
svgs/oxygen-icons-5.113.0/scalable/actions/small/48x48/view-multiple-objects.svg	pass	31283	6287	24996
svgs/oxygen-icons-5.113.0/scalable/actions/small/48x48/view-pim-contacts.svg	pass	271512	110321	161191
svgs/oxygen-icons-5.113.0/scalable/actions/small/48x48/view-pim-journal.svg	pass	153969	16437	137532
svgs/oxygen-icons-5.113.0/scalable/actions/small/48x48/view-pim-news.svg	pass	407441	7566	399875
svgs/oxygen-icons-5.113.0/scalable/actions/small/48x48/view-pim-tasks-pending.svg	pass	170248	26721	143527
svgs/oxygen-icons-5.113.0/scalable/actions/small/48x48/view-pim-tasks.svg	pass	160274	16450	143824
svgs/oxygen-icons-5.113.0/scalable/actions/small/48x48/view-preview.svg	pass	114212	38731	75481
svgs/oxygen-icons-5.113.0/scalable/actions/small/48x48/view-resource-calendar.svg	pass	210124	40683	169441
svgs/oxygen-icons-5.113.0/scalable/actions/small/48x48/view-restore.svg	pass	264196	4302	259894
svgs/oxygen-icons-5.113.0/scalable/actions/small/48x48/view-right-close.svg	pass	46612	5070	41542
svgs/oxygen-icons-5.113.0/scalable/actions/small/48x48/view-right-new.svg	pass	41883	5111	36772
svgs/oxygen-icons-5.113.0/scalable/actions/small/48x48/view-sidetree.svg	pass	81557	8252	73305
svgs/oxygen-icons-5.113.0/scalable/actions/small/48x48/view-split-left-right.svg	pass	43407	3977	39430
svgs/oxygen-icons-5.113.0/scalable/actions/small/48x48/view-split-top-bottom.svg	pass	43409	3983	39426
svgs/oxygen-icons-5.113.0/scalable/actions/small/48x48/view-stock-account.svg	pass	951554	374948	576606
svgs/oxygen-icons-5.113.0/scalable/actions/small/48x48/view-table-of-contents-ltr.svg	mismatch	23273	14604	8669
svgs/oxygen-icons-5.113.0/scalable/actions/small/48x48/view-table-of-contents-rtl.svg	pass	25474	14951	10523
svgs/oxygen-icons-5.113.0/scalable/actions/small/48x48/view-task-add.svg	pass	213444	24032	189412
svgs/oxygen-icons-5.113.0/scalable/actions/small/48x48/view-task-child-add.svg	pass	94518	16432	78086
svgs/oxygen-icons-5.113.0/scalable/actions/small/48x48/view-task-child.svg	pass	85126	12331	72795
svgs/oxygen-icons-5.113.0/scalable/actions/small/48x48/view-time-schedule-baselined-add.svg	pass	430214	149740	280474
svgs/oxygen-icons-5.113.0/scalable/actions/small/48x48/view-time-schedule-baselined-remove.svg	pass	432455	153882	278573
svgs/oxygen-icons-5.113.0/scalable/actions/small/48x48/view-time-schedule-baselined.svg	pass	266452	144052	122400
svgs/oxygen-icons-5.113.0/scalable/actions/small/48x48/view-time-schedule-calculus.svg	mismatch	115007	45051	69956
svgs/oxygen-icons-5.113.0/scalable/actions/small/48x48/view-time-schedule-child-insert.svg	pass	140240	15284	124956
svgs/oxygen-icons-5.113.0/scalable/actions/small/48x48/view-time-schedule-edit.svg	pass	92174	21284	70890
svgs/oxygen-icons-5.113.0/scalable/actions/small/48x48/view-time-schedule-insert.svg	pass	78980	12169	66811
svgs/oxygen-icons-5.113.0/scalable/actions/small/48x48/view-time-schedule.svg	pass	71249	8069	63180
svgs/oxygen-icons-5.113.0/scalable/actions/small/48x48/window-duplicate.svg	pass	48016	5966	42050
svgs/oxygen-icons-5.113.0/scalable/actions/small/48x48/window-new.svg	pass	89650	7203	82447
svgs/oxygen-icons-5.113.0/scalable/actions/small/48x48/zoom-1-to-2.svg	pass	31716	12672	19044
svgs/oxygen-icons-5.113.0/scalable/actions/small/48x48/zoom-2-to-1.svg	pass	31708	12702	19006
svgs/oxygen-icons-5.113.0/scalable/actions/small/48x48/zoom-draw.svg	pass	41412	12366	29046
svgs/oxygen-icons-5.113.0/scalable/actions/small/48x48/zoom-fit-best.svg	pass	35958	6410	29548
svgs/oxygen-icons-5.113.0/scalable/actions/small/48x48/zoom-fit-height.svg	pass	36482	6420	30062
svgs/oxygen-icons-5.113.0/scalable/actions/small/48x48/zoom-fit-width.svg	pass	35741	6411	29330
svgs/oxygen-icons-5.113.0/scalable/actions/small/48x48/zoom-in.svg	pass	39833	14707	25126
svgs/oxygen-icons-5.113.0/scalable/actions/small/48x48/zoom-next.svg	pass	33493	11025	22468
svgs/oxygen-icons-5.113.0/scalable/actions/small/48x48/zoom-original.svg	pass	28646	11621	17025
svgs/oxygen-icons-5.113.0/scalable/actions/small/48x48/zoom-out.svg	pass	28573	11785	16788
svgs/oxygen-icons-5.113.0/scalable/actions/small/48x48/zoom-previous.svg	pass	31160	11050	20110
svgs/oxygen-icons-5.113.0/scalable/actions/small/48x48/zoom-select.svg	pass	209632	19181	190451
svgs/oxygen-icons-5.113.0/scalable/actions/speaker.svg	pass	45532	9646	35886
svgs/oxygen-icons-5.113.0/scalable/actions/svn-commit.svg	pass	283877	28768	255109
svgs/oxygen-icons-5.113.0/scalable/actions/svn-update.svg	pass	151186	28721	122465
svgs/oxygen-icons-5.113.0/scalable/actions/system-lock-screen.svg	pass	25449	13609	11840
svgs/oxygen-icons-5.113.0/scalable/actions/system-log-out.svg	pass	39109	15442	23667
svgs/oxygen-icons-5.113.0/scalable/actions/system-reboot.svg	pass	34928	12773	22155
svgs/oxygen-icons-5.113.0/scalable/actions/system-run.svg	pass	85114	47117	37997
svgs/oxygen-icons-5.113.0/scalable/actions/system-search.svg	pass	228793	105839	122954
svgs/oxygen-icons-5.113.0/scalable/actions/system-shutdown.svg	pass	30109	14970	15139
svgs/oxygen-icons-5.113.0/scalable/actions/system-suspend-hibernate.svg	pass	40128	17020	23108
svgs/oxygen-icons-5.113.0/scalable/actions/system-suspend.svg	pass	39678	13007	26671
svgs/oxygen-icons-5.113.0/scalable/actions/system-switch-user.svg	pass	77244	18708	58536
svgs/oxygen-icons-5.113.0/scalable/actions/tab-close-other.svg	pass	198175	15922	182253
svgs/oxygen-icons-5.113.0/scalable/actions/tab-close.svg	pass	206097	15691	190406
svgs/oxygen-icons-5.113.0/scalable/actions/tab-detach.svg	pass	42942	7347	35595
svgs/oxygen-icons-5.113.0/scalable/actions/tab-duplicate.svg	pass	45282	7337	37945
svgs/oxygen-icons-5.113.0/scalable/actions/tab-new-background.svg	pass	47161	6123	41038
svgs/oxygen-icons-5.113.0/scalable/actions/tab-new.svg	pass	49154	8351	40803
svgs/oxygen-icons-5.113.0/scalable/actions/text-speak.svg	pass	12371	6403	5968
svgs/oxygen-icons-5.113.0/scalable/actions/tool-animator.svg	pass	46860	16031	30829
svgs/oxygen-icons-5.113.0/scalable/actions/tools-media-optical-burn-image.svg	pass	78037	41889	36148
svgs/oxygen-icons-5.113.0/scalable/actions/tools-media-optical-burn.svg	pass	75170	43529	31641
svgs/oxygen-icons-5.113.0/scalable/actions/tools-media-optical-copy.svg	pass	54928	29085	25843
svgs/oxygen-icons-5.113.0/scalable/actions/tools-media-optical-erase.svg	pass	126980	25048	101932
svgs/oxygen-icons-5.113.0/scalable/actions/tools-media-optical-format.svg	pass	60877	32723	28154
svgs/oxygen-icons-5.113.0/scalable/actions/tools-report-bug.svg	pass	127095	58442	68653
svgs/oxygen-icons-5.113.0/scalable/actions/tools-rip-audio-cd.svg	pass	168207	50398	117809
svgs/oxygen-icons-5.113.0/scalable/actions/tools-rip-video-cd.svg	pass	196788	38736	158052
svgs/oxygen-icons-5.113.0/scalable/actions/tools-rip-video-dvd.svg	pass	213001	42592	170409
svgs/oxygen-icons-5.113.0/scalable/actions/tools-wizard.svg	pass	99990	53176	46814
svgs/oxygen-icons-5.113.0/scalable/actions/transform-crop-and-resize.svg	pass	166111	11445	154666
svgs/oxygen-icons-5.113.0/scalable/actions/transform-crop.svg	pass	21822	9905	11917
svgs/oxygen-icons-5.113.0/scalable/actions/transform-move.svg	pass	132098	11060	121038
svgs/oxygen-icons-5.113.0/scalable/actions/transform-rotate.svg	pass	12352	4696	7656
svgs/oxygen-icons-5.113.0/scalable/actions/transform-scale.svg	pass	19368	6151	13217
svgs/oxygen-icons-5.113.0/scalable/actions/trash-empty.svg	pass	250909	9273	241636
svgs/oxygen-icons-5.113.0/scalable/actions/user-group-delete.svg	pass	164501	90381	74120
svgs/oxygen-icons-5.113.0/scalable/actions/user-group-new.svg	pass	545586	84874	460712
svgs/oxygen-icons-5.113.0/scalable/actions/user-group-properties.svg	pass	760054	114230	645824
svgs/oxygen-icons-5.113.0/scalable/actions/user-properties.svg	pass	96973	53989	42984
svgs/oxygen-icons-5.113.0/scalable/actions/view-calendar-day.svg	pass	72806	34544	38262
svgs/oxygen-icons-5.113.0/scalable/actions/view-calendar-list.svg	pass	80422	34720	45702
svgs/oxygen-icons-5.113.0/scalable/actions/view-calendar-month.svg	pass	104092	51519	52573
svgs/oxygen-icons-5.113.0/scalable/actions/view-calendar-tasks.svg	pass	78834	33779	45055
svgs/oxygen-icons-5.113.0/scalable/actions/view-calendar-timeline.svg	pass	79742	38533	41209
svgs/oxygen-icons-5.113.0/scalable/actions/view-calendar-upcoming-days.svg	pass	75626	35628	39998
svgs/oxygen-icons-5.113.0/scalable/actions/view-calendar-upcoming-events.svg	pass	78380	34056	44324
svgs/oxygen-icons-5.113.0/scalable/actions/view-calendar-week.svg	pass	78530	37796	40734
svgs/oxygen-icons-5.113.0/scalable/actions/view-calendar-workweek.svg	pass	77477	36714	40763
svgs/oxygen-icons-5.113.0/scalable/actions/view-calendar.svg	pass	85429	33899	51530
svgs/oxygen-icons-5.113.0/scalable/actions/view-choose.svg	pass	75076	7223	67853
svgs/oxygen-icons-5.113.0/scalable/actions/view-close.svg	pass	80103	7226	72877
svgs/oxygen-icons-5.113.0/scalable/actions/view-conversation-balloon.svg	pass	28318	14651	13667
svgs/oxygen-icons-5.113.0/scalable/actions/view-file-columns.svg	pass	80802	8214	72588
svgs/oxygen-icons-5.113.0/scalable/actions/view-filter.svg	pass	29560	12119	17441
svgs/oxygen-icons-5.113.0/scalable/actions/view-fullscreen.svg	pass	323718	5177	318541
svgs/oxygen-icons-5.113.0/scalable/actions/view-history.svg	pass	39464	19244	20220
svgs/oxygen-icons-5.113.0/scalable/actions/view-left-close.svg	pass	83143	9107	74036
svgs/oxygen-icons-5.113.0/scalable/actions/view-list-details.svg	pass	84823	11138	73685
svgs/oxygen-icons-5.113.0/scalable/actions/view-list-icons.svg	pass	83279	10097	73182
svgs/oxygen-icons-5.113.0/scalable/actions/view-list-text.svg	pass	82621	8904	73717
svgs/oxygen-icons-5.113.0/scalable/actions/view-list-tree.svg	pass	74903	6642	68261
svgs/oxygen-icons-5.113.0/scalable/actions/view-media-artist.svg	pass	21163	8826	12337
svgs/oxygen-icons-5.113.0/scalable/actions/view-media-equalizer.svg	pass	38266	19887	18379
svgs/oxygen-icons-5.113.0/scalable/actions/view-media-lyrics.svg	pass	262605	74217	188388
svgs/oxygen-icons-5.113.0/scalable/actions/view-media-playlist.svg	pass	211021	66463	144558
svgs/oxygen-icons-5.113.0/scalable/actions/view-media-visualization.svg	pass	54175	23561	30614
svgs/oxygen-icons-5.113.0/scalable/actions/view-object-histogram-linear.svg	pass	22331	10430	11901
svgs/oxygen-icons-5.113.0/scalable/actions/view-object-histogram-logarithmic.svg	pass	18380	7896	10484
svgs/oxygen-icons-5.113.0/scalable/actions/view-pim-calendar.svg	pass	218256	11090	207166
svgs/oxygen-icons-5.113.0/scalable/actions/view-pim-contacts.svg	pass	244012	112734	131278
svgs/oxygen-icons-5.113.0/scalable/actions/view-pim-journal.svg	pass	147028	62739	84289
svgs/oxygen-icons-5.113.0/scalable/actions/view-pim-mail.svg	pass	215980	58541	157439
svgs/oxygen-icons-5.113.0/scalable/actions/view-pim-notes.svg	pass	45512	7787	37725
svgs/oxygen-icons-5.113.0/scalable/actions/view-pim-summary.svg	pass	281956	79821	202135
svgs/oxygen-icons-5.113.0/scalable/actions/view-presentation.svg	pass	90856	9826	81030
svgs/oxygen-icons-5.113.0/scalable/actions/view-preview.svg	pass	114158	38709	75449
svgs/oxygen-icons-5.113.0/scalable/actions/view-process-all-tree.svg	pass	20197	4031	16166
svgs/oxygen-icons-5.113.0/scalable/actions/view-process-all.svg	pass	20352	3877	16475
svgs/oxygen-icons-5.113.0/scalable/actions/view-process-own.svg	pass	17701	7157	10544
svgs/oxygen-icons-5.113.0/scalable/actions/view-process-system.svg	pass	19757	8493	11264
svgs/oxygen-icons-5.113.0/scalable/actions/view-process-users.svg	pass	31893	10688	21205
svgs/oxygen-icons-5.113.0/scalable/actions/view-refresh.svg	pass	58545	16366	42179
svgs/oxygen-icons-5.113.0/scalable/actions/view-restore.svg	pass	323002	5382	317620
svgs/oxygen-icons-5.113.0/scalable/actions/view-right-close.svg	pass	82960	8958	74002
svgs/oxygen-icons-5.113.0/scalable/actions/view-right-new.svg	pass	83139	8985	74154
svgs/oxygen-icons-5.113.0/scalable/actions/view-sidetree.svg	pass	76851	7924	68927
svgs/oxygen-icons-5.113.0/scalable/actions/view-sort-ascending.svg	pass	17679	7139	10540
svgs/oxygen-icons-5.113.0/scalable/actions/view-sort-descending.svg	pass	18405	7205	11200
svgs/oxygen-icons-5.113.0/scalable/actions/view-split-left-right.svg	pass	80134	7800	72334
svgs/oxygen-icons-5.113.0/scalable/actions/view-split-top-bottom.svg	pass	80130	7809	72321
svgs/oxygen-icons-5.113.0/scalable/actions/view-statistics.svg	pass	47293	15963	31330
svgs/oxygen-icons-5.113.0/scalable/actions/view-web-browser-dom-tree.svg	pass	107108	51694	55414
svgs/oxygen-icons-5.113.0/scalable/actions/window-close.svg	pass	12793	4366	8427
svgs/oxygen-icons-5.113.0/scalable/actions/window-duplicate.svg	pass	97989	11823	86166
svgs/oxygen-icons-5.113.0/scalable/actions/window-new.svg	pass	91345	11542	79803
svgs/oxygen-icons-5.113.0/scalable/actions/zoom-fit-best.svg	pass	34937	5961	28976
svgs/oxygen-icons-5.113.0/scalable/actions/zoom-fit-height.svg	pass	35172	5969	29203
svgs/oxygen-icons-5.113.0/scalable/actions/zoom-fit-width.svg	pass	34672	5966	28706
svgs/oxygen-icons-5.113.0/scalable/applets/applets-template.svg	pass	80396	35297	45099
svgs/oxygen-icons-5.113.0/scalable/applets/org.kde.ktpcontactlist.svg	pass	204341	90115	114226
svgs/oxygen-icons-5.113.0/scalable/applets/org.kde.muonnotifier.svg	pass	1059605	409511	650094
svgs/oxygen-icons-5.113.0/scalable/applets/org.kde.plasma.activitybar.svg	pass	133068	56541	76527
svgs/oxygen-icons-5.113.0/scalable/applets/org.kde.plasma.analogclock.svg	pass	227390	158105	69285
svgs/oxygen-icons-5.113.0/scalable/applets/org.kde.plasma.battery.svg	pass	160599	87010	73589
svgs/oxygen-icons-5.113.0/scalable/applets/org.kde.plasma.binaryclock.svg	pass	127028	42439	84589
svgs/oxygen-icons-5.113.0/scalable/applets/org.kde.plasma.calculator.svg	pass	158494	58726	99768
svgs/oxygen-icons-5.113.0/scalable/applets/org.kde.plasma.calendar.svg	pass	172154	103357	68797
svgs/oxygen-icons-5.113.0/scalable/applets/org.kde.plasma.clipboard.svg	mismatch	1790370	1040021	750349
svgs/oxygen-icons-5.113.0/scalable/applets/org.kde.plasma.colorpicker.svg	pass	165297	55809	109488
svgs/oxygen-icons-5.113.0/scalable/applets/org.kde.plasma.comic.svg	pass	237529	107003	130526
svgs/oxygen-icons-5.113.0/scalable/applets/org.kde.plasma.devicenotifier.svg	mismatch	722413	338874	383539
svgs/oxygen-icons-5.113.0/scalable/applets/org.kde.plasma.digitalclock.svg	pass	116141	45902	70239
svgs/oxygen-icons-5.113.0/scalable/applets/org.kde.plasma.fifteenpuzzle.svg	pass	153041	66278	86763
svgs/oxygen-icons-5.113.0/scalable/applets/org.kde.plasma.folder.svg	pass	1735976	1342772	393204
svgs/oxygen-icons-5.113.0/scalable/applets/org.kde.plasma.frame.svg	pass	112280	48883	63397
svgs/oxygen-icons-5.113.0/scalable/applets/org.kde.plasma.fuzzyclock.svg	pass	113678	43668	70010
svgs/oxygen-icons-5.113.0/scalable/applets/org.kde.plasma.icontasks.svg	mismatch	2246526	1150765	1095761
svgs/oxygen-icons-5.113.0/scalable/applets/org.kde.plasma.kicker.svg	pass	1016329	439261	577068
svgs/oxygen-icons-5.113.0/scalable/applets/org.kde.plasma.kickerdash.svg	mismatch	1942311	927551	1014760
svgs/oxygen-icons-5.113.0/scalable/applets/org.kde.plasma.kickoff.svg	pass	1109725	457337	652388
svgs/oxygen-icons-5.113.0/scalable/applets/org.kde.plasma.mediacontroller.svg	pass	462037	110291	351746
svgs/oxygen-icons-5.113.0/scalable/applets/org.kde.plasma.networkmanagement.svg	pass	407625	193561	214064
svgs/oxygen-icons-5.113.0/scalable/applets/org.kde.plasma.notes.svg	pass	159739	74859	84880
svgs/oxygen-icons-5.113.0/scalable/applets/org.kde.plasma.pager.svg	pass	225748	118308	107440
svgs/oxygen-icons-5.113.0/scalable/applets/org.kde.plasma.quicklaunch.svg	mismatch	1432502	680158	752344
svgs/oxygen-icons-5.113.0/scalable/applets/org.kde.plasma.showActivityManager.svg	pass	1683782	755307	928475
svgs/oxygen-icons-5.113.0/scalable/applets/org.kde.plasma.systemloadviewer.svg	pass	168621	56664	111957
svgs/oxygen-icons-5.113.0/scalable/applets/org.kde.plasma.systemmonitor.cpu.svg	pass	602370	260982	341388
svgs/oxygen-icons-5.113.0/scalable/applets/org.kde.plasma.systemmonitor.diskactivity.svg	pass	640174	296457	343717
svgs/oxygen-icons-5.113.0/scalable/applets/org.kde.plasma.systemmonitor.diskusage.svg	pass	428373	102466	325907
svgs/oxygen-icons-5.113.0/scalable/applets/org.kde.plasma.systemmonitor.memory.svg	pass	633804	295093	338711
svgs/oxygen-icons-5.113.0/scalable/applets/org.kde.plasma.systemmonitor.net.svg	pass	401451	94665	306786
svgs/oxygen-icons-5.113.0/scalable/applets/org.kde.plasma.systemtray.svg	pass	1469879	762530	707349
svgs/oxygen-icons-5.113.0/scalable/applets/org.kde.plasma.taskmanager.svg	pass	734583	313599	420984
svgs/oxygen-icons-5.113.0/scalable/applets/org.kde.plasma.timer.svg	pass	107550	44313	63237
svgs/oxygen-icons-5.113.0/scalable/applets/org.kde.plasma.userswitcher.svg	pass	286654	126946	159708
svgs/oxygen-icons-5.113.0/scalable/applets/org.kde.plasma.volume.svg	pass	464827	111604	353223
svgs/oxygen-icons-5.113.0/scalable/applets/org.kde.plasma.windowlist.svg	pass	756492	314997	441495
svgs/oxygen-icons-5.113.0/scalable/apps/Charm.svg	pass	253293	149025	104268
svgs/oxygen-icons-5.113.0/scalable/apps/accessories-calculator.svg	pass	78354	36623	41731
svgs/oxygen-icons-5.113.0/scalable/apps/accessories-character-map.svg	pass	20264	8874	11390
svgs/oxygen-icons-5.113.0/scalable/apps/accessories-dictionary.svg	pass	51701	31124	20577
svgs/oxygen-icons-5.113.0/scalable/apps/accessories-text-editor.svg	pass	548091	194147	353944
svgs/oxygen-icons-5.113.0/scalable/apps/acroread.svg	pass	62588	35151	27437
svgs/oxygen-icons-5.113.0/scalable/apps/akonadi.svg	pass	74767	38475	36292
svgs/oxygen-icons-5.113.0/scalable/apps/akregator.svg	pass	79369	45803	33566
svgs/oxygen-icons-5.113.0/scalable/apps/ark.svg	pass	274746	124378	150368
svgs/oxygen-icons-5.113.0/scalable/apps/artikulate.svg	pass	39788	22620	17168
svgs/oxygen-icons-5.113.0/scalable/apps/basket.svg	mismatch	41012	22288	18724
svgs/oxygen-icons-5.113.0/scalable/apps/braindump.svg	pass	52570	7163	45407
svgs/oxygen-icons-5.113.0/scalable/apps/calligraauthor.svg	mismatch	95946	14150	81796
svgs/oxygen-icons-5.113.0/scalable/apps/calligraflow.svg	pass	73998	5440	68558
svgs/oxygen-icons-5.113.0/scalable/apps/calligrakexi.svg	pass	56769	4970	51799
svgs/oxygen-icons-5.113.0/scalable/apps/calligrasheets.svg	pass	58805	7674	51131
svgs/oxygen-icons-5.113.0/scalable/apps/calligrastage.svg	pass	74359	9189	65170
svgs/oxygen-icons-5.113.0/scalable/apps/calligrawords.svg	pass	81395	15728	65667
svgs/oxygen-icons-5.113.0/scalable/apps/clock.svg	pass	32526	11748	20778
svgs/oxygen-icons-5.113.0/scalable/apps/device-notifier.svg	pass	145185	104448	40737
svgs/oxygen-icons-5.113.0/scalable/apps/digikam.svg	mismatch	30053	16840	13213
svgs/oxygen-icons-5.113.0/scalable/apps/dragonplayer.svg	pass	117671	62284	55387
svgs/oxygen-icons-5.113.0/scalable/apps/esd.svg	pass	2322919	1270616	1052303
svgs/oxygen-icons-5.113.0/scalable/apps/fontforge.svg	pass	53168	27064	26104
svgs/oxygen-icons-5.113.0/scalable/apps/graphics-viewer-document.svg	pass	99965	47552	52413
svgs/oxygen-icons-5.113.0/scalable/apps/hardware.svg	mismatch	254319	104956	149363
svgs/oxygen-icons-5.113.0/scalable/apps/help-browser.svg	pass	444600	93504	351096
svgs/oxygen-icons-5.113.0/scalable/apps/hidef/Charm.svg	pass	255218	149516	105702
svgs/oxygen-icons-5.113.0/scalable/apps/hidef/accessories-calculator.svg	pass	76652	35436	41216
svgs/oxygen-icons-5.113.0/scalable/apps/hidef/accessories-dictionary.svg	pass	100923	70476	30447
svgs/oxygen-icons-5.113.0/scalable/apps/hidef/internet-web-browser.svg	pass	628792	340842	287950
svgs/oxygen-icons-5.113.0/scalable/apps/hidef/kdevelop.svg	pass	225975	32814	193161
svgs/oxygen-icons-5.113.0/scalable/apps/hidef/kmag.svg	pass	678977	66633	612344
svgs/oxygen-icons-5.113.0/scalable/apps/hidef/kmail2.svg	pass	167932	85114	82818
svgs/oxygen-icons-5.113.0/scalable/apps/hidef/kwalletmanager.svg	pass	167132	136171	30961
svgs/oxygen-icons-5.113.0/scalable/apps/hidef/mameexecutor.svg	pass	349016	153181	195835
svgs/oxygen-icons-5.113.0/scalable/apps/hidef/multimedia-volume-control.svg	pass	387472	165881	221591
svgs/oxygen-icons-5.113.0/scalable/apps/hidef/picmi.svg	pass	58936	35389	23547
svgs/oxygen-icons-5.113.0/scalable/apps/hidef/preferences-desktop-display-color.svg	pass	228902	77770	151132
svgs/oxygen-icons-5.113.0/scalable/apps/hidef/preferences-desktop-display.svg	pass	1304901	1175747	129154
svgs/oxygen-icons-5.113.0/scalable/apps/hidef/preferences-desktop-locale.svg	mismatch	142908	105179	37729
svgs/oxygen-icons-5.113.0/scalable/apps/hidef/preferences-desktop-thunderbolt.svg	pass	151997	124092	27905
svgs/oxygen-icons-5.113.0/scalable/apps/hidef/preferences-system-bluetooth.svg	pass	20519	7324	13195
svgs/oxygen-icons-5.113.0/scalable/apps/hidef/preferences-system-login.svg	pass	1307704	1177522	130182
svgs/oxygen-icons-5.113.0/scalable/apps/hidef/preferences-system-network-ethernet.svg	pass	274806	236674	38132
svgs/oxygen-icons-5.113.0/scalable/apps/hidef/qelectrotech.svg	pass	158591	129183	29408
svgs/oxygen-icons-5.113.0/scalable/apps/hidef/yakuake.svg	pass	176701	10227	166474
svgs/oxygen-icons-5.113.0/scalable/apps/hwinfo.svg	mismatch	265753	115045	150708
svgs/oxygen-icons-5.113.0/scalable/apps/inkscape.svg	pass	33428	16725	16703
svgs/oxygen-icons-5.113.0/scalable/apps/internet-mail.svg	pass	145510	77690	67820
svgs/oxygen-icons-5.113.0/scalable/apps/internet-telephony.svg	pass	51252	34759	16493
svgs/oxygen-icons-5.113.0/scalable/apps/internet-web-browser.svg	pass	731481	341033	390448
svgs/oxygen-icons-5.113.0/scalable/apps/java.svg	pass	32338	16163	16175
svgs/oxygen-icons-5.113.0/scalable/apps/k3b.svg	pass	862382	162605	699777
svgs/oxygen-icons-5.113.0/scalable/apps/kaffeine.svg	pass	63978	30051	33927
svgs/oxygen-icons-5.113.0/scalable/apps/kalarm.svg	pass	21774	16904	4870
svgs/oxygen-icons-5.113.0/scalable/apps/kblogger.svg	pass	119393	30385	89008
svgs/oxygen-icons-5.113.0/scalable/apps/kbruch.svg	pass	541215	140933	400282
svgs/oxygen-icons-5.113.0/scalable/apps/kbugbuster.svg	pass	127095	58442	68653
svgs/oxygen-icons-5.113.0/scalable/apps/kchart.svg	pass	190110	32076	158034
svgs/oxygen-icons-5.113.0/scalable/apps/kcolorchooser.svg	pass	42920	24126	18794
svgs/oxygen-icons-5.113.0/scalable/apps/kde-gtk-config.svg	mismatch	20617	7434	13183
svgs/oxygen-icons-5.113.0/scalable/apps/kde-windows.svg	pass	151928	127964	23964
svgs/oxygen-icons-5.113.0/scalable/apps/kde.svg	pass	20765	8257	12508
svgs/oxygen-icons-5.113.0/scalable/apps/kdevelop.svg	pass	227969	32827	195142
svgs/oxygen-icons-5.113.0/scalable/apps/kdf.svg	pass	54488	10473	44015
svgs/oxygen-icons-5.113.0/scalable/apps/kformula.svg	pass	578059	191637	386422
svgs/oxygen-icons-5.113.0/scalable/apps/kig.svg	pass	180534	130562	49972
svgs/oxygen-icons-5.113.0/scalable/apps/kivio.svg	pass	185364	45626	139738
svgs/oxygen-icons-5.113.0/scalable/apps/kjournal.svg	mismatch	147084	62495	84589
svgs/oxygen-icons-5.113.0/scalable/apps/klipper.svg	pass	93843	16667	77176
svgs/oxygen-icons-5.113.0/scalable/apps/kmag.svg	pass	150810	65496	85314
svgs/oxygen-icons-5.113.0/scalable/apps/kmail2.svg	pass	155018	80396	74622
svgs/oxygen-icons-5.113.0/scalable/apps/kmplayer.svg	pass	115630	54128	61502
svgs/oxygen-icons-5.113.0/scalable/apps/kmymoney.svg	mismatch	338454	197567	140887
svgs/oxygen-icons-5.113.0/scalable/apps/knewsticker.svg	pass	506437	241796	264641
svgs/oxygen-icons-5.113.0/scalable/apps/knotes.svg	pass	47340	17454	29886
svgs/oxygen-icons-5.113.0/scalable/apps/kolf.svg	pass	157367	87326	70041
svgs/oxygen-icons-5.113.0/scalable/apps/konqueror.svg	pass	220310	68526	151784
svgs/oxygen-icons-5.113.0/scalable/apps/kontact-import-wizard.svg	pass	45275	20030	25245
svgs/oxygen-icons-5.113.0/scalable/apps/kontact.svg	pass	269138	101508	167630
svgs/oxygen-icons-5.113.0/scalable/apps/konversation.svg	pass	42468	19893	22575
svgs/oxygen-icons-5.113.0/scalable/apps/kopete-offline.svg	pass	16580	8173	8407
svgs/oxygen-icons-5.113.0/scalable/apps/kopete.svg	pass	14606	8142	6464
svgs/oxygen-icons-5.113.0/scalable/apps/korgac.svg	pass	121189	60060	61129
svgs/oxygen-icons-5.113.0/scalable/apps/kplato.svg	mismatch	72676	38197	34479
svgs/oxygen-icons-5.113.0/scalable/apps/kpresenter.svg	pass	69116	36925	32191
svgs/oxygen-icons-5.113.0/scalable/apps/krdc.svg	pass	1631340	811817	819523
svgs/oxygen-icons-5.113.0/scalable/apps/krfb.svg	mismatch	1552686	762069	790617
svgs/oxygen-icons-5.113.0/scalable/apps/ksnapshot.svg	pass	294087	39055	255032
svgs/oxygen-icons-5.113.0/scalable/apps/ksniffer.svg	pass	157086	92261	64825
svgs/oxygen-icons-5.113.0/scalable/apps/kspread.svg	pass	116494	57648	58846
svgs/oxygen-icons-5.113.0/scalable/apps/ksudoku.svg	mismatch	86569	10234	76335
svgs/oxygen-icons-5.113.0/scalable/apps/kthesaurus.svg	pass	47781	22689	25092
svgs/oxygen-icons-5.113.0/scalable/apps/ktip.svg	pass	69136	28770	40366
svgs/oxygen-icons-5.113.0/scalable/apps/ktorrent.svg	pass	314734	151113	163621
svgs/oxygen-icons-5.113.0/scalable/apps/kuickshow.svg	pass	151269	71244	80025
svgs/oxygen-icons-5.113.0/scalable/apps/kverbos.svg	pass	190770	111146	79624
svgs/oxygen-icons-5.113.0/scalable/apps/kwalletmanager.svg	pass	462033	119356	342677
svgs/oxygen-icons-5.113.0/scalable/apps/kword.svg	pass	999875	392567	607308
svgs/oxygen-icons-5.113.0/scalable/apps/lokalize.svg	pass	160874	74137	86737
svgs/oxygen-icons-5.113.0/scalable/apps/mameexecutor.svg	pass	348156	152599	195557
svgs/oxygen-icons-5.113.0/scalable/apps/multimedia-volume-control.svg	pass	414114	77197	336917
svgs/oxygen-icons-5.113.0/scalable/apps/muondiscover.svg	pass	562459	417894	144565
svgs/oxygen-icons-5.113.0/scalable/apps/nepomuk.svg	pass	163967	55591	108376
svgs/oxygen-icons-5.113.0/scalable/apps/office-address-book.svg	pass	100064	34983	65081
svgs/oxygen-icons-5.113.0/scalable/apps/office-calendar.svg	pass	97737	48356	49381
svgs/oxygen-icons-5.113.0/scalable/apps/okteta.svg	mismatch	351751	75235	276516
svgs/oxygen-icons-5.113.0/scalable/apps/okular.svg	pass	99965	47552	52413
svgs/oxygen-icons-5.113.0/scalable/apps/oxygen.svg	pass	20662	9706	10956
svgs/oxygen-icons-5.113.0/scalable/apps/partitionmanager.svg	pass	75907	44342	31565
svgs/oxygen-icons-5.113.0/scalable/apps/picmi.svg	mismatch	60607	37684	22923
svgs/oxygen-icons-5.113.0/scalable/apps/planner.svg	pass	204796	143568	61228
svgs/oxygen-icons-5.113.0/scalable/apps/plasma.svg	pass	53335	19192	34143
svgs/oxygen-icons-5.113.0/scalable/apps/plasmagik.svg	pass	99990	53176	46814
svgs/oxygen-icons-5.113.0/scalable/apps/preferences-contact-list.svg	pass	283374	64432	218942
svgs/oxygen-icons-5.113.0/scalable/apps/preferences-desktop-accessibility.svg	pass	57680	11909	45771
svgs/oxygen-icons-5.113.0/scalable/apps/preferences-desktop-color.svg	pass	54175	23561	30614
svgs/oxygen-icons-5.113.0/scalable/apps/preferences-desktop-cryptography.svg	pass	314235	204713	109522
svgs/oxygen-icons-5.113.0/scalable/apps/preferences-desktop-default-applications.svg	pass	288918	246073	42845
svgs/oxygen-icons-5.113.0/scalable/apps/preferences-desktop-display-color.svg	pass	233169	77885	155284
svgs/oxygen-icons-5.113.0/scalable/apps/preferences-desktop-display.svg	pass	1304483	1175341	129142
svgs/oxygen-icons-5.113.0/scalable/apps/preferences-desktop-filetype-association.svg	pass	1030863	417362	613501
svgs/oxygen-icons-5.113.0/scalable/apps/preferences-desktop-font.svg	pass	46157	17746	28411
svgs/oxygen-icons-5.113.0/scalable/apps/preferences-desktop-gaming.svg	pass	92026	50061	41965
svgs/oxygen-icons-5.113.0/scalable/apps/preferences-desktop-icons.svg	pass	153329	77544	75785
svgs/oxygen-icons-5.113.0/scalable/apps/preferences-desktop-keyboard.svg	pass	34600	16482	18118
svgs/oxygen-icons-5.113.0/scalable/apps/preferences-desktop-launch-feedback.svg	pass	29518	16631	12887
svgs/oxygen-icons-5.113.0/scalable/apps/preferences-desktop-locale.svg	pass	182066	105232	76834
svgs/oxygen-icons-5.113.0/scalable/apps/preferences-desktop-mouse.svg	pass	40945	13959	26986
svgs/oxygen-icons-5.113.0/scalable/apps/preferences-desktop-notification-bell.svg	pass	29691	14938	14753
svgs/oxygen-icons-5.113.0/scalable/apps/preferences-desktop-notification.svg	pass	107020	12184	94836
svgs/oxygen-icons-5.113.0/scalable/apps/preferences-desktop-printer.svg	pass	718618	328975	389643
svgs/oxygen-icons-5.113.0/scalable/apps/preferences-desktop-screensaver.svg	pass	57808	26841	30967
svgs/oxygen-icons-5.113.0/scalable/apps/preferences-desktop-search.svg	pass	158929	65132	93797
svgs/oxygen-icons-5.113.0/scalable/apps/preferences-desktop-sound.svg	pass	216285	9612	206673
svgs/oxygen-icons-5.113.0/scalable/apps/preferences-desktop-text-to-speech.svg	pass	61257	14718	46539
svgs/oxygen-icons-5.113.0/scalable/apps/preferences-desktop-theme.svg	pass	158230	76592	81638
svgs/oxygen-icons-5.113.0/scalable/apps/preferences-desktop-thunderbolt.svg	pass	150247	123379	26868
svgs/oxygen-icons-5.113.0/scalable/apps/preferences-desktop-user-password.svg	mismatch	465283	229429	235854
svgs/oxygen-icons-5.113.0/scalable/apps/preferences-desktop-user.svg	pass	272779	52710	220069
svgs/oxygen-icons-5.113.0/scalable/apps/preferences-desktop-wallpaper.svg	pass	910453	557640	352813
svgs/oxygen-icons-5.113.0/scalable/apps/preferences-kcalc-constants.svg	pass	23753	11707	12046
svgs/oxygen-icons-5.113.0/scalable/apps/preferences-plugin-script.svg	pass	26915	15042	11873
svgs/oxygen-icons-5.113.0/scalable/apps/preferences-plugin.svg	pass	25971	10397	15574
svgs/oxygen-icons-5.113.0/scalable/apps/preferences-system-bluetooth-inactive.svg	pass	19631	6936	12695
svgs/oxygen-icons-5.113.0/scalable/apps/preferences-system-bluetooth.svg	pass	20519	7324	13195
svgs/oxygen-icons-5.113.0/scalable/apps/preferences-system-login.svg	pass	1307478	1176754	130724
svgs/oxygen-icons-5.113.0/scalable/apps/preferences-system-network-ethernet.svg	pass	142568	126532	16036
svgs/oxygen-icons-5.113.0/scalable/apps/preferences-system-network-sharing.svg	pass	219015	69706	149309
svgs/oxygen-icons-5.113.0/scalable/apps/preferences-system-performance.svg	pass	29518	16631	12887
svgs/oxygen-icons-5.113.0/scalable/apps/preferences-system-power-management.svg	pass	89730	43377	46353
svgs/oxygen-icons-5.113.0/scalable/apps/preferences-system-session-services.svg	pass	32790	16970	15820
svgs/oxygen-icons-5.113.0/scalable/apps/preferences-system-time.svg	mismatch	49059	19745	29314
svgs/oxygen-icons-5.113.0/scalable/apps/preferences-system-windows-actions.svg	pass	126442	63917	62525
svgs/oxygen-icons-5.113.0/scalable/apps/preferences-system-windows-move.svg	pass	342272	34551	307721
svgs/oxygen-icons-5.113.0/scalable/apps/preferences-system-windows.svg	pass	242378	43740	198638
svgs/oxygen-icons-5.113.0/scalable/apps/preferences-web-browser-adblock.svg	pass	148931	24144	124787
svgs/oxygen-icons-5.113.0/scalable/apps/preferences-web-browser-cache.svg	pass	162895	10811	152084
svgs/oxygen-icons-5.113.0/scalable/apps/preferences-web-browser-cookies.svg	pass	97964	53891	44073
svgs/oxygen-icons-5.113.0/scalable/apps/preferences-web-browser-identification.svg	pass	42424	23195	19229
svgs/oxygen-icons-5.113.0/scalable/apps/preferences-web-browser-shortcuts.svg	pass	692615	348847	343768
svgs/oxygen-icons-5.113.0/scalable/apps/preferences-web-browser-stylesheets.svg	pass	63684	27806	35878
svgs/oxygen-icons-5.113.0/scalable/apps/qelectrotech.svg	pass	427348	132269	295079
svgs/oxygen-icons-5.113.0/scalable/apps/quassel.svg	pass	794573	360318	434255
svgs/oxygen-icons-5.113.0/scalable/apps/scribus.svg	pass	90906	14641	76265
svgs/oxygen-icons-5.113.0/scalable/apps/semn.svg	pass	221694	15177	206517
svgs/oxygen-icons-5.113.0/scalable/apps/showfoto.svg	mismatch	29293	16652	12641
svgs/oxygen-icons-5.113.0/scalable/apps/skrooge-black.svg	pass	39079	13860	25219
svgs/oxygen-icons-5.113.0/scalable/apps/skrooge-initial.svg	pass	30225	12445	17780
svgs/oxygen-icons-5.113.0/scalable/apps/skrooge.svg	pass	29411	11642	17769
svgs/oxygen-icons-5.113.0/scalable/apps/small/16x16/Charm.svg	pass	202207	121008	81199
svgs/oxygen-icons-5.113.0/scalable/apps/small/16x16/accessories-calculator.svg	pass	105797	38874	66923
svgs/oxygen-icons-5.113.0/scalable/apps/small/16x16/accessories-character-map.svg	pass	12117	3641	8476
svgs/oxygen-icons-5.113.0/scalable/apps/small/16x16/accessories-dictionary.svg	pass	14612	5704	8908
svgs/oxygen-icons-5.113.0/scalable/apps/small/16x16/accessories-text-editor.svg	pass	859294	116447	742847
svgs/oxygen-icons-5.113.0/scalable/apps/small/16x16/akregator.svg	pass	108907	53263	55644
svgs/oxygen-icons-5.113.0/scalable/apps/small/16x16/basket.svg	pass	17271	4715	12556
svgs/oxygen-icons-5.113.0/scalable/apps/small/16x16/clock.svg	pass	23380	9131	14249
svgs/oxygen-icons-5.113.0/scalable/apps/small/16x16/digikam.svg	mismatch	30053	16840	13213
svgs/oxygen-icons-5.113.0/scalable/apps/small/16x16/graphics-viewer-document.svg	pass	25087	4498	20589
svgs/oxygen-icons-5.113.0/scalable/apps/small/16x16/internet-mail.svg	pass	96521	20194	76327
svgs/oxygen-icons-5.113.0/scalable/apps/small/16x16/java.svg	pass	34184	15505	18679
svgs/oxygen-icons-5.113.0/scalable/apps/small/16x16/k3b.svg	pass	862064	162173	699891
svgs/oxygen-icons-5.113.0/scalable/apps/small/16x16/kaffeine.svg	pass	62045	30714	31331
svgs/oxygen-icons-5.113.0/scalable/apps/small/16x16/kchart.svg	mismatch	184554	24241	160313
svgs/oxygen-icons-5.113.0/scalable/apps/small/16x16/kde.svg	pass	24156	10090	14066
svgs/oxygen-icons-5.113.0/scalable/apps/small/16x16/kdevelop.svg	pass	230465	32269	198196
svgs/oxygen-icons-5.113.0/scalable/apps/small/16x16/kformula.svg	pass	438021	128559	309462
svgs/oxygen-icons-5.113.0/scalable/apps/small/16x16/kig.svg	pass	149077	4506	144571
svgs/oxygen-icons-5.113.0/scalable/apps/small/16x16/kivio.svg	pass	119720	9113	110607
svgs/oxygen-icons-5.113.0/scalable/apps/small/16x16/kmag.svg	pass	678668	60593	618075
svgs/oxygen-icons-5.113.0/scalable/apps/small/16x16/knetattach.svg	pass	1195796	126753	1069043
svgs/oxygen-icons-5.113.0/scalable/apps/small/16x16/knewsticker.svg	pass	389028	249206	139822
svgs/oxygen-icons-5.113.0/scalable/apps/small/16x16/knotes.svg	pass	373672	20209	353463
svgs/oxygen-icons-5.113.0/scalable/apps/small/16x16/konqueror.svg	pass	137049	51621	85428
svgs/oxygen-icons-5.113.0/scalable/apps/small/16x16/korgac.svg	pass	24005	11038	12967
svgs/oxygen-icons-5.113.0/scalable/apps/small/16x16/kplato.svg	pass	54580	22339	32241
svgs/oxygen-icons-5.113.0/scalable/apps/small/16x16/kpresenter.svg	pass	65155	31305	33850
svgs/oxygen-icons-5.113.0/scalable/apps/small/16x16/ksnapshot.svg	pass	144694	46083	98611
svgs/oxygen-icons-5.113.0/scalable/apps/small/16x16/kspread.svg	pass	110863	35853	75010
svgs/oxygen-icons-5.113.0/scalable/apps/small/16x16/kword.svg	pass	927110	349591	577519
svgs/oxygen-icons-5.113.0/scalable/apps/small/16x16/multimedia-volume-control.svg	pass	41203	19578	21625
svgs/oxygen-icons-5.113.0/scalable/apps/small/16x16/office-address-book.svg	pass	66277	34957	31320
svgs/oxygen-icons-5.113.0/scalable/apps/small/16x16/office-calendar.svg	pass	28362	6309	22053
svgs/oxygen-icons-5.113.0/scalable/apps/small/16x16/picmi.svg	pass	38075	18067	20008
svgs/oxygen-icons-5.113.0/scalable/apps/small/16x16/preferences-contact-list.svg	pass	311860	78528	233332
svgs/oxygen-icons-5.113.0/scalable/apps/small/16x16/preferences-desktop-accessibility.svg	pass	56315	9199	47116
svgs/oxygen-icons-5.113.0/scalable/apps/small/16x16/preferences-desktop-display-color.svg	pass	189985	53945	136040
svgs/oxygen-icons-5.113.0/scalable/apps/small/16x16/preferences-desktop-font.svg	pass	42455	4704	37751
svgs/oxygen-icons-5.113.0/scalable/apps/small/16x16/preferences-desktop-gaming.svg	pass	69411	30593	38818
svgs/oxygen-icons-5.113.0/scalable/apps/small/16x16/preferences-desktop-icons.svg	pass	128643	46664	81979
svgs/oxygen-icons-5.113.0/scalable/apps/small/16x16/preferences-desktop-mouse.svg	pass	30329	13339	16990
svgs/oxygen-icons-5.113.0/scalable/apps/small/16x16/preferences-desktop-notification-bell.svg	pass	25091	11083	14008
svgs/oxygen-icons-5.113.0/scalable/apps/small/16x16/preferences-desktop-printer.svg	pass	823576	329025	494551
svgs/oxygen-icons-5.113.0/scalable/apps/small/16x16/preferences-desktop-text-to-speech.svg	pass	58523	10354	48169
svgs/oxygen-icons-5.113.0/scalable/apps/small/16x16/preferences-desktop-theme.svg	pass	157641	76319	81322
svgs/oxygen-icons-5.113.0/scalable/apps/small/16x16/preferences-desktop-user.svg	pass	289867	55033	234834
svgs/oxygen-icons-5.113.0/scalable/apps/small/16x16/preferences-plugin.svg	pass	28002	9256	18746
svgs/oxygen-icons-5.113.0/scalable/apps/small/16x16/preferences-system-login.svg	pass	1265542	1153070	112472
svgs/oxygen-icons-5.113.0/scalable/apps/small/16x16/preferences-system-windows-actions.svg	pass	288442	59333	229109
svgs/oxygen-icons-5.113.0/scalable/apps/small/16x16/preferences-system-windows-move.svg	pass	227591	27635	199956
svgs/oxygen-icons-5.113.0/scalable/apps/small/16x16/preferences-system-windows.svg	pass	212042	20710	191332
svgs/oxygen-icons-5.113.0/scalable/apps/small/16x16/preferences-web-browser-identification.svg	pass	217286	63779	153507
svgs/oxygen-icons-5.113.0/scalable/apps/small/16x16/preferences-web-browser-stylesheets.svg	pass	64978	29140	35838
svgs/oxygen-icons-5.113.0/scalable/apps/small/16x16/qelectrotech.svg	pass	414386	114385	300001
svgs/oxygen-icons-5.113.0/scalable/apps/small/16x16/scribus.svg	pass	10996	5158	5838
svgs/oxygen-icons-5.113.0/scalable/apps/small/16x16/showfoto.svg	mismatch	29293	16652	12641
svgs/oxygen-icons-5.113.0/scalable/apps/small/16x16/system-file-manager.svg	mismatch	17638	6041	11597
svgs/oxygen-icons-5.113.0/scalable/apps/small/16x16/utilities-file-archiver.svg	pass	7595	3421	4174
svgs/oxygen-icons-5.113.0/scalable/apps/small/16x16/utilities-system-monitor.svg	pass	72150	34264	37886
svgs/oxygen-icons-5.113.0/scalable/apps/small/16x16/utilities-terminal.svg	pass	124016	29912	94104
svgs/oxygen-icons-5.113.0/scalable/apps/small/16x16/yakuake.svg	pass	166709	10053	156656
svgs/oxygen-icons-5.113.0/scalable/apps/small/22x22/Charm.svg	pass	214137	129710	84427
svgs/oxygen-icons-5.113.0/scalable/apps/small/22x22/accessories-dictionary.svg	pass	42875	17245	25630
svgs/oxygen-icons-5.113.0/scalable/apps/small/22x22/basket.svg	mismatch	41612	22716	18896
svgs/oxygen-icons-5.113.0/scalable/apps/small/22x22/clock.svg	pass	24813	10544	14269
svgs/oxygen-icons-5.113.0/scalable/apps/small/22x22/device-notifier.svg	pass	147727	98224	49503
svgs/oxygen-icons-5.113.0/scalable/apps/small/22x22/digikam.svg	mismatch	30053	16840	13213
svgs/oxygen-icons-5.113.0/scalable/apps/small/22x22/graphics-viewer-document.svg	pass	114054	5118	108936
svgs/oxygen-icons-5.113.0/scalable/apps/small/22x22/inkscape.svg	pass	24685	12337	12348
svgs/oxygen-icons-5.113.0/scalable/apps/small/22x22/java.svg	pass	35397	16173	19224
svgs/oxygen-icons-5.113.0/scalable/apps/small/22x22/kaffeine.svg	pass	62045	30714	31331
svgs/oxygen-icons-5.113.0/scalable/apps/small/22x22/kchart.svg	pass	189487	28866	160621
svgs/oxygen-icons-5.113.0/scalable/apps/small/22x22/kde.svg	pass	24756	10046	14710
svgs/oxygen-icons-5.113.0/scalable/apps/small/22x22/kdevelop.svg	pass	229650	33569	196081
svgs/oxygen-icons-5.113.0/scalable/apps/small/22x22/kdf.svg	pass	53630	9962	43668
svgs/oxygen-icons-5.113.0/scalable/apps/small/22x22/kformula.svg	pass	440815	130015	310800
svgs/oxygen-icons-5.113.0/scalable/apps/small/22x22/kig.svg	pass	148501	4733	143768
svgs/oxygen-icons-5.113.0/scalable/apps/small/22x22/klipper.svg	pass	92879	16032	76847
svgs/oxygen-icons-5.113.0/scalable/apps/small/22x22/kmag.svg	pass	677866	60601	617265
svgs/oxygen-icons-5.113.0/scalable/apps/small/22x22/knetattach.svg	pass	1561633	126406	1435227
svgs/oxygen-icons-5.113.0/scalable/apps/small/22x22/korgac.svg	pass	48980	15006	33974
svgs/oxygen-icons-5.113.0/scalable/apps/small/22x22/kplato.svg	pass	49568	24474	25094
svgs/oxygen-icons-5.113.0/scalable/apps/small/22x22/kpresenter.svg	pass	68627	33758	34869
svgs/oxygen-icons-5.113.0/scalable/apps/small/22x22/ksnapshot.svg	pass	109667	34375	75292
svgs/oxygen-icons-5.113.0/scalable/apps/small/22x22/kspread.svg	pass	144090	52162	91928
svgs/oxygen-icons-5.113.0/scalable/apps/small/22x22/kword.svg	pass	953858	361273	592585
svgs/oxygen-icons-5.113.0/scalable/apps/small/22x22/multimedia-volume-control.svg	pass	41392	21364	20028
svgs/oxygen-icons-5.113.0/scalable/apps/small/22x22/office-address-book.svg	pass	93017	43906	49111
svgs/oxygen-icons-5.113.0/scalable/apps/small/22x22/office-calendar.svg	pass	16051	5690	10361
svgs/oxygen-icons-5.113.0/scalable/apps/small/22x22/package-utilities.svg	pass	126127	70501	55626
svgs/oxygen-icons-5.113.0/scalable/apps/small/22x22/picmi.svg	pass	39200	18620	20580
svgs/oxygen-icons-5.113.0/scalable/apps/small/22x22/preferences-contact-list.svg	pass	318763	82577	236186
svgs/oxygen-icons-5.113.0/scalable/apps/small/22x22/preferences-desktop-accessibility.svg	pass	54039	9230	44809
svgs/oxygen-icons-5.113.0/scalable/apps/small/22x22/preferences-desktop-display-color.svg	pass	305994	79813	226181
svgs/oxygen-icons-5.113.0/scalable/apps/small/22x22/preferences-desktop-font.svg	pass	25688	4367	21321
svgs/oxygen-icons-5.113.0/scalable/apps/small/22x22/preferences-desktop-gaming.svg	pass	80227	42341	37886
svgs/oxygen-icons-5.113.0/scalable/apps/small/22x22/preferences-desktop-icons.svg	pass	132608	46771	85837
svgs/oxygen-icons-5.113.0/scalable/apps/small/22x22/preferences-desktop-mouse.svg	pass	33560	15337	18223
svgs/oxygen-icons-5.113.0/scalable/apps/small/22x22/preferences-desktop-notification-bell.svg	pass	29152	14747	14405
svgs/oxygen-icons-5.113.0/scalable/apps/small/22x22/preferences-system-windows-move.svg	pass	287974	58979	228995
svgs/oxygen-icons-5.113.0/scalable/apps/small/22x22/preferences-system-windows.svg	pass	206214	20714	185500
svgs/oxygen-icons-5.113.0/scalable/apps/small/22x22/qelectrotech.svg	pass	413607	113657	299950
svgs/oxygen-icons-5.113.0/scalable/apps/small/22x22/scribus.svg	pass	26522	12729	13793
svgs/oxygen-icons-5.113.0/scalable/apps/small/22x22/showfoto.svg	mismatch	29293	16652	12641
svgs/oxygen-icons-5.113.0/scalable/apps/small/22x22/system-file-manager.svg	pass	18508	6716	11792
svgs/oxygen-icons-5.113.0/scalable/apps/small/22x22/utilities-system-monitor.svg	pass	19399	7059	12340
svgs/oxygen-icons-5.113.0/scalable/apps/small/22x22/utilities-terminal.svg	pass	124682	28081	96601
svgs/oxygen-icons-5.113.0/scalable/apps/small/22x22/yakuake.svg	pass	165851	11306	154545
svgs/oxygen-icons-5.113.0/scalable/apps/small/32x32/Charm.svg	pass	219822	133677	86145
svgs/oxygen-icons-5.113.0/scalable/apps/small/32x32/clock.svg	pass	30853	10536	20317
svgs/oxygen-icons-5.113.0/scalable/apps/small/32x32/device-notifier.svg	pass	147213	100524	46689
svgs/oxygen-icons-5.113.0/scalable/apps/small/32x32/digikam.svg	mismatch	30053	16840	13213
svgs/oxygen-icons-5.113.0/scalable/apps/small/32x32/k3b.svg	pass	199351	161921	37430
svgs/oxygen-icons-5.113.0/scalable/apps/small/32x32/kchart.svg	pass	189068	28755	160313
svgs/oxygen-icons-5.113.0/scalable/apps/small/32x32/kdf.svg	pass	53545	9817	43728
svgs/oxygen-icons-5.113.0/scalable/apps/small/32x32/kformula.svg	pass	440747	129745	311002
svgs/oxygen-icons-5.113.0/scalable/apps/small/32x32/kig.svg	pass	161601	112112	49489
svgs/oxygen-icons-5.113.0/scalable/apps/small/32x32/klipper.svg	pass	92879	16032	76847
svgs/oxygen-icons-5.113.0/scalable/apps/small/32x32/kmag.svg	pass	679880	61431	618449
svgs/oxygen-icons-5.113.0/scalable/apps/small/32x32/knetattach.svg	pass	371932	125418	246514
svgs/oxygen-icons-5.113.0/scalable/apps/small/32x32/knewsticker.svg	pass	507816	244138	263678
svgs/oxygen-icons-5.113.0/scalable/apps/small/32x32/korgac.svg	pass	153553	59996	93557
svgs/oxygen-icons-5.113.0/scalable/apps/small/32x32/kplato.svg	pass	58269	30296	27973
svgs/oxygen-icons-5.113.0/scalable/apps/small/32x32/kpresenter.svg	pass	72111	37182	34929
svgs/oxygen-icons-5.113.0/scalable/apps/small/32x32/kspread.svg	pass	152657	57465	95192
svgs/oxygen-icons-5.113.0/scalable/apps/small/32x32/kwalletmanager.svg	pass	233525	113512	120013
svgs/oxygen-icons-5.113.0/scalable/apps/small/32x32/kword.svg	pass	988453	385539	602914
svgs/oxygen-icons-5.113.0/scalable/apps/small/32x32/picmi.svg	pass	39213	20655	18558
svgs/oxygen-icons-5.113.0/scalable/apps/small/32x32/preferences-desktop-display-color.svg	pass	305995	79813	226182
svgs/oxygen-icons-5.113.0/scalable/apps/small/32x32/preferences-desktop-display.svg	pass	1305508	1176519	128989
svgs/oxygen-icons-5.113.0/scalable/apps/small/32x32/preferences-desktop-font.svg	pass	47208	17953	29255
svgs/oxygen-icons-5.113.0/scalable/apps/small/32x32/preferences-desktop-notification-bell.svg	pass	28794	14565	14229
svgs/oxygen-icons-5.113.0/scalable/apps/small/32x32/preferences-desktop-screensaver.svg	pass	50149	25853	24296
svgs/oxygen-icons-5.113.0/scalable/apps/small/32x32/preferences-desktop-search.svg	pass	106708	65507	41201
svgs/oxygen-icons-5.113.0/scalable/apps/small/32x32/preferences-desktop-thunderbolt.svg	pass	150975	123623	27352
svgs/oxygen-icons-5.113.0/scalable/apps/small/32x32/preferences-desktop-user.svg	pass	286579	55088	231491
svgs/oxygen-icons-5.113.0/scalable/apps/small/32x32/preferences-system-login.svg	pass	1308942	1178321	130621
svgs/oxygen-icons-5.113.0/scalable/apps/small/32x32/preferences-system-network-ethernet.svg	pass	154571	125562	29009
svgs/oxygen-icons-5.113.0/scalable/apps/small/32x32/preferences-system-windows-actions.svg	pass	408581	64032	344549
svgs/oxygen-icons-5.113.0/scalable/apps/small/32x32/preferences-system-windows-move.svg	mismatch	349681	33114	316567
svgs/oxygen-icons-5.113.0/scalable/apps/small/32x32/preferences-system-windows.svg	pass	224584	25202	199382
svgs/oxygen-icons-5.113.0/scalable/apps/small/32x32/qelectrotech.svg	pass	425268	125665	299603
svgs/oxygen-icons-5.113.0/scalable/apps/small/32x32/showfoto.svg	mismatch	29293	16652	12641
svgs/oxygen-icons-5.113.0/scalable/apps/small/32x32/system-file-manager.svg	mismatch	20934	8334	12600
svgs/oxygen-icons-5.113.0/scalable/apps/small/32x32/yakuake.svg	pass	167222	11059	156163
svgs/oxygen-icons-5.113.0/scalable/apps/small/48x48/Charm.svg	pass	229549	137579	91970
svgs/oxygen-icons-5.113.0/scalable/apps/small/48x48/digikam.svg	mismatch	30053	16840	13213
svgs/oxygen-icons-5.113.0/scalable/apps/small/48x48/kchart.svg	pass	189153	29187	159966
svgs/oxygen-icons-5.113.0/scalable/apps/small/48x48/kdevelop.svg	pass	236865	33508	203357
svgs/oxygen-icons-5.113.0/scalable/apps/small/48x48/kdf.svg	pass	54522	10569	43953
svgs/oxygen-icons-5.113.0/scalable/apps/small/48x48/kformula.svg	pass	528966	168270	360696
svgs/oxygen-icons-5.113.0/scalable/apps/small/48x48/kig.svg	mismatch	182010	131858	50152
svgs/oxygen-icons-5.113.0/scalable/apps/small/48x48/kivio.svg	pass	141574	18526	123048
svgs/oxygen-icons-5.113.0/scalable/apps/small/48x48/kmag.svg	pass	672864	61363	611501
svgs/oxygen-icons-5.113.0/scalable/apps/small/48x48/knetattach.svg	pass	197715	125669	72046
svgs/oxygen-icons-5.113.0/scalable/apps/small/48x48/knewsticker.svg	pass	514396	249364	265032
svgs/oxygen-icons-5.113.0/scalable/apps/small/48x48/kplato.svg	pass	70684	38063	32621
svgs/oxygen-icons-5.113.0/scalable/apps/small/48x48/kpresenter.svg	pass	69869	37349	32520
svgs/oxygen-icons-5.113.0/scalable/apps/small/48x48/kspread.svg	pass	156085	59005	97080
svgs/oxygen-icons-5.113.0/scalable/apps/small/48x48/kwalletmanager.svg	pass	233628	113693	119935
svgs/oxygen-icons-5.113.0/scalable/apps/small/48x48/kword.svg	pass	1005398	391731	613667
svgs/oxygen-icons-5.113.0/scalable/apps/small/48x48/mameexecutor.svg	pass	334828	140325	194503
svgs/oxygen-icons-5.113.0/scalable/apps/small/48x48/picmi.svg	pass	40238	21897	18341
svgs/oxygen-icons-5.113.0/scalable/apps/small/48x48/preferences-desktop-display-color.svg	pass	70337	23346	46991
svgs/oxygen-icons-5.113.0/scalable/apps/small/48x48/preferences-desktop-font.svg	pass	52637	19609	33028
svgs/oxygen-icons-5.113.0/scalable/apps/small/48x48/preferences-desktop-notification-bell.svg	pass	30030	15017	15013
svgs/oxygen-icons-5.113.0/scalable/apps/small/48x48/preferences-desktop-screensaver.svg	pass	73938	26111	47827
svgs/oxygen-icons-5.113.0/scalable/apps/small/48x48/preferences-system-windows-actions.svg	pass	396396	63911	332485
svgs/oxygen-icons-5.113.0/scalable/apps/small/48x48/preferences-system-windows-move.svg	pass	337081	33086	303995
svgs/oxygen-icons-5.113.0/scalable/apps/small/48x48/preferences-system-windows.svg	pass	243107	44158	198949
svgs/oxygen-icons-5.113.0/scalable/apps/small/48x48/qelectrotech.svg	pass	424873	125599	299274
svgs/oxygen-icons-5.113.0/scalable/apps/small/48x48/showfoto.svg	mismatch	29293	16652	12641
svgs/oxygen-icons-5.113.0/scalable/apps/small/48x48/yakuake.svg	pass	169465	12764	156701
svgs/oxygen-icons-5.113.0/scalable/apps/small/64x64/Charm.svg	pass	251358	148427	102931
svgs/oxygen-icons-5.113.0/scalable/apps/small/64x64/kchart.svg	pass	186917	29166	157751
svgs/oxygen-icons-5.113.0/scalable/apps/small/64x64/kformula.svg	pass	558225	182028	376197
svgs/oxygen-icons-5.113.0/scalable/apps/small/64x64/kivio.svg	pass	154377	29041	125336
svgs/oxygen-icons-5.113.0/scalable/apps/small/64x64/kmag.svg	pass	673306	67214	606092
svgs/oxygen-icons-5.113.0/scalable/apps/small/64x64/kplato.svg	mismatch	73720	39100	34620
svgs/oxygen-icons-5.113.0/scalable/apps/small/64x64/kpresenter.svg	pass	68941	36660	32281
svgs/oxygen-icons-5.113.0/scalable/apps/small/64x64/kspread.svg	pass	139600	57565	82035
svgs/oxygen-icons-5.113.0/scalable/apps/small/64x64/kwalletmanager.svg	pass	456812	116262	340550
svgs/oxygen-icons-5.113.0/scalable/apps/small/64x64/kword.svg	pass	1000534	392793	607741
svgs/oxygen-icons-5.113.0/scalable/apps/small/64x64/mameexecutor.svg	pass	347600	151346	196254
svgs/oxygen-icons-5.113.0/scalable/apps/small/64x64/preferences-desktop-notification-bell.svg	pass	29763	14965	14798
svgs/oxygen-icons-5.113.0/scalable/apps/small/64x64/qelectrotech.svg	pass	426594	131290	295304
svgs/oxygen-icons-5.113.0/scalable/apps/small/64x64/yakuake.svg	pass	177189	10551	166638
svgs/oxygen-icons-5.113.0/scalable/apps/step.svg	pass	62786	34733	28053
svgs/oxygen-icons-5.113.0/scalable/apps/strigi.svg	mismatch	54152	22463	31689
svgs/oxygen-icons-5.113.0/scalable/apps/system-diagnosis.svg	pass	118428	62865	55563
svgs/oxygen-icons-5.113.0/scalable/apps/system-file-manager.svg	pass	30847	17860	12987
svgs/oxygen-icons-5.113.0/scalable/apps/system-software-update.svg	pass	65863	27513	38350
svgs/oxygen-icons-5.113.0/scalable/apps/system-users.svg	pass	544175	83953	460222
svgs/oxygen-icons-5.113.0/scalable/apps/tagua.svg	pass	74381	36367	38014
svgs/oxygen-icons-5.113.0/scalable/apps/telepathy-kde.svg	pass	32695	13986	18709
svgs/oxygen-icons-5.113.0/scalable/apps/timevault.svg	mismatch	522067	167500	354567
svgs/oxygen-icons-5.113.0/scalable/apps/utilities-desktop-extra.svg	pass	60000	14862	45138
svgs/oxygen-icons-5.113.0/scalable/apps/utilities-file-archiver.svg	pass	274746	124378	150368
svgs/oxygen-icons-5.113.0/scalable/apps/utilities-log-viewer.svg	pass	285763	67466	218297
svgs/oxygen-icons-5.113.0/scalable/apps/utilities-system-monitor.svg	pass	71535	33574	37961
svgs/oxygen-icons-5.113.0/scalable/apps/utilities-terminal.svg	pass	116023	20825	95198
svgs/oxygen-icons-5.113.0/scalable/apps/wine.svg	pass	102974	48601	54373
svgs/oxygen-icons-5.113.0/scalable/apps/xorg.svg	pass	47650	24732	22918
svgs/oxygen-icons-5.113.0/scalable/apps/yakuake.svg	pass	176141	10557	165584
svgs/oxygen-icons-5.113.0/scalable/apps/zanshin.svg	pass	52467	26045	26422
svgs/oxygen-icons-5.113.0/scalable/categories/applications-accessories.svg	pass	71035	39371	31664
svgs/oxygen-icons-5.113.0/scalable/categories/applications-all.svg	pass	26709	9414	17295
svgs/oxygen-icons-5.113.0/scalable/categories/applications-development-translation.svg	pass	271337	149448	121889
svgs/oxygen-icons-5.113.0/scalable/categories/applications-development-web.svg	pass	127775	51786	75989
svgs/oxygen-icons-5.113.0/scalable/categories/applications-development.svg	pass	66199	42216	23983
svgs/oxygen-icons-5.113.0/scalable/categories/applications-education-language.svg	pass	182066	105232	76834
svgs/oxygen-icons-5.113.0/scalable/categories/applications-education-mathematics.svg	pass	23753	11707	12046
svgs/oxygen-icons-5.113.0/scalable/categories/applications-education-miscellaneous.svg	pass	10428	1837	8591
svgs/oxygen-icons-5.113.0/scalable/categories/applications-education-preschool.svg	mismatch	55506	17108	38398
svgs/oxygen-icons-5.113.0/scalable/categories/applications-education-school.svg	pass	479826	248597	231229
svgs/oxygen-icons-5.113.0/scalable/categories/applications-education-science.svg	pass	62703	30238	32465
svgs/oxygen-icons-5.113.0/scalable/categories/applications-education-university.svg	pass	58832	24563	34269
svgs/oxygen-icons-5.113.0/scalable/categories/applications-education.svg	pass	479826	248597	231229
svgs/oxygen-icons-5.113.0/scalable/categories/applications-engineering.svg	pass	34185	19648	14537
svgs/oxygen-icons-5.113.0/scalable/categories/applications-games.svg	pass	18792	11744	7048
svgs/oxygen-icons-5.113.0/scalable/categories/applications-graphics.svg	pass	193474	107846	85628
svgs/oxygen-icons-5.113.0/scalable/categories/applications-internet.svg	pass	671518	336790	334728
svgs/oxygen-icons-5.113.0/scalable/categories/applications-multimedia.svg	pass	56333	26142	30191
svgs/oxygen-icons-5.113.0/scalable/categories/applications-office.svg	pass	240287	88345	151942
svgs/oxygen-icons-5.113.0/scalable/categories/applications-other.svg	pass	258711	233952	24759
svgs/oxygen-icons-5.113.0/scalable/categories/applications-science.svg	pass	62703	30238	32465
svgs/oxygen-icons-5.113.0/scalable/categories/applications-system.svg	pass	18829	8330	10499
svgs/oxygen-icons-5.113.0/scalable/categories/applications-toys.svg	mismatch	55506	17108	38398
svgs/oxygen-icons-5.113.0/scalable/categories/applications-utilities.svg	pass	22970	8394	14576
svgs/oxygen-icons-5.113.0/scalable/categories/hidef/applications-all.svg	pass	30421	10694	19727
svgs/oxygen-icons-5.113.0/scalable/categories/hidef/applications-engineering.svg	pass	52519	23876	28643
svgs/oxygen-icons-5.113.0/scalable/categories/hidef/applications-graphics.svg	pass	186633	106399	80234
svgs/oxygen-icons-5.113.0/scalable/categories/hidef/applications-internet.svg	pass	646841	335796	311045
svgs/oxygen-icons-5.113.0/scalable/categories/hidef/applications-multimedia.svg	pass	57917	25237	32680
svgs/oxygen-icons-5.113.0/scalable/categories/hidef/applications-system.svg	pass	26875	10893	15982
svgs/oxygen-icons-5.113.0/scalable/categories/hidef/preferences-desktop.svg	pass	281164	151871	129293
svgs/oxygen-icons-5.113.0/scalable/categories/hidef/preferences-kde-connect.svg	pass	131372	29114	102258
svgs/oxygen-icons-5.113.0/scalable/categories/hidef/preferences-other.svg	pass	55206	29221	25985
svgs/oxygen-icons-5.113.0/scalable/categories/hidef/preferences-system-network.svg	pass	75886	28531	47355
svgs/oxygen-icons-5.113.0/scalable/categories/hidef/preferences-system.svg	mismatch	70050	38424	31626
svgs/oxygen-icons-5.113.0/scalable/categories/hidef/system-users.svg	pass	30238	16396	13842
svgs/oxygen-icons-5.113.0/scalable/categories/preferences-desktop-peripherals.svg	pass	93267	36317	56950
svgs/oxygen-icons-5.113.0/scalable/categories/preferences-desktop-personal.svg	pass	51470	32562	18908
svgs/oxygen-icons-5.113.0/scalable/categories/preferences-desktop-wallpaper.svg	pass	1300961	1174123	126838
svgs/oxygen-icons-5.113.0/scalable/categories/preferences-desktop.svg	pass	278572	152345	126227
svgs/oxygen-icons-5.113.0/scalable/categories/preferences-kde-connect.svg	pass	131491	29140	102351
svgs/oxygen-icons-5.113.0/scalable/categories/preferences-other.svg	pass	66786	28259	38527
svgs/oxygen-icons-5.113.0/scalable/categories/preferences-system-network.svg	pass	72275	27827	44448
svgs/oxygen-icons-5.113.0/scalable/categories/preferences-system.svg	mismatch	67617	37522	30095
svgs/oxygen-icons-5.113.0/scalable/categories/small/16x16/applications-all.svg	pass	25072	7289	17783
svgs/oxygen-icons-5.113.0/scalable/categories/small/16x16/applications-all.svgz.2021_06_05_16_13_07.0.svg	pass	25244	7285	17959
svgs/oxygen-icons-5.113.0/scalable/categories/small/16x16/applications-internet.svg	pass	670021	336689	333332
svgs/oxygen-icons-5.113.0/scalable/categories/small/16x16/preferences-kde-connect.svg	pass	125431	26360	99071
svgs/oxygen-icons-5.113.0/scalable/categories/small/16x16/preferences-other.svg	pass	195679	41106	154573
svgs/oxygen-icons-5.113.0/scalable/categories/small/22x22/applications-accessories.svg	pass	72037	38732	33305
svgs/oxygen-icons-5.113.0/scalable/categories/small/22x22/applications-education.svg	pass	7327	3362	3965
svgs/oxygen-icons-5.113.0/scalable/categories/small/22x22/applications-engineering.svg	pass	38097	21997	16100
svgs/oxygen-icons-5.113.0/scalable/categories/small/22x22/applications-games.svg	pass	15556	5570	9986
svgs/oxygen-icons-5.113.0/scalable/categories/small/22x22/applications-internet.svg	pass	672623	336885	335738
svgs/oxygen-icons-5.113.0/scalable/categories/small/22x22/applications-office.svg	pass	26960	5984	20976
svgs/oxygen-icons-5.113.0/scalable/categories/small/22x22/applications-other.svg	pass	11587	5568	6019
svgs/oxygen-icons-5.113.0/scalable/categories/small/22x22/applications-system.svg	pass	22414	10252	12162
svgs/oxygen-icons-5.113.0/scalable/categories/small/22x22/applications-utilities.svg	pass	26297	7792	18505
svgs/oxygen-icons-5.113.0/scalable/categories/small/22x22/preferences-desktop-personal.svg	pass	166977	31250	135727
svgs/oxygen-icons-5.113.0/scalable/categories/small/22x22/preferences-kde-connect.svg	pass	127747	27688	100059
svgs/oxygen-icons-5.113.0/scalable/categories/small/22x22/preferences-other.svg	pass	195634	41159	154475
svgs/oxygen-icons-5.113.0/scalable/categories/small/22x22/system-help.svg	pass	8848	4227	4621
svgs/oxygen-icons-5.113.0/scalable/categories/small/24x24/preferences-kde-connect.svg	pass	127550	27610	99940
svgs/oxygen-icons-5.113.0/scalable/categories/small/32x32/applications-all.svg	pass	27652	8718	18934
svgs/oxygen-icons-5.113.0/scalable/categories/small/32x32/preferences-kde-connect.svg	pass	128075	28000	100075
svgs/oxygen-icons-5.113.0/scalable/categories/small/32x32/system-users.svg	pass	22373	11604	10769
svgs/oxygen-icons-5.113.0/scalable/categories/small/48x48/applications-all.svg	pass	27602	9584	18018
svgs/oxygen-icons-5.113.0/scalable/categories/small/48x48/preferences-kde-connect.svg	pass	130267	29541	100726
svgs/oxygen-icons-5.113.0/scalable/categories/small/64x64/applications-all.svg	pass	30317	10457	19860
svgs/oxygen-icons-5.113.0/scalable/categories/small/64x64/preferences-kde-connect.svg	pass	131478	29027	102451
svgs/oxygen-icons-5.113.0/scalable/categories/system-help.svg	pass	8636	4217	4419
svgs/oxygen-icons-5.113.0/scalable/categories/system-users.svg	pass	26889	14308	12581
svgs/oxygen-icons-5.113.0/scalable/devices/audio-card.svg	mismatch	174968	92682	82286
svgs/oxygen-icons-5.113.0/scalable/devices/audio-headphones.svg	pass	77954	41915	36039
svgs/oxygen-icons-5.113.0/scalable/devices/audio-headset.svg	pass	92964	50728	42236
svgs/oxygen-icons-5.113.0/scalable/devices/audio-input-line.svg	pass	19871	9692	10179
svgs/oxygen-icons-5.113.0/scalable/devices/audio-input-microphone.svg	pass	179000	60323	118677
svgs/oxygen-icons-5.113.0/scalable/devices/battery.svg	pass	302812	31186	271626
svgs/oxygen-icons-5.113.0/scalable/devices/camera-photo.svg	pass	69997	32892	37105
svgs/oxygen-icons-5.113.0/scalable/devices/camera-web.svg	mismatch	35806	18971	16835
svgs/oxygen-icons-5.113.0/scalable/devices/computer-laptop.svg	pass	4235262	3769260	466002
svgs/oxygen-icons-5.113.0/scalable/devices/computer.svg	pass	158687	82583	76104
svgs/oxygen-icons-5.113.0/scalable/devices/cpu.svg	mismatch	254458	177268	77190
svgs/oxygen-icons-5.113.0/scalable/devices/drive-harddisk.svg	pass	59260	36891	22369
svgs/oxygen-icons-5.113.0/scalable/devices/drive-optical.svg	pass	229918	121514	108404
svgs/oxygen-icons-5.113.0/scalable/devices/drive-removable-media-usb-pendrive.svg	pass	79322	10722	68600
svgs/oxygen-icons-5.113.0/scalable/devices/drive-removable-media-usb.svg	pass	20722	11845	8877
svgs/oxygen-icons-5.113.0/scalable/devices/drive-removable-media.svg	pass	15770	8950	6820
svgs/oxygen-icons-5.113.0/scalable/devices/hidef/audio-card.svg	pass	255470	88120	167350
svgs/oxygen-icons-5.113.0/scalable/devices/hidef/camera-photo.svg	pass	3753273	2185448	1567825
svgs/oxygen-icons-5.113.0/scalable/devices/hidef/computer.svg	pass	122993	68708	54285
svgs/oxygen-icons-5.113.0/scalable/devices/hidef/input-keyboard.svg	mismatch	288711	207560	81151
svgs/oxygen-icons-5.113.0/scalable/devices/hidef/input-mouse.svg	pass	44264	14221	30043
svgs/oxygen-icons-5.113.0/scalable/devices/hidef/media-flash-sd-mmc.svg	pass	852932	158366	694566
svgs/oxygen-icons-5.113.0/scalable/devices/hidef/media-flash-smart-media.svg	pass	230371	122075	108296
svgs/oxygen-icons-5.113.0/scalable/devices/hidef/media-floppy.svg	pass	1267770	853081	414689
svgs/oxygen-icons-5.113.0/scalable/devices/hidef/media-optical-audio.svg	mismatch	846451	136158	710293
svgs/oxygen-icons-5.113.0/scalable/devices/hidef/media-optical-blu-ray.svg	pass	41350	22211	19139
svgs/oxygen-icons-5.113.0/scalable/devices/hidef/media-optical-data.svg	pass	412541	166512	246029
svgs/oxygen-icons-5.113.0/scalable/devices/hidef/media-optical-dvd-data.svg	pass	301690	150474	151216
svgs/oxygen-icons-5.113.0/scalable/devices/hidef/media-optical-dvd-video.svg	mismatch	1284143	380904	903239
svgs/oxygen-icons-5.113.0/scalable/devices/hidef/media-optical-dvd.svg	pass	32818	16773	16045
svgs/oxygen-icons-5.113.0/scalable/devices/hidef/media-optical-mixed-cd.svg	pass	1125788	211029	914759
svgs/oxygen-icons-5.113.0/scalable/devices/hidef/media-optical-recordable.svg	pass	28294	13863	14431
svgs/oxygen-icons-5.113.0/scalable/devices/hidef/media-optical-video.svg	mismatch	1262923	376981	885942
svgs/oxygen-icons-5.113.0/scalable/devices/hidef/media-optical.svg	pass	27265	13297	13968
svgs/oxygen-icons-5.113.0/scalable/devices/hidef/network-wired.svg	pass	213966	125956	88010
svgs/oxygen-icons-5.113.0/scalable/devices/hidef/printer-laser.svg	pass	184085	142452	41633
svgs/oxygen-icons-5.113.0/scalable/devices/hidef/printer.svg	pass	343287	205887	137400
svgs/oxygen-icons-5.113.0/scalable/devices/hidef/secure-card.svg	pass	1481774	618831	862943
svgs/oxygen-icons-5.113.0/scalable/devices/hidef/smartphone.svg	pass	519037	255436	263601
svgs/oxygen-icons-5.113.0/scalable/devices/hidef/tablet.svg	pass	348680	237929	110751
svgs/oxygen-icons-5.113.0/scalable/devices/hidef/video-display.svg	pass	1314817	1175265	139552
svgs/oxygen-icons-5.113.0/scalable/devices/input-gaming.svg	pass	92026	50061	41965
svgs/oxygen-icons-5.113.0/scalable/devices/input-keyboard.svg	mismatch	175376	96788	78588
svgs/oxygen-icons-5.113.0/scalable/devices/input-mouse.svg	pass	40945	13959	26986
svgs/oxygen-icons-5.113.0/scalable/devices/input-tablet.svg	pass	68035	22309	45726
svgs/oxygen-icons-5.113.0/scalable/devices/media-flash-memory-stick.svg	pass	134437	115726	18711
svgs/oxygen-icons-5.113.0/scalable/devices/media-flash-sd-mmc.svg	pass	850938	157470	693468
svgs/oxygen-icons-5.113.0/scalable/devices/media-flash-smart-media.svg	pass	114509	12509	102000
svgs/oxygen-icons-5.113.0/scalable/devices/media-flash.svg	pass	181230	143046	38184
svgs/oxygen-icons-5.113.0/scalable/devices/media-floppy.svg	pass	1161169	747491	413678
svgs/oxygen-icons-5.113.0/scalable/devices/media-optical-audio.svg	mismatch	847327	136728	710599
svgs/oxygen-icons-5.113.0/scalable/devices/media-optical-blu-ray.svg	pass	51238	22225	29013
svgs/oxygen-icons-5.113.0/scalable/devices/media-optical-data.svg	pass	253824	55641	198183
svgs/oxygen-icons-5.113.0/scalable/devices/media-optical-dvd-video.svg	mismatch	1259190	368867	890323
svgs/oxygen-icons-5.113.0/scalable/devices/media-optical-dvd.svg	pass	32717	16671	16046
svgs/oxygen-icons-5.113.0/scalable/devices/media-optical-mixed-cd.svg	pass	1052812	161839	890973
svgs/oxygen-icons-5.113.0/scalable/devices/media-optical-recordable.svg	pass	29379	14909	14470
svgs/oxygen-icons-5.113.0/scalable/devices/media-optical-video.svg	mismatch	1242266	365610	876656
svgs/oxygen-icons-5.113.0/scalable/devices/media-optical.svg	pass	28656	14189	14467
svgs/oxygen-icons-5.113.0/scalable/devices/media-tape.svg	pass	30049	16526	13523
svgs/oxygen-icons-5.113.0/scalable/devices/modem.svg	pass	54961	29410	25551
svgs/oxygen-icons-5.113.0/scalable/devices/multimedia-player-apple-ipod.svg	pass	24048	10966	13082
svgs/oxygen-icons-5.113.0/scalable/devices/multimedia-player.svg	pass	63126	28020	35106
svgs/oxygen-icons-5.113.0/scalable/devices/network-wired.svg	pass	90300	16763	73537
svgs/oxygen-icons-5.113.0/scalable/devices/network-wireless-connected-00.svg	pass	18941	6594	12347
svgs/oxygen-icons-5.113.0/scalable/devices/network-wireless-connected-100.svg	pass	56252	19713	36539
svgs/oxygen-icons-5.113.0/scalable/devices/network-wireless-connected-25.svg	pass	22376	10483	11893
svgs/oxygen-icons-5.113.0/scalable/devices/network-wireless-connected-50.svg	pass	27965	13417	14548
svgs/oxygen-icons-5.113.0/scalable/devices/network-wireless-connected-75.svg	pass	33086	16386	16700
svgs/oxygen-icons-5.113.0/scalable/devices/network-wireless-disconnected.svg	pass	15517	6591	8926
svgs/oxygen-icons-5.113.0/scalable/devices/network-wireless.svg	pass	56252	19713	36539
svgs/oxygen-icons-5.113.0/scalable/devices/pda.svg	pass	43406	22258	21148
svgs/oxygen-icons-5.113.0/scalable/devices/phone.svg	pass	375802	107342	268460
svgs/oxygen-icons-5.113.0/scalable/devices/printer-laser.svg	pass	40624	18944	21680
svgs/oxygen-icons-5.113.0/scalable/devices/printer.svg	pass	324517	190456	134061
svgs/oxygen-icons-5.113.0/scalable/devices/scanner.svg	mismatch	59574	22420	37154
svgs/oxygen-icons-5.113.0/scalable/devices/secure-card.svg	pass	1478109	618322	859787
svgs/oxygen-icons-5.113.0/scalable/devices/small/16x16/audio-headphones.svg	pass	78346	42019	36327
svgs/oxygen-icons-5.113.0/scalable/devices/small/16x16/audio-headset.svg	pass	28885	10605	18280
svgs/oxygen-icons-5.113.0/scalable/devices/small/16x16/audio-input-line.svg	pass	25959	13295	12664
svgs/oxygen-icons-5.113.0/scalable/devices/small/16x16/audio-input-microphone.svg	pass	69507	8918	60589
svgs/oxygen-icons-5.113.0/scalable/devices/small/16x16/battery.svg	pass	308013	29442	278571
svgs/oxygen-icons-5.113.0/scalable/devices/small/16x16/camera-photo.svg	pass	15190	7025	8165
svgs/oxygen-icons-5.113.0/scalable/devices/small/16x16/computer-laptop.svg	pass	1288265	1146133	142132
svgs/oxygen-icons-5.113.0/scalable/devices/small/16x16/computer.svg	pass	155339	78532	76807
svgs/oxygen-icons-5.113.0/scalable/devices/small/16x16/drive-harddisk.svg	pass	99921	29541	70380
svgs/oxygen-icons-5.113.0/scalable/devices/small/16x16/drive-optical.svg	pass	228286	115991	112295
svgs/oxygen-icons-5.113.0/scalable/devices/small/16x16/drive-removable-media-usb-pendrive.svg	pass	82593	7402	75191
svgs/oxygen-icons-5.113.0/scalable/devices/small/16x16/drive-removable-media.svg	pass	95946	5090	90856
svgs/oxygen-icons-5.113.0/scalable/devices/small/16x16/input-gaming.svg	pass	69411	30593	38818
svgs/oxygen-icons-5.113.0/scalable/devices/small/16x16/input-keyboard.svg	pass	80473	3129	77344
svgs/oxygen-icons-5.113.0/scalable/devices/small/16x16/input-mouse.svg	pass	30329	13339	16990
svgs/oxygen-icons-5.113.0/scalable/devices/small/16x16/input-tablet.svg	pass	68282	12553	55729
svgs/oxygen-icons-5.113.0/scalable/devices/small/16x16/media-flash-memory-stick.svg	pass	28838	6217	22621
svgs/oxygen-icons-5.113.0/scalable/devices/small/16x16/media-flash-sd-mmc.svg	pass	850567	155956	694611
svgs/oxygen-icons-5.113.0/scalable/devices/small/16x16/media-flash-smart-media.svg	pass	120660	9389	111271
svgs/oxygen-icons-5.113.0/scalable/devices/small/16x16/media-flash.svg	pass	97676	34690	62986
svgs/oxygen-icons-5.113.0/scalable/devices/small/16x16/media-floppy.svg	pass	1167176	747886	419290
svgs/oxygen-icons-5.113.0/scalable/devices/small/16x16/media-optical-audio.svg	mismatch	49695	27032	22663
svgs/oxygen-icons-5.113.0/scalable/devices/small/16x16/media-optical-data.svg	pass	30215	14012	16203
svgs/oxygen-icons-5.113.0/scalable/devices/small/16x16/media-optical-dvd.svg	pass	32692	13776	18916
svgs/oxygen-icons-5.113.0/scalable/devices/small/16x16/media-optical-mixed-cd.svg	pass	46619	22666	23953
svgs/oxygen-icons-5.113.0/scalable/devices/small/16x16/media-optical-recordable.svg	pass	28178	12950	15228
svgs/oxygen-icons-5.113.0/scalable/devices/small/16x16/media-optical-video.svg	pass	55265	22772	32493
svgs/oxygen-icons-5.113.0/scalable/devices/small/16x16/media-optical.svg	pass	839222	120664	718558
svgs/oxygen-icons-5.113.0/scalable/devices/small/16x16/media-tape.svg	pass	31242	17196	14046
svgs/oxygen-icons-5.113.0/scalable/devices/small/16x16/multimedia-player-apple-ipod.svg	pass	19848	9871	9977
svgs/oxygen-icons-5.113.0/scalable/devices/small/16x16/multimedia-player.svg	pass	34809	9763	25046
svgs/oxygen-icons-5.113.0/scalable/devices/small/16x16/network-wireless.svg	pass	34414	13323	21091
svgs/oxygen-icons-5.113.0/scalable/devices/small/16x16/pda.svg	pass	33461	12930	20531
svgs/oxygen-icons-5.113.0/scalable/devices/small/16x16/phone.svg	pass	10598	4405	6193
svgs/oxygen-icons-5.113.0/scalable/devices/small/16x16/printer.svg	pass	333908	200493	133415
svgs/oxygen-icons-5.113.0/scalable/devices/small/16x16/secure-card.svg	pass	898570	456658	441912
svgs/oxygen-icons-5.113.0/scalable/devices/small/16x16/smartphone.svg	pass	518878	252971	265907
svgs/oxygen-icons-5.113.0/scalable/devices/small/16x16/tablet.svg	pass	340077	230240	109837
svgs/oxygen-icons-5.113.0/scalable/devices/small/16x16/video-display.svg	pass	1304432	1164430	140002
svgs/oxygen-icons-5.113.0/scalable/devices/small/16x16/video-television.svg	pass	24505	6166	18339
svgs/oxygen-icons-5.113.0/scalable/devices/small/22x22/audio-headset.svg	pass	85841	45461	40380
svgs/oxygen-icons-5.113.0/scalable/devices/small/22x22/audio-input-line.svg	pass	24938	12092	12846
svgs/oxygen-icons-5.113.0/scalable/devices/small/22x22/audio-input-microphone.svg	pass	77129	11662	65467
svgs/oxygen-icons-5.113.0/scalable/devices/small/22x22/battery.svg	pass	308013	29442	278571
svgs/oxygen-icons-5.113.0/scalable/devices/small/22x22/camera-photo.svg	pass	15240	7109	8131
svgs/oxygen-icons-5.113.0/scalable/devices/small/22x22/computer-laptop.svg	pass	1306806	1159717	147089
svgs/oxygen-icons-5.113.0/scalable/devices/small/22x22/computer.svg	pass	131777	79919	51858
svgs/oxygen-icons-5.113.0/scalable/devices/small/22x22/drive-optical.svg	pass	228014	120310	107704
svgs/oxygen-icons-5.113.0/scalable/devices/small/22x22/input-gaming.svg	pass	80227	42341	37886
svgs/oxygen-icons-5.113.0/scalable/devices/small/22x22/input-mouse.svg	pass	33560	15337	18223
svgs/oxygen-icons-5.113.0/scalable/devices/small/22x22/media-flash-sd-mmc.svg	pass	481799	7717	474082
svgs/oxygen-icons-5.113.0/scalable/devices/small/22x22/media-floppy.svg	pass	570587	23985	546602
svgs/oxygen-icons-5.113.0/scalable/devices/small/22x22/media-optical-audio.svg	mismatch	49706	27032	22674
svgs/oxygen-icons-5.113.0/scalable/devices/small/22x22/media-optical-data.svg	pass	39219	16129	23090
svgs/oxygen-icons-5.113.0/scalable/devices/small/22x22/media-optical-dvd.svg	pass	32387	13753	18634
svgs/oxygen-icons-5.113.0/scalable/devices/small/22x22/media-optical-mixed-cd.svg	pass	59626	31631	27995
svgs/oxygen-icons-5.113.0/scalable/devices/small/22x22/media-optical-video.svg	pass	55694	23180	32514
svgs/oxygen-icons-5.113.0/scalable/devices/small/22x22/multimedia-player-apple-ipod.svg	pass	21915	10962	10953
svgs/oxygen-icons-5.113.0/scalable/devices/small/22x22/network-wireless-acquiring.svg	pass	82064	26585	55479
svgs/oxygen-icons-5.113.0/scalable/devices/small/22x22/network-wireless-connected-00.svg	pass	46678	4870	41808
svgs/oxygen-icons-5.113.0/scalable/devices/small/22x22/network-wireless-connected-100.svg	pass	62362	13516	48846
svgs/oxygen-icons-5.113.0/scalable/devices/small/22x22/network-wireless-connected-25.svg	pass	51439	7970	43469
svgs/oxygen-icons-5.113.0/scalable/devices/small/22x22/network-wireless-connected-50.svg	pass	54030	8164	45866
svgs/oxygen-icons-5.113.0/scalable/devices/small/22x22/network-wireless-connected-75.svg	pass	57075	10155	46920
svgs/oxygen-icons-5.113.0/scalable/devices/small/22x22/network-wireless-connected-alternativ-0.svg	pass	44106	2425	41681
svgs/oxygen-icons-5.113.0/scalable/devices/small/22x22/network-wireless-connected-alternativ-100.svg	pass	48678	4411	44267
svgs/oxygen-icons-5.113.0/scalable/devices/small/22x22/network-wireless-connected-alternativ-25.svg	pass	44945	3342	41603
svgs/oxygen-icons-5.113.0/scalable/devices/small/22x22/network-wireless-connected-alternativ-50.svg	pass	46060	3865	42195
svgs/oxygen-icons-5.113.0/scalable/devices/small/22x22/network-wireless-connected-alternativ-75.svg	pass	10388	3007	7381
svgs/oxygen-icons-5.113.0/scalable/devices/small/22x22/network-wireless-disconnected.svg	pass	51128	4760	46368
svgs/oxygen-icons-5.113.0/scalable/devices/small/22x22/network-wireless.svg	pass	62348	13516	48832
svgs/oxygen-icons-5.113.0/scalable/devices/small/22x22/phone.svg	pass	15288	6661	8627
svgs/oxygen-icons-5.113.0/scalable/devices/small/22x22/preferences-desktop-screensaver.svg	pass	71173	25413	45760
svgs/oxygen-icons-5.113.0/scalable/devices/small/22x22/printer.svg	pass	339291	203571	135720
svgs/oxygen-icons-5.113.0/scalable/devices/small/22x22/secure-card.svg	pass	1020131	458758	561373
svgs/oxygen-icons-5.113.0/scalable/devices/small/22x22/smartphone.svg	pass	515849	253302	262547
svgs/oxygen-icons-5.113.0/scalable/devices/small/22x22/tablet.svg	pass	340191	230405	109786
svgs/oxygen-icons-5.113.0/scalable/devices/small/22x22/video-display.svg	pass	1304504	1164463	140041
svgs/oxygen-icons-5.113.0/scalable/devices/small/32x32/audio-headphones.svg	pass	78202	41945	36257
svgs/oxygen-icons-5.113.0/scalable/devices/small/32x32/camera-photo.svg	pass	69969	33738	36231
svgs/oxygen-icons-5.113.0/scalable/devices/small/32x32/computer-laptop.svg	pass	2723203	2476710	246493
svgs/oxygen-icons-5.113.0/scalable/devices/small/32x32/computer.svg	pass	158745	82623	76122
svgs/oxygen-icons-5.113.0/scalable/devices/small/32x32/drive-optical.svg	pass	227494	119928	107566
svgs/oxygen-icons-5.113.0/scalable/devices/small/32x32/media-flash-sd-mmc.svg	pass	852066	157938	694128
svgs/oxygen-icons-5.113.0/scalable/devices/small/32x32/media-floppy.svg	pass	1167505	748112	419393
svgs/oxygen-icons-5.113.0/scalable/devices/small/32x32/media-optical-audio.svg	mismatch	49691	27022	22669
svgs/oxygen-icons-5.113.0/scalable/devices/small/32x32/media-optical-blu-ray.svg	pass	43918	16260	27658
svgs/oxygen-icons-5.113.0/scalable/devices/small/32x32/media-optical-data.svg	pass	40136	16534	23602
svgs/oxygen-icons-5.113.0/scalable/devices/small/32x32/media-optical-dvd-video.svg	pass	52086	27113	24973
svgs/oxygen-icons-5.113.0/scalable/devices/small/32x32/media-optical-dvd.svg	pass	33223	15955	17268
svgs/oxygen-icons-5.113.0/scalable/devices/small/32x32/media-optical-mixed-cd.svg	pass	59814	31787	28027
svgs/oxygen-icons-5.113.0/scalable/devices/small/32x32/media-optical-recordable.svg	pass	28317	13289	15028
svgs/oxygen-icons-5.113.0/scalable/devices/small/32x32/media-optical-video.svg	pass	47140	23734	23406
svgs/oxygen-icons-5.113.0/scalable/devices/small/32x32/media-optical.svg	pass	26781	12578	14203
svgs/oxygen-icons-5.113.0/scalable/devices/small/32x32/multimedia-player-ipod.svg	pass	21731	10831	10900
svgs/oxygen-icons-5.113.0/scalable/devices/small/32x32/network-wireless-acquiring.svg	pass	87470	35422	52048
svgs/oxygen-icons-5.113.0/scalable/devices/small/32x32/network-wireless-connected-00.svg	pass	50171	8424	41747
svgs/oxygen-icons-5.113.0/scalable/devices/small/32x32/network-wireless-connected-100.svg	pass	64914	22331	42583
svgs/oxygen-icons-5.113.0/scalable/devices/small/32x32/network-wireless-connected-25.svg	pass	57867	13402	44465
svgs/oxygen-icons-5.113.0/scalable/devices/small/32x32/network-wireless-connected-50.svg	pass	65086	17294	47792
svgs/oxygen-icons-5.113.0/scalable/devices/small/32x32/network-wireless-connected-75.svg	pass	70208	20673	49535
svgs/oxygen-icons-5.113.0/scalable/devices/small/32x32/network-wireless-disconnected.svg	pass	49893	8416	41477
svgs/oxygen-icons-5.113.0/scalable/devices/small/32x32/network-wireless.svg	pass	64914	22331	42583
svgs/oxygen-icons-5.113.0/scalable/devices/small/32x32/phone.svg	pass	22882	12290	10592
svgs/oxygen-icons-5.113.0/scalable/devices/small/32x32/printer-laser.svg	pass	32999	14217	18782
svgs/oxygen-icons-5.113.0/scalable/devices/small/32x32/printer.svg	pass	340074	202493	137581
svgs/oxygen-icons-5.113.0/scalable/devices/small/32x32/secure-card.svg	pass	1461099	606335	854764
svgs/oxygen-icons-5.113.0/scalable/devices/small/32x32/smartphone.svg	pass	515918	253526	262392
svgs/oxygen-icons-5.113.0/scalable/devices/small/32x32/tablet.svg	pass	348143	238499	109644
svgs/oxygen-icons-5.113.0/scalable/devices/small/32x32/video-display.svg	pass	1321815	1176181	145634
svgs/oxygen-icons-5.113.0/scalable/devices/small/48x48/computer-laptop.svg	pass	2732458	2484083	248375
svgs/oxygen-icons-5.113.0/scalable/devices/small/48x48/computer.svg	pass	136498	82792	53706
svgs/oxygen-icons-5.113.0/scalable/devices/small/48x48/media-flash-sd-mmc.svg	pass	167127	157420	9707
svgs/oxygen-icons-5.113.0/scalable/devices/small/48x48/media-floppy.svg	pass	1167494	747687	419807
svgs/oxygen-icons-5.113.0/scalable/devices/small/48x48/media-optical-audio.svg	mismatch	50940	28673	22267
svgs/oxygen-icons-5.113.0/scalable/devices/small/48x48/media-optical-blu-ray.svg	pass	52775	19766	33009
svgs/oxygen-icons-5.113.0/scalable/devices/small/48x48/media-optical-data.svg	pass	59109	29370	29739
svgs/oxygen-icons-5.113.0/scalable/devices/small/48x48/media-optical-dvd-video.svg	pass	310997	261585	49412
svgs/oxygen-icons-5.113.0/scalable/devices/small/48x48/media-optical-dvd.svg	mismatch	42407	18099	24308
svgs/oxygen-icons-5.113.0/scalable/devices/small/48x48/media-optical-mixed-cd.svg	pass	67887	38112	29775
svgs/oxygen-icons-5.113.0/scalable/devices/small/48x48/media-optical-recordable.svg	pass	29275	14947	14328
svgs/oxygen-icons-5.113.0/scalable/devices/small/48x48/media-optical-video.svg	pass	299582	257715	41867
svgs/oxygen-icons-5.113.0/scalable/devices/small/48x48/media-optical.svg	pass	28025	14235	13790
svgs/oxygen-icons-5.113.0/scalable/devices/small/48x48/network-wireless-connected-00.svg	pass	18167	6941	11226
svgs/oxygen-icons-5.113.0/scalable/devices/small/48x48/network-wireless-connected-25.svg	pass	27578	11764	15814
svgs/oxygen-icons-5.113.0/scalable/devices/small/48x48/network-wireless-connected-50.svg	pass	35375	15635	19740
svgs/oxygen-icons-5.113.0/scalable/devices/small/48x48/network-wireless-connected-75.svg	pass	50360	18823	31537
svgs/oxygen-icons-5.113.0/scalable/devices/small/48x48/network-wireless-disconnected.svg	pass	18172	6945	11227
svgs/oxygen-icons-5.113.0/scalable/devices/small/48x48/network-wireless.svg	pass	62956	22216	40740
svgs/oxygen-icons-5.113.0/scalable/devices/small/48x48/printer-laser.svg	pass	36518	18290	18228
svgs/oxygen-icons-5.113.0/scalable/devices/small/48x48/printer.svg	pass	323403	189270	134133
svgs/oxygen-icons-5.113.0/scalable/devices/small/48x48/secure-card.svg	pass	1476693	618071	858622
svgs/oxygen-icons-5.113.0/scalable/devices/small/48x48/smartphone.svg	pass	516403	253896	262507
svgs/oxygen-icons-5.113.0/scalable/devices/small/48x48/tablet.svg	pass	348030	238472	109558
svgs/oxygen-icons-5.113.0/scalable/devices/small/48x48/video-display.svg	pass	1321879	1176193	145686
svgs/oxygen-icons-5.113.0/scalable/devices/small/64x64/camera-photo.svg	pass	69897	33674	36223
svgs/oxygen-icons-5.113.0/scalable/devices/small/64x64/computer-laptop.svg	pass	2912396	2597812	314584
svgs/oxygen-icons-5.113.0/scalable/devices/small/64x64/computer.svg	pass	158867	82657	76210
svgs/oxygen-icons-5.113.0/scalable/devices/small/64x64/media-flash-sd-mmc.svg	pass	632715	156223	476492
svgs/oxygen-icons-5.113.0/scalable/devices/small/64x64/media-floppy.svg	pass	1168060	747684	420376
svgs/oxygen-icons-5.113.0/scalable/devices/small/64x64/media-optical-dvd-video.svg	mismatch	329778	275691	54087
svgs/oxygen-icons-5.113.0/scalable/devices/small/64x64/media-optical-dvd.svg	pass	32118	16240	15878
svgs/oxygen-icons-5.113.0/scalable/devices/small/64x64/network-wireless-connected-100.svg	pass	61766	21765	40001
svgs/oxygen-icons-5.113.0/scalable/devices/small/64x64/network-wireless-connected-25.svg	pass	23659	10770	12889
svgs/oxygen-icons-5.113.0/scalable/devices/small/64x64/network-wireless-connected-50.svg	pass	29355	13763	15592
svgs/oxygen-icons-5.113.0/scalable/devices/small/64x64/network-wireless-connected-75.svg	pass	34383	16751	17632
svgs/oxygen-icons-5.113.0/scalable/devices/small/64x64/network-wireless.svg	pass	61766	21765	40001
svgs/oxygen-icons-5.113.0/scalable/devices/small/64x64/printer-laser.svg	pass	35317	17417	17900
svgs/oxygen-icons-5.113.0/scalable/devices/small/64x64/printer.svg	pass	324159	190000	134159
svgs/oxygen-icons-5.113.0/scalable/devices/small/64x64/smartphone.svg	pass	516860	254091	262769
svgs/oxygen-icons-5.113.0/scalable/devices/small/64x64/tablet.svg	pass	348095	238575	109520
svgs/oxygen-icons-5.113.0/scalable/devices/small/64x64/video-display.svg	pass	1314470	1173575	140895
svgs/oxygen-icons-5.113.0/scalable/devices/smartphone.svg	pass	518487	255292	263195
svgs/oxygen-icons-5.113.0/scalable/devices/tablet.svg	pass	347836	238376	109460
svgs/oxygen-icons-5.113.0/scalable/devices/tools-media-optical-format.svg	pass	60875	32723	28152
svgs/oxygen-icons-5.113.0/scalable/devices/video-display.svg	pass	1314595	1175300	139295
svgs/oxygen-icons-5.113.0/scalable/devices/video-projector.svg	pass	82986	37873	45113
svgs/oxygen-icons-5.113.0/scalable/devices/video-television.svg	pass	43744	13487	30257
svgs/oxygen-icons-5.113.0/scalable/emblems/emblem-encrypted-locked.svg	pass	11209	3649	7560
svgs/oxygen-icons-5.113.0/scalable/emblems/emblem-encrypted-unlocked.svg	pass	10499	3891	6608
svgs/oxygen-icons-5.113.0/scalable/emblems/emblem-favorite.svg	pass	15473	7963	7510
svgs/oxygen-icons-5.113.0/scalable/emblems/emblem-important.svg	pass	49760	4968	44792
svgs/oxygen-icons-5.113.0/scalable/emblems/emblem-locked.svg	pass	7614	2362	5252
svgs/oxygen-icons-5.113.0/scalable/emblems/emblem-mounted.svg	pass	13718	4544	9174
svgs/oxygen-icons-5.113.0/scalable/emblems/emblem-new.svg	pass	127667	19490	108177
svgs/oxygen-icons-5.113.0/scalable/emblems/emblem-symbolic-link.svg	pass	7041	2508	4533
svgs/oxygen-icons-5.113.0/scalable/emblems/emblem-unlocked.svg	pass	7530	2396	5134
svgs/oxygen-icons-5.113.0/scalable/emblems/emblem-unmounted.svg	pass	7731	2290	5441
svgs/oxygen-icons-5.113.0/scalable/emblems/image-has-versions-open.svg	pass	107703	3053	104650
svgs/oxygen-icons-5.113.0/scalable/emblems/image-has-versions.svg	pass	56185	2795	53390
svgs/oxygen-icons-5.113.0/scalable/emblems/image-stack-open.svg	pass	107451	2500	104951
svgs/oxygen-icons-5.113.0/scalable/emblems/image-stack.svg	pass	55947	2265	53682
svgs/oxygen-icons-5.113.0/scalable/emblems/small/16x16/emblem-encrypted-locked.svg	pass	12952	4842	8110
svgs/oxygen-icons-5.113.0/scalable/emblems/small/16x16/emblem-encrypted-unlocked.svg	pass	20452	5089	15363
svgs/oxygen-icons-5.113.0/scalable/emblems/small/16x16/emblem-important.svg	pass	49760	4968	44792
svgs/oxygen-icons-5.113.0/scalable/emblems/small/16x16/emblem-link.svg	pass	7118	2508	4610
svgs/oxygen-icons-5.113.0/scalable/emblems/small/16x16/emblem-locked.svg	pass	8382	2507	5875
svgs/oxygen-icons-5.113.0/scalable/emblems/small/16x16/emblem-mounted.svg	pass	8559	3287	5272
svgs/oxygen-icons-5.113.0/scalable/emblems/small/16x16/emblem-new.svg	pass	113695	19375	94320
svgs/oxygen-icons-5.113.0/scalable/emblems/small/16x16/emblem-unlocked.svg	pass	8283	2510	5773
svgs/oxygen-icons-5.113.0/scalable/emblems/small/16x16/emblem-unmounted.svg	pass	8605	2301	6304
svgs/oxygen-icons-5.113.0/scalable/emblems/small/16x16/gpg-key-trust-level-0.svg	pass	11659	4618	7041
svgs/oxygen-icons-5.113.0/scalable/emblems/small/16x16/gpg-key-trust-level-1.svg	pass	11635	4049	7586
svgs/oxygen-icons-5.113.0/scalable/emblems/small/16x16/gpg-key-trust-level-2.svg	pass	11900	4056	7844
svgs/oxygen-icons-5.113.0/scalable/emblems/small/16x16/gpg-key-trust-level-3.svg	pass	12106	4056	8050
svgs/oxygen-icons-5.113.0/scalable/emblems/small/16x16/gpg-key-trust-level-4.svg	pass	16408	5659	10749
svgs/oxygen-icons-5.113.0/scalable/emblems/small/16x16/image-has-versions-open.svg	pass	107196	2038	105158
svgs/oxygen-icons-5.113.0/scalable/emblems/small/16x16/image-has-versions.svg	pass	106171	1825	104346
svgs/oxygen-icons-5.113.0/scalable/emblems/small/16x16/image-stack-open.svg	pass	107171	2038	105133
svgs/oxygen-icons-5.113.0/scalable/emblems/small/16x16/image-stack.svg	pass	106204	1825	104379
svgs/oxygen-icons-5.113.0/scalable/emblems/small/16x16/vcs-added.svg	pass	11532	2112	9420
svgs/oxygen-icons-5.113.0/scalable/emblems/small/16x16/vcs-conflicting.svg	pass	16832	1975	14857
svgs/oxygen-icons-5.113.0/scalable/emblems/small/16x16/vcs-locally-modified-unstaged.svg	pass	12005	2382	9623
svgs/oxygen-icons-5.113.0/scalable/emblems/small/16x16/vcs-locally-modified.svg	pass	12145	2502	9643
svgs/oxygen-icons-5.113.0/scalable/emblems/small/16x16/vcs-normal.svg	pass	30655	2085	28570
svgs/oxygen-icons-5.113.0/scalable/emblems/small/16x16/vcs-removed.svg	pass	22227	2111	20116
svgs/oxygen-icons-5.113.0/scalable/emblems/small/16x16/vcs-update-required.svg	pass	16881	2427	14454
svgs/oxygen-icons-5.113.0/scalable/emblems/small/22x22/emblem-encrypted-locked.svg	pass	13609	3492	10117
svgs/oxygen-icons-5.113.0/scalable/emblems/small/22x22/emblem-encrypted-unlocked.svg	pass	15631	3436	12195
svgs/oxygen-icons-5.113.0/scalable/emblems/small/22x22/emblem-important.svg	pass	49512	5144	44368
svgs/oxygen-icons-5.113.0/scalable/emblems/small/22x22/emblem-link.svg	pass	7231	2654	4577
svgs/oxygen-icons-5.113.0/scalable/emblems/small/22x22/emblem-locked.svg	pass	11118	2709	8409
svgs/oxygen-icons-5.113.0/scalable/emblems/small/22x22/emblem-mounted.svg	pass	12820	3814	9006
svgs/oxygen-icons-5.113.0/scalable/emblems/small/22x22/emblem-new.svg	pass	128008	19544	108464
svgs/oxygen-icons-5.113.0/scalable/emblems/small/22x22/emblem-unlocked.svg	pass	10992	2652	8340
svgs/oxygen-icons-5.113.0/scalable/emblems/small/22x22/emblem-unmounted.svg	pass	10860	2466	8394
svgs/oxygen-icons-5.113.0/scalable/emblems/small/22x22/image-has-versions-open.svg	pass	55504	2272	53232
svgs/oxygen-icons-5.113.0/scalable/emblems/small/22x22/image-has-versions.svg	pass	57462	2781	54681
svgs/oxygen-icons-5.113.0/scalable/emblems/small/22x22/image-stack-open.svg	pass	55690	2272	53418
svgs/oxygen-icons-5.113.0/scalable/emblems/small/22x22/image-stack.svg	pass	55372	2337	53035
svgs/oxygen-icons-5.113.0/scalable/emblems/small/22x22/vcs-added.svg	pass	17510	2012	15498
svgs/oxygen-icons-5.113.0/scalable/emblems/small/22x22/vcs-conflicting.svg	pass	36333	2097	34236
svgs/oxygen-icons-5.113.0/scalable/emblems/small/22x22/vcs-locally-modified-unstaged.svg	pass	15106	2386	12720
svgs/oxygen-icons-5.113.0/scalable/emblems/small/22x22/vcs-locally-modified.svg	pass	15590	2697	12893
svgs/oxygen-icons-5.113.0/scalable/emblems/small/22x22/vcs-normal.svg	pass	53673	2408	51265
svgs/oxygen-icons-5.113.0/scalable/emblems/small/22x22/vcs-removed.svg	pass	23389	2392	20997
svgs/oxygen-icons-5.113.0/scalable/emblems/small/22x22/vcs-update-required.svg	pass	29783	4506	25277
svgs/oxygen-icons-5.113.0/scalable/emblems/small/8x8/emblem-checked.svg	pass	7598	782	6816
svgs/oxygen-icons-5.113.0/scalable/emblems/small/8x8/emblem-encrypted-locked.svg	pass	8702	2158	6544
svgs/oxygen-icons-5.113.0/scalable/emblems/small/8x8/emblem-encrypted-unlocked.svg	pass	9064	2357	6707
svgs/oxygen-icons-5.113.0/scalable/emblems/small/8x8/emblem-important.svg	pass	49457	4966	44491
svgs/oxygen-icons-5.113.0/scalable/emblems/small/8x8/emblem-link.svg	pass	6655	1416	5239
svgs/oxygen-icons-5.113.0/scalable/emblems/small/8x8/emblem-locked.svg	pass	6645	1230	5415
svgs/oxygen-icons-5.113.0/scalable/emblems/small/8x8/emblem-mounted.svg	pass	6347	1342	5005
svgs/oxygen-icons-5.113.0/scalable/emblems/small/8x8/emblem-pause.svg	pass	3801	730	3071
svgs/oxygen-icons-5.113.0/scalable/emblems/small/8x8/emblem-unlocked.svg	pass	6350	1086	5264
svgs/oxygen-icons-5.113.0/scalable/emblems/small/8x8/emblem-unmounted.svg	pass	6444	1034	5410
svgs/oxygen-icons-5.113.0/scalable/emblems/small/8x8/vcs-added.svg	pass	7205	604	6601
svgs/oxygen-icons-5.113.0/scalable/emblems/small/8x8/vcs-conflicting.svg	pass	7964	650	7314
svgs/oxygen-icons-5.113.0/scalable/emblems/small/8x8/vcs-locally-modified-unstaged.svg	pass	7827	731	7096
svgs/oxygen-icons-5.113.0/scalable/emblems/small/8x8/vcs-locally-modified.svg	pass	7531	805	6726
svgs/oxygen-icons-5.113.0/scalable/emblems/small/8x8/vcs-normal.svg	pass	7063	733	6330
svgs/oxygen-icons-5.113.0/scalable/emblems/small/8x8/vcs-removed.svg	pass	7672	733	6939
svgs/oxygen-icons-5.113.0/scalable/emblems/small/8x8/vcs-update-required.svg	pass	7835	809	7026
svgs/oxygen-icons-5.113.0/scalable/emblems/vcs-added.svg	pass	40414	4192	36222
svgs/oxygen-icons-5.113.0/scalable/emblems/vcs-conflicting.svg	pass	43213	4573	38640
svgs/oxygen-icons-5.113.0/scalable/emblems/vcs-locally-modified-unstaged.svg	pass	28899	2727	26172
svgs/oxygen-icons-5.113.0/scalable/emblems/vcs-locally-modified.svg	pass	28319	2428	25891
svgs/oxygen-icons-5.113.0/scalable/emblems/vcs-normal.svg	pass	8538	2176	6362
svgs/oxygen-icons-5.113.0/scalable/emblems/vcs-removed.svg	pass	26552	4154	22398
svgs/oxygen-icons-5.113.0/scalable/emblems/vcs-update-required.svg	pass	51839	2447	49392
svgs/oxygen-icons-5.113.0/scalable/emotes/emotes.svg	pass	359139	160008	199131
svgs/oxygen-icons-5.113.0/scalable/emotes/face-angel.svg	pass	30100	13785	16315
svgs/oxygen-icons-5.113.0/scalable/emotes/face-embarrassed.svg	pass	26651	10644	16007
svgs/oxygen-icons-5.113.0/scalable/emotes/face-kiss.svg	pass	65738	23401	42337
svgs/oxygen-icons-5.113.0/scalable/emotes/face-laugh.svg	pass	40774	20617	20157
svgs/oxygen-icons-5.113.0/scalable/emotes/face-plain.svg	pass	19766	8388	11378
svgs/oxygen-icons-5.113.0/scalable/emotes/face-raspberry.svg	pass	52440	16698	35742
svgs/oxygen-icons-5.113.0/scalable/emotes/face-sad.svg	pass	20820	8664	12156
svgs/oxygen-icons-5.113.0/scalable/emotes/face-smile-big.svg	pass	33778	14044	19734
svgs/oxygen-icons-5.113.0/scalable/emotes/face-smile.svg	pass	21433	10020	11413
svgs/oxygen-icons-5.113.0/scalable/emotes/face-surprise.svg	pass	26571	11893	14678
svgs/oxygen-icons-5.113.0/scalable/emotes/face-uncertain.svg	pass	23253	10703	12550
svgs/oxygen-icons-5.113.0/scalable/emotes/face-wink.svg	pass	38709	13951	24758
svgs/oxygen-icons-5.113.0/scalable/emotes/small/16x16/face-angel.svg	pass	30100	13785	16315
svgs/oxygen-icons-5.113.0/scalable/emotes/small/16x16/face-kiss.svg	pass	63166	21430	41736
svgs/oxygen-icons-5.113.0/scalable/emotes/small/16x16/face-laugh.svg	pass	55651	19360	36291
svgs/oxygen-icons-5.113.0/scalable/emotes/small/16x16/face-raspberry.svg	pass	59985	12966	47019
svgs/oxygen-icons-5.113.0/scalable/emotes/small/16x16/face-sad.svg	pass	20505	8656	11849
svgs/oxygen-icons-5.113.0/scalable/emotes/small/16x16/face-smile-big.svg	pass	37730	15702	22028
svgs/oxygen-icons-5.113.0/scalable/emotes/small/16x16/face-uncertain.svg	pass	30530	10669	19861
svgs/oxygen-icons-5.113.0/scalable/emotes/small/22x22/face-angel.svg	pass	27696	12503	15193
svgs/oxygen-icons-5.113.0/scalable/emotes/small/22x22/face-confused.svg	pass	30605	7045	23560
svgs/oxygen-icons-5.113.0/scalable/emotes/small/22x22/face-crying.svg	pass	30453	10769	19684
svgs/oxygen-icons-5.113.0/scalable/emotes/small/22x22/face-devilish.svg	pass	22050	9347	12703
svgs/oxygen-icons-5.113.0/scalable/emotes/small/22x22/face-embarrassed.svg	pass	18876	6983	11893
svgs/oxygen-icons-5.113.0/scalable/emotes/small/22x22/face-foot-in-mouth.svg	pass	28362	6607	21755
svgs/oxygen-icons-5.113.0/scalable/emotes/small/22x22/face-glasses.svg	pass	28911	12906	16005
svgs/oxygen-icons-5.113.0/scalable/emotes/small/22x22/face-kiss.svg	pass	63131	21373	41758
svgs/oxygen-icons-5.113.0/scalable/emotes/small/22x22/face-laugh.svg	pass	55500	19424	36076
svgs/oxygen-icons-5.113.0/scalable/emotes/small/22x22/face-plain.svg	pass	16622	5694	10928
svgs/oxygen-icons-5.113.0/scalable/emotes/small/22x22/face-raspberry.svg	pass	61899	12948	48951
svgs/oxygen-icons-5.113.0/scalable/emotes/small/22x22/face-sad.svg	pass	20509	8666	11843
svgs/oxygen-icons-5.113.0/scalable/emotes/small/22x22/face-sleep.svg	pass	19387	6855	12532
svgs/oxygen-icons-5.113.0/scalable/emotes/small/22x22/face-smile-big.svg	pass	37383	15364	22019
svgs/oxygen-icons-5.113.0/scalable/emotes/small/22x22/face-smile-gearhead-female.svg	pass	50476	16228	34248
svgs/oxygen-icons-5.113.0/scalable/emotes/small/22x22/face-smile-gearhead-male.svg	pass	68471	15905	52566
svgs/oxygen-icons-5.113.0/scalable/emotes/small/22x22/face-smile.svg	pass	17170	6147	11023
svgs/oxygen-icons-5.113.0/scalable/emotes/small/22x22/face-surprise.svg	pass	16703	5820	10883
svgs/oxygen-icons-5.113.0/scalable/emotes/small/22x22/face-uncertain.svg	pass	26402	9903	16499
svgs/oxygen-icons-5.113.0/scalable/emotes/small/22x22/face-wink.svg	pass	17585	6295	11290
svgs/oxygen-icons-5.113.0/scalable/mimetypes/application-epub+zip.svg	pass	2408632	1966639	441993
svgs/oxygen-icons-5.113.0/scalable/mimetypes/application-illustrator.svg	pass	70976	12531	58445
svgs/oxygen-icons-5.113.0/scalable/mimetypes/application-javascript.svg	pass	99690	22878	76812
svgs/oxygen-icons-5.113.0/scalable/mimetypes/application-msword-template.svg	pass	1657201	915897	741304
svgs/oxygen-icons-5.113.0/scalable/mimetypes/application-msword.svg	pass	1610582	905997	704585
svgs/oxygen-icons-5.113.0/scalable/mimetypes/application-octet-stream.svg	pass	268257	152166	116091
svgs/oxygen-icons-5.113.0/scalable/mimetypes/application-pdf.svg	pass	52854	9476	43378
svgs/oxygen-icons-5.113.0/scalable/mimetypes/application-pgp-encrypted.svg	pass	185526	22767	162759
svgs/oxygen-icons-5.113.0/scalable/mimetypes/application-pgp-keys.svg	pass	405316	80972	324344
svgs/oxygen-icons-5.113.0/scalable/mimetypes/application-pgp-signature.svg	pass	71065	22462	48603
svgs/oxygen-icons-5.113.0/scalable/mimetypes/application-pkcs7-mime.svg	pass	402706	81043	321663
svgs/oxygen-icons-5.113.0/scalable/mimetypes/application-pkcs7-signature.svg	pass	71065	22462	48603
svgs/oxygen-icons-5.113.0/scalable/mimetypes/application-postscript.svg	pass	121170	40675	80495
svgs/oxygen-icons-5.113.0/scalable/mimetypes/application-relaxng.svg	pass	1685920	603837	1082083
svgs/oxygen-icons-5.113.0/scalable/mimetypes/application-rss+xml.svg	pass	19514	9014	10500
svgs/oxygen-icons-5.113.0/scalable/mimetypes/application-rtf.svg	pass	332943	147566	185377
svgs/oxygen-icons-5.113.0/scalable/mimetypes/application-sxw.svg	pass	358130	177623	180507
svgs/oxygen-icons-5.113.0/scalable/mimetypes/application-vnd-google-earth-kml.svg	pass	65006	9909	55097
svgs/oxygen-icons-5.113.0/scalable/mimetypes/application-vnd.iccprofile.svg	pass	193841	53770	140071
svgs/oxygen-icons-5.113.0/scalable/mimetypes/application-vnd.ms-access.svg	pass	243006	64474	178532
svgs/oxygen-icons-5.113.0/scalable/mimetypes/application-vnd.ms-excel.svg	pass	94467	24675	69792
svgs/oxygen-icons-5.113.0/scalable/mimetypes/application-vnd.ms-powerpoint.svg	pass	212135	39005	173130
svgs/oxygen-icons-5.113.0/scalable/mimetypes/application-vnd.oasis.opendocument.chart.svg	pass	257068	66664	190404
svgs/oxygen-icons-5.113.0/scalable/mimetypes/application-vnd.oasis.opendocument.database.svg	pass	714235	172344	541891
svgs/oxygen-icons-5.113.0/scalable/mimetypes/application-vnd.oasis.opendocument.formula-template.svg	pass	385049	170639	214410
svgs/oxygen-icons-5.113.0/scalable/mimetypes/application-vnd.oasis.opendocument.formula.svg	pass	336433	162853	173580
svgs/oxygen-icons-5.113.0/scalable/mimetypes/application-vnd.oasis.opendocument.graphics.svg	pass	186069	36467	149602
svgs/oxygen-icons-5.113.0/scalable/mimetypes/application-vnd.oasis.opendocument.image.svg	pass	314727	118449	196278
svgs/oxygen-icons-5.113.0/scalable/mimetypes/application-vnd.oasis.opendocument.presentation-template.svg	pass	254642	42185	212457
svgs/oxygen-icons-5.113.0/scalable/mimetypes/application-vnd.oasis.opendocument.presentation.svg	pass	207440	35954	171486
svgs/oxygen-icons-5.113.0/scalable/mimetypes/application-vnd.oasis.opendocument.spreadsheet-template.svg	pass	125900	29319	96581
svgs/oxygen-icons-5.113.0/scalable/mimetypes/application-vnd.oasis.opendocument.spreadsheet.svg	pass	86189	22674	63515
svgs/oxygen-icons-5.113.0/scalable/mimetypes/application-vnd.oasis.opendocument.text.svg	pass	1569188	907981	661207
svgs/oxygen-icons-5.113.0/scalable/mimetypes/application-vnd.openxmlformats-officedocument.wordprocessingml.document.svg	pass	1569188	907981	661207
svgs/oxygen-icons-5.113.0/scalable/mimetypes/application-vnd.rn-realmedia.svg	pass	112565	33221	79344
svgs/oxygen-icons-5.113.0/scalable/mimetypes/application-vnd.scribus.svg	pass	568919	139829	429090
svgs/oxygen-icons-5.113.0/scalable/mimetypes/application-vnd.stardivision.calc.svg	pass	86189	22674	63515
svgs/oxygen-icons-5.113.0/scalable/mimetypes/application-vnd.stardivision.draw.svg	pass	314727	118449	196278
svgs/oxygen-icons-5.113.0/scalable/mimetypes/application-vnd.stardivision.mail.svg	pass	909212	427344	481868
svgs/oxygen-icons-5.113.0/scalable/mimetypes/application-vnd.stardivision.math.svg	pass	336433	162853	173580
svgs/oxygen-icons-5.113.0/scalable/mimetypes/application-vnd.sun.xml.calc.svg	pass	86189	22674	63515
svgs/oxygen-icons-5.113.0/scalable/mimetypes/application-vnd.sun.xml.calc.template.svg	pass	125900	29319	96581
svgs/oxygen-icons-5.113.0/scalable/mimetypes/application-vnd.sun.xml.draw.svg	pass	314727	118449	196278
svgs/oxygen-icons-5.113.0/scalable/mimetypes/application-vnd.sun.xml.draw.template.svg	pass	353471	126219	227252
svgs/oxygen-icons-5.113.0/scalable/mimetypes/application-vnd.sun.xml.math.svg	pass	336433	162853	173580
svgs/oxygen-icons-5.113.0/scalable/mimetypes/application-vnd.sun.xml.writer.template.svg	pass	1694720	930339	764381
svgs/oxygen-icons-5.113.0/scalable/mimetypes/application-vnd.wordperfect.svg	pass	1560458	912121	648337
svgs/oxygen-icons-5.113.0/scalable/mimetypes/application-x-7z-compressed.svg	pass	259194	100509	158685
svgs/oxygen-icons-5.113.0/scalable/mimetypes/application-x-abiword.svg	pass	1569188	907981	661207
svgs/oxygen-icons-5.113.0/scalable/mimetypes/application-x-ace.svg	pass	259194	100509	158685
svgs/oxygen-icons-5.113.0/scalable/mimetypes/application-x-applix-spreadsheet.svg	pass	86189	22674	63515
svgs/oxygen-icons-5.113.0/scalable/mimetypes/application-x-applix-word.svg	pass	1530847	881721	649126
svgs/oxygen-icons-5.113.0/scalable/mimetypes/application-x-ar.svg	pass	109368	35789	73579
svgs/oxygen-icons-5.113.0/scalable/mimetypes/application-x-arc.svg	pass	259194	100509	158685
svgs/oxygen-icons-5.113.0/scalable/mimetypes/application-x-archive.svg	pass	109357	35789	73568
svgs/oxygen-icons-5.113.0/scalable/mimetypes/application-x-arj.svg	pass	259194	100509	158685
svgs/oxygen-icons-5.113.0/scalable/mimetypes/application-x-awk.svg	pass	16525	8701	7824
svgs/oxygen-icons-5.113.0/scalable/mimetypes/application-x-bittorrent.svg	pass	257770	125346	132424
svgs/oxygen-icons-5.113.0/scalable/mimetypes/application-x-blender.svg	pass	105766	31016	74750
svgs/oxygen-icons-5.113.0/scalable/mimetypes/application-x-bzdvi.svg	pass	263990	98929	165061
svgs/oxygen-icons-5.113.0/scalable/mimetypes/application-x-bzip-compressed-tar.svg	pass	259194	100509	158685
svgs/oxygen-icons-5.113.0/scalable/mimetypes/application-x-bzip.svg	pass	242757	90284	152473
svgs/oxygen-icons-5.113.0/scalable/mimetypes/application-x-cd-image.svg	pass	166573	58306	108267
svgs/oxygen-icons-5.113.0/scalable/mimetypes/application-x-cda.svg	pass	172805	67900	104905
svgs/oxygen-icons-5.113.0/scalable/mimetypes/application-x-chm.svg	pass	75648	12208	63440
svgs/oxygen-icons-5.113.0/scalable/mimetypes/application-x-compress.svg	pass	242757	90284	152473
svgs/oxygen-icons-5.113.0/scalable/mimetypes/application-x-compressed-tar.svg	pass	110450	36760	73690
svgs/oxygen-icons-5.113.0/scalable/mimetypes/application-x-cpio.svg	pass	109368	35789	73579
svgs/oxygen-icons-5.113.0/scalable/mimetypes/application-x-cue.svg	pass	332179	179179	153000
svgs/oxygen-icons-5.113.0/scalable/mimetypes/application-x-deb.svg	pass	110252	36760	73492
svgs/oxygen-icons-5.113.0/scalable/mimetypes/application-x-designer.svg	pass	179733	56380	123353
svgs/oxygen-icons-5.113.0/scalable/mimetypes/application-x-desktop.svg	pass	87360	40422	46938
svgs/oxygen-icons-5.113.0/scalable/mimetypes/application-x-egon.svg	pass	246742	155225	91517
svgs/oxygen-icons-5.113.0/scalable/mimetypes/application-x-executable-script.svg	pass	951916	44026	907890
svgs/oxygen-icons-5.113.0/scalable/mimetypes/application-x-executable.svg	pass	87360	40422	46938
svgs/oxygen-icons-5.113.0/scalable/mimetypes/application-x-font-afm.svg	pass	124645	28843	95802
svgs/oxygen-icons-5.113.0/scalable/mimetypes/application-x-font-bdf.svg	pass	97112	31815	65297
svgs/oxygen-icons-5.113.0/scalable/mimetypes/application-x-font-otf.svg	pass	105405	34298	71107
svgs/oxygen-icons-5.113.0/scalable/mimetypes/application-x-font-pcf.svg	pass	97112	31815	65297
svgs/oxygen-icons-5.113.0/scalable/mimetypes/application-x-font-snf.svg	pass	97112	31815	65297
svgs/oxygen-icons-5.113.0/scalable/mimetypes/application-x-font-ttf.svg	pass	101745	27228	74517
svgs/oxygen-icons-5.113.0/scalable/mimetypes/application-x-font-type1.svg	pass	124645	28843	95802
svgs/oxygen-icons-5.113.0/scalable/mimetypes/application-x-gnumeric.svg	pass	86189	22674	63515
svgs/oxygen-icons-5.113.0/scalable/mimetypes/application-x-gzdvi.svg	pass	263990	98929	165061
svgs/oxygen-icons-5.113.0/scalable/mimetypes/application-x-gzip.svg	pass	242757	90284	152473
svgs/oxygen-icons-5.113.0/scalable/mimetypes/application-x-gzpostscript.svg	pass	467865	109811	358054
svgs/oxygen-icons-5.113.0/scalable/mimetypes/application-x-it87.svg	pass	193841	53770	140071
svgs/oxygen-icons-5.113.0/scalable/mimetypes/application-x-java-applet.svg	pass	1630899	802986	827913
svgs/oxygen-icons-5.113.0/scalable/mimetypes/application-x-java-archive.svg	pass	110450	36760	73690
svgs/oxygen-icons-5.113.0/scalable/mimetypes/application-x-java.svg	pass	130184	46387	83797
svgs/oxygen-icons-5.113.0/scalable/mimetypes/application-x-javascript.svg	pass	99690	22878	76812
svgs/oxygen-icons-5.113.0/scalable/mimetypes/application-x-k3b.svg	mismatch	319839	181596	138243
svgs/oxygen-icons-5.113.0/scalable/mimetypes/application-x-kcsrc.svg	pass	153904	51215	102689
svgs/oxygen-icons-5.113.0/scalable/mimetypes/application-x-kexi-connectiondata.svg	pass	769022	187831	581191
svgs/oxygen-icons-5.113.0/scalable/mimetypes/application-x-kexiproject-shortcut.svg	pass	769360	188149	581211
svgs/oxygen-icons-5.113.0/scalable/mimetypes/application-x-kexiproject-sqlite.svg	pass	714235	172344	541891
svgs/oxygen-icons-5.113.0/scalable/mimetypes/application-x-kexiproject-sqlite2.svg	pass	714235	172344	541891
svgs/oxygen-icons-5.113.0/scalable/mimetypes/application-x-kexiproject-sqlite3.svg	pass	714235	172344	541891
svgs/oxygen-icons-5.113.0/scalable/mimetypes/application-x-kformula.svg	pass	336433	162853	173580
svgs/oxygen-icons-5.113.0/scalable/mimetypes/application-x-kgetlist.svg	pass	103849	32175	71674
svgs/oxygen-icons-5.113.0/scalable/mimetypes/application-x-kontour.svg	pass	143538	24633	118905
svgs/oxygen-icons-5.113.0/scalable/mimetypes/application-x-kplato.svg	pass	267269	131494	135775
svgs/oxygen-icons-5.113.0/scalable/mimetypes/application-x-krita.svg	pass	259370	95100	164270
svgs/oxygen-icons-5.113.0/scalable/mimetypes/application-x-kvtml.svg	mismatch	80705	9177	71528
svgs/oxygen-icons-5.113.0/scalable/mimetypes/application-x-kword.svg	pass	1569188	907981	661207
svgs/oxygen-icons-5.113.0/scalable/mimetypes/application-x-lha.svg	pass	259194	100509	158685
svgs/oxygen-icons-5.113.0/scalable/mimetypes/application-x-lyx.svg	pass	1515599	884119	631480
svgs/oxygen-icons-5.113.0/scalable/mimetypes/application-x-lzma-compressed-tar.svg	pass	109368	35789	73579
svgs/oxygen-icons-5.113.0/scalable/mimetypes/application-x-lzop.svg	pass	242757	90284	152473
svgs/oxygen-icons-5.113.0/scalable/mimetypes/application-x-m4.svg	pass	268333	119699	148634
svgs/oxygen-icons-5.113.0/scalable/mimetypes/application-x-marble.svg	pass	573840	225676	348164
svgs/oxygen-icons-5.113.0/scalable/mimetypes/application-x-mimearchive.svg	pass	909212	427344	481868
svgs/oxygen-icons-5.113.0/scalable/mimetypes/application-x-mplayer2.svg	pass	112565	33221	79344
svgs/oxygen-icons-5.113.0/scalable/mimetypes/application-x-ms-dos-executable.svg	pass	255270	43746	211524
svgs/oxygen-icons-5.113.0/scalable/mimetypes/application-x-mswinurl.svg	pass	2233979	1121522	1112457
svgs/oxygen-icons-5.113.0/scalable/mimetypes/application-x-mswrite.svg	pass	1558365	879488	678877
svgs/oxygen-icons-5.113.0/scalable/mimetypes/application-x-nzb.svg	pass	69876	13639	56237
svgs/oxygen-icons-5.113.0/scalable/mimetypes/application-x-object.svg	pass	268257	152166	116091
svgs/oxygen-icons-5.113.0/scalable/mimetypes/application-x-pak.svg	pass	242757	90284	152473
svgs/oxygen-icons-5.113.0/scalable/mimetypes/application-x-pem-key.svg	pass	405316	80972	324344
svgs/oxygen-icons-5.113.0/scalable/mimetypes/application-x-perl.svg	pass	903471	511880	391591
svgs/oxygen-icons-5.113.0/scalable/mimetypes/application-x-php.svg	pass	110952	35386	75566
svgs/oxygen-icons-5.113.0/scalable/mimetypes/application-x-plasma.svg	pass	174234	71518	102716
svgs/oxygen-icons-5.113.0/scalable/mimetypes/application-x-python-bytecode.svg	pass	268257	152166	116091
svgs/oxygen-icons-5.113.0/scalable/mimetypes/application-x-qet-element.svg	pass	200781	23918	176863
svgs/oxygen-icons-5.113.0/scalable/mimetypes/application-x-qet-project.svg	pass	260873	58953	201920
svgs/oxygen-icons-5.113.0/scalable/mimetypes/application-x-quattropro.svg	pass	86189	22674	63515
svgs/oxygen-icons-5.113.0/scalable/mimetypes/application-x-rar.svg	pass	259194	100509	158685
svgs/oxygen-icons-5.113.0/scalable/mimetypes/application-x-rpm.svg	pass	110267	36760	73507
svgs/oxygen-icons-5.113.0/scalable/mimetypes/application-x-ruby.svg	pass	249997	70937	179060
svgs/oxygen-icons-5.113.0/scalable/mimetypes/application-x-sharedlib.svg	pass	268257	152166	116091
svgs/oxygen-icons-5.113.0/scalable/mimetypes/application-x-shellscript.svg	pass	135532	13644	121888
svgs/oxygen-icons-5.113.0/scalable/mimetypes/application-x-shockwave-flash.svg	pass	110426	33247	77179
svgs/oxygen-icons-5.113.0/scalable/mimetypes/application-x-siag.svg	pass	86189	22674	63515
svgs/oxygen-icons-5.113.0/scalable/mimetypes/application-x-skg.svg	pass	153258	23583	129675
svgs/oxygen-icons-5.113.0/scalable/mimetypes/application-x-skgc.svg	pass	394525	159424	235101
svgs/oxygen-icons-5.113.0/scalable/mimetypes/application-x-smb-server.svg	pass	172044	64899	107145
svgs/oxygen-icons-5.113.0/scalable/mimetypes/application-x-smb-workgroup.svg	pass	867910	347660	520250
svgs/oxygen-icons-5.113.0/scalable/mimetypes/application-x-sqlite2.svg	pass	714235	172344	541891
svgs/oxygen-icons-5.113.0/scalable/mimetypes/application-x-sqlite3.svg	pass	714235	172344	541891
svgs/oxygen-icons-5.113.0/scalable/mimetypes/application-x-srt.svg	pass	582232	275394	306838
svgs/oxygen-icons-5.113.0/scalable/mimetypes/application-x-srtrip.svg	pass	582232	275394	306838
svgs/oxygen-icons-5.113.0/scalable/mimetypes/application-x-subrip.svg	pass	591671	275400	316271
svgs/oxygen-icons-5.113.0/scalable/mimetypes/application-x-tar.svg	pass	109368	35789	73579
svgs/oxygen-icons-5.113.0/scalable/mimetypes/application-x-tarz.svg	pass	259194	100509	158685
svgs/oxygen-icons-5.113.0/scalable/mimetypes/application-x-tgif.svg	pass	143538	24633	118905
svgs/oxygen-icons-5.113.0/scalable/mimetypes/application-x-trash.svg	pass	83677	15967	67710
svgs/oxygen-icons-5.113.0/scalable/mimetypes/application-x-troff-man.svg	pass	74965	14111	60854
svgs/oxygen-icons-5.113.0/scalable/mimetypes/application-x-tzo.svg	pass	259194	100509	158685
svgs/oxygen-icons-5.113.0/scalable/mimetypes/application-x-wmf.svg	pass	143538	24633	118905
svgs/oxygen-icons-5.113.0/scalable/mimetypes/application-x-zerosize.svg	pass	46842	6649	40193
svgs/oxygen-icons-5.113.0/scalable/mimetypes/application-x-zoo.svg	pass	259194	100509	158685
svgs/oxygen-icons-5.113.0/scalable/mimetypes/application-xhtml+xml.svg	pass	2283031	1125530	1157501
svgs/oxygen-icons-5.113.0/scalable/mimetypes/application-xml.svg	pass	114455	23832	90623
svgs/oxygen-icons-5.113.0/scalable/mimetypes/application-xsd.svg	pass	1741874	855081	886793
svgs/oxygen-icons-5.113.0/scalable/mimetypes/application-xslt+xml.svg	pass	2234484	1120919	1113565
svgs/oxygen-icons-5.113.0/scalable/mimetypes/application-zip.svg	pass	259194	100509	158685
svgs/oxygen-icons-5.113.0/scalable/mimetypes/audio-ac3.svg	pass	284164	72858	211306
svgs/oxygen-icons-5.113.0/scalable/mimetypes/audio-midi.svg	pass	420515	200396	220119
svgs/oxygen-icons-5.113.0/scalable/mimetypes/audio-prs.sid.svg	pass	420515	200396	220119
svgs/oxygen-icons-5.113.0/scalable/mimetypes/audio-vn.rn-realmedia.svg	pass	112565	33221	79344
svgs/oxygen-icons-5.113.0/scalable/mimetypes/audio-vn.rn-realvideo.svg	pass	112565	33221	79344
svgs/oxygen-icons-5.113.0/scalable/mimetypes/audio-vnd.rn-realvideo.svg	pass	112565	33221	79344
svgs/oxygen-icons-5.113.0/scalable/mimetypes/audio-x-adpcm.svg	pass	134764	42907	91857
svgs/oxygen-icons-5.113.0/scalable/mimetypes/audio-x-aiff.svg	pass	134764	42907	91857
svgs/oxygen-icons-5.113.0/scalable/mimetypes/audio-x-flac+ogg.svg	pass	285237	72852	212385
svgs/oxygen-icons-5.113.0/scalable/mimetypes/audio-x-flac.svg	pass	285237	72852	212385
svgs/oxygen-icons-5.113.0/scalable/mimetypes/audio-x-generic.svg	pass	285237	72852	212385
svgs/oxygen-icons-5.113.0/scalable/mimetypes/audio-x-monkey.svg	pass	285237	72852	212385
svgs/oxygen-icons-5.113.0/scalable/mimetypes/audio-x-speex+ogg.svg	pass	211459	74030	137429
svgs/oxygen-icons-5.113.0/scalable/mimetypes/audio-x-wav.svg	pass	134764	42907	91857
svgs/oxygen-icons-5.113.0/scalable/mimetypes/encrypted.svg	pass	412491	83016	329475
svgs/oxygen-icons-5.113.0/scalable/mimetypes/hidef/application-epub+zip.svg	pass	2407260	1965694	441566
svgs/oxygen-icons-5.113.0/scalable/mimetypes/hidef/application-illustrator.svg	pass	68040	12213	55827
svgs/oxygen-icons-5.113.0/scalable/mimetypes/hidef/application-javascript.svg	pass	94397	22456	71941
svgs/oxygen-icons-5.113.0/scalable/mimetypes/hidef/application-msword-template.svg	pass	1618644	922255	696389
svgs/oxygen-icons-5.113.0/scalable/mimetypes/hidef/application-msword.svg	pass	1563068	909737	653331
svgs/oxygen-icons-5.113.0/scalable/mimetypes/hidef/application-octet-stream.svg	pass	847089	497743	349346
svgs/oxygen-icons-5.113.0/scalable/mimetypes/hidef/application-pdf.svg	pass	65840	9317	56523
svgs/oxygen-icons-5.113.0/scalable/mimetypes/hidef/application-pgp-encrypted.svg	pass	157471	21369	136102
svgs/oxygen-icons-5.113.0/scalable/mimetypes/hidef/application-pgp-keys.svg	pass	399967	79886	320081
svgs/oxygen-icons-5.113.0/scalable/mimetypes/hidef/application-pkcs7-mime.svg	pass	401919	80892	321027
svgs/oxygen-icons-5.113.0/scalable/mimetypes/hidef/application-postscript.svg	pass	114012	40231	73781
svgs/oxygen-icons-5.113.0/scalable/mimetypes/hidef/application-relaxng.svg	pass	1675642	603554	1072088
svgs/oxygen-icons-5.113.0/scalable/mimetypes/hidef/application-rtf.svg	pass	247329	135489	111840
svgs/oxygen-icons-5.113.0/scalable/mimetypes/hidef/application-sxw.svg	pass	305833	169044	136789
svgs/oxygen-icons-5.113.0/scalable/mimetypes/hidef/application-vnd-google-earth-kml.svg	pass	52837	8845	43992
svgs/oxygen-icons-5.113.0/scalable/mimetypes/hidef/application-vnd.iccprofile.svg	pass	185641	53281	132360
svgs/oxygen-icons-5.113.0/scalable/mimetypes/hidef/application-vnd.ms-access.svg	pass	712327	173037	539290
svgs/oxygen-icons-5.113.0/scalable/mimetypes/hidef/application-vnd.ms-excel.svg	pass	97306	24978	72328
svgs/oxygen-icons-5.113.0/scalable/mimetypes/hidef/application-vnd.ms-powerpoint.svg	pass	205366	37513	167853
svgs/oxygen-icons-5.113.0/scalable/mimetypes/hidef/application-vnd.oasis.opendocument.chart.svg	pass	250827	65538	185289
svgs/oxygen-icons-5.113.0/scalable/mimetypes/hidef/application-vnd.oasis.opendocument.database.svg	pass	710713	171264	539449
svgs/oxygen-icons-5.113.0/scalable/mimetypes/hidef/application-vnd.oasis.opendocument.formula-template.svg	pass	407323	196482	210841
svgs/oxygen-icons-5.113.0/scalable/mimetypes/hidef/application-vnd.oasis.opendocument.formula.svg	pass	329913	162362	167551
svgs/oxygen-icons-5.113.0/scalable/mimetypes/hidef/application-vnd.oasis.opendocument.graphics.svg	pass	178407	34681	143726
svgs/oxygen-icons-5.113.0/scalable/mimetypes/hidef/application-vnd.oasis.opendocument.image.svg	pass	310668	118259	192409
svgs/oxygen-icons-5.113.0/scalable/mimetypes/hidef/application-vnd.oasis.opendocument.presentation-template.svg	pass	171724	40300	131424
svgs/oxygen-icons-5.113.0/scalable/mimetypes/hidef/application-vnd.oasis.opendocument.presentation.svg	pass	202445	35438	167007
svgs/oxygen-icons-5.113.0/scalable/mimetypes/hidef/application-vnd.oasis.opendocument.spreadsheet-template.svg	pass	151219	36733	114486
svgs/oxygen-icons-5.113.0/scalable/mimetypes/hidef/application-vnd.oasis.opendocument.spreadsheet.svg	pass	94456	23536	70920
svgs/oxygen-icons-5.113.0/scalable/mimetypes/hidef/application-vnd.oasis.opendocument.text.svg	pass	1520123	897035	623088
svgs/oxygen-icons-5.113.0/scalable/mimetypes/hidef/application-vnd.openxmlformats-officedocument.wordprocessingml.document.svg	pass	1520123	897035	623088
svgs/oxygen-icons-5.113.0/scalable/mimetypes/hidef/application-vnd.rn-realmedia.svg	pass	106687	32889	73798
svgs/oxygen-icons-5.113.0/scalable/mimetypes/hidef/application-vnd.scribus.svg	pass	564448	139576	424872
svgs/oxygen-icons-5.113.0/scalable/mimetypes/hidef/application-vnd.stardivision.calc.svg	pass	94456	23536	70920
svgs/oxygen-icons-5.113.0/scalable/mimetypes/hidef/application-vnd.stardivision.draw.svg	pass	310668	118259	192409
svgs/oxygen-icons-5.113.0/scalable/mimetypes/hidef/application-vnd.stardivision.mail.svg	pass	900786	426890	473896
svgs/oxygen-icons-5.113.0/scalable/mimetypes/hidef/application-vnd.stardivision.math.svg	pass	329913	162362	167551
svgs/oxygen-icons-5.113.0/scalable/mimetypes/hidef/application-vnd.sun.xml.calc.svg	pass	94456	23536	70920
svgs/oxygen-icons-5.113.0/scalable/mimetypes/hidef/application-vnd.sun.xml.calc.template.svg	pass	151219	36733	114486
svgs/oxygen-icons-5.113.0/scalable/mimetypes/hidef/application-vnd.sun.xml.draw.svg	pass	310668	118259	192409
svgs/oxygen-icons-5.113.0/scalable/mimetypes/hidef/application-vnd.sun.xml.draw.template.svg	pass	371928	127843	244085
svgs/oxygen-icons-5.113.0/scalable/mimetypes/hidef/application-vnd.sun.xml.math.svg	pass	329913	162362	167551
svgs/oxygen-icons-5.113.0/scalable/mimetypes/hidef/application-vnd.wordperfect.svg	pass	1562016	909033	652983
svgs/oxygen-icons-5.113.0/scalable/mimetypes/hidef/application-x-7z-compressed.svg	pass	254671	101952	152719
svgs/oxygen-icons-5.113.0/scalable/mimetypes/hidef/application-x-abiword.svg	pass	1520123	897035	623088
svgs/oxygen-icons-5.113.0/scalable/mimetypes/hidef/application-x-ace.svg	pass	254671	101952	152719
svgs/oxygen-icons-5.113.0/scalable/mimetypes/hidef/application-x-applix-spreadsheet.svg	pass	94456	23536	70920
svgs/oxygen-icons-5.113.0/scalable/mimetypes/hidef/application-x-applix-word.svg	pass	1492671	882612	610059
svgs/oxygen-icons-5.113.0/scalable/mimetypes/hidef/application-x-ar.svg	pass	103784	35614	68170
svgs/oxygen-icons-5.113.0/scalable/mimetypes/hidef/application-x-arc.svg	pass	254671	101952	152719
svgs/oxygen-icons-5.113.0/scalable/mimetypes/hidef/application-x-archive.svg	pass	103797	35614	68183
svgs/oxygen-icons-5.113.0/scalable/mimetypes/hidef/application-x-arj.svg	pass	254671	101952	152719
svgs/oxygen-icons-5.113.0/scalable/mimetypes/hidef/application-x-bittorrent.svg	pass	173245	77410	95835
svgs/oxygen-icons-5.113.0/scalable/mimetypes/hidef/application-x-blender.svg	pass	101734	30663	71071
svgs/oxygen-icons-5.113.0/scalable/mimetypes/hidef/application-x-bzdvi.svg	pass	251246	99484	151762
svgs/oxygen-icons-5.113.0/scalable/mimetypes/hidef/application-x-bzip-compressed-tar.svg	pass	254671	101952	152719
svgs/oxygen-icons-5.113.0/scalable/mimetypes/hidef/application-x-bzip.svg	pass	236371	89864	146507
svgs/oxygen-icons-5.113.0/scalable/mimetypes/hidef/application-x-cd-image.svg	pass	158246	57523	100723
svgs/oxygen-icons-5.113.0/scalable/mimetypes/hidef/application-x-cda.svg	pass	165041	67347	97694
svgs/oxygen-icons-5.113.0/scalable/mimetypes/hidef/application-x-chm.svg	pass	69815	11900	57915
svgs/oxygen-icons-5.113.0/scalable/mimetypes/hidef/application-x-compress.svg	pass	236371	89864	146507
svgs/oxygen-icons-5.113.0/scalable/mimetypes/hidef/application-x-compressed-tar.svg	pass	105303	36547	68756
svgs/oxygen-icons-5.113.0/scalable/mimetypes/hidef/application-x-cue.svg	pass	330828	178508	152320
svgs/oxygen-icons-5.113.0/scalable/mimetypes/hidef/application-x-deb.svg	pass	105281	36547	68734
svgs/oxygen-icons-5.113.0/scalable/mimetypes/hidef/application-x-designer.svg	pass	174067	55466	118601
svgs/oxygen-icons-5.113.0/scalable/mimetypes/hidef/application-x-desktop.svg	pass	87990	40387	47603
svgs/oxygen-icons-5.113.0/scalable/mimetypes/hidef/application-x-dgn.svg	pass	317778	52719	265059
svgs/oxygen-icons-5.113.0/scalable/mimetypes/hidef/application-x-egon.svg	pass	240717	154213	86504
svgs/oxygen-icons-5.113.0/scalable/mimetypes/hidef/application-x-executable-script.svg	pass	96443	43952	52491
svgs/oxygen-icons-5.113.0/scalable/mimetypes/hidef/application-x-executable.svg	pass	87990	40387	47603
svgs/oxygen-icons-5.113.0/scalable/mimetypes/hidef/application-x-font-afm.svg	pass	115803	28521	87282
svgs/oxygen-icons-5.113.0/scalable/mimetypes/hidef/application-x-font-bdf.svg	pass	83197	31518	51679
svgs/oxygen-icons-5.113.0/scalable/mimetypes/hidef/application-x-font-otf.svg	pass	101197	34063	67134
svgs/oxygen-icons-5.113.0/scalable/mimetypes/hidef/application-x-font-pcf.svg	pass	83214	31518	51696
svgs/oxygen-icons-5.113.0/scalable/mimetypes/hidef/application-x-font-snf.svg	pass	83215	31518	51697
svgs/oxygen-icons-5.113.0/scalable/mimetypes/hidef/application-x-font-ttf.svg	pass	95299	30663	64636
svgs/oxygen-icons-5.113.0/scalable/mimetypes/hidef/application-x-font-type1.svg	pass	115802	28521	87281
svgs/oxygen-icons-5.113.0/scalable/mimetypes/hidef/application-x-gnumeric.svg	pass	94456	23536	70920
svgs/oxygen-icons-5.113.0/scalable/mimetypes/hidef/application-x-gzdvi.svg	pass	251246	99484	151762
svgs/oxygen-icons-5.113.0/scalable/mimetypes/hidef/application-x-gzip.svg	pass	236371	89864	146507
svgs/oxygen-icons-5.113.0/scalable/mimetypes/hidef/application-x-gzpostscript.svg	pass	351770	108779	242991
svgs/oxygen-icons-5.113.0/scalable/mimetypes/hidef/application-x-it87.svg	pass	185641	53281	132360
svgs/oxygen-icons-5.113.0/scalable/mimetypes/hidef/application-x-java-applet.svg	pass	1629387	802960	826427
svgs/oxygen-icons-5.113.0/scalable/mimetypes/hidef/application-x-java-archive.svg	pass	105304	36547	68757
svgs/oxygen-icons-5.113.0/scalable/mimetypes/hidef/application-x-java.svg	pass	124682	45666	79016
svgs/oxygen-icons-5.113.0/scalable/mimetypes/hidef/application-x-javascript.svg	pass	94428	22456	71972
svgs/oxygen-icons-5.113.0/scalable/mimetypes/hidef/application-x-k3b.svg	mismatch	314960	181222	133738
svgs/oxygen-icons-5.113.0/scalable/mimetypes/hidef/application-x-kcsrc.svg	pass	149029	50906	98123
svgs/oxygen-icons-5.113.0/scalable/mimetypes/hidef/application-x-kformula.svg	pass	329913	162362	167551
svgs/oxygen-icons-5.113.0/scalable/mimetypes/hidef/application-x-kgetlist.svg	pass	99369	31786	67583
svgs/oxygen-icons-5.113.0/scalable/mimetypes/hidef/application-x-kontour.svg	pass	136289	22837	113452
svgs/oxygen-icons-5.113.0/scalable/mimetypes/hidef/application-x-kplato.svg	pass	113180	28228	84952
svgs/oxygen-icons-5.113.0/scalable/mimetypes/hidef/application-x-krita.svg	pass	253258	94783	158475
svgs/oxygen-icons-5.113.0/scalable/mimetypes/hidef/application-x-kword.svg	pass	1520123	897035	623088
svgs/oxygen-icons-5.113.0/scalable/mimetypes/hidef/application-x-lha.svg	pass	254671	101952	152719
svgs/oxygen-icons-5.113.0/scalable/mimetypes/hidef/application-x-lyx.svg	pass	1507067	888004	619063
svgs/oxygen-icons-5.113.0/scalable/mimetypes/hidef/application-x-lzop.svg	pass	236371	89864	146507
svgs/oxygen-icons-5.113.0/scalable/mimetypes/hidef/application-x-m4.svg	pass	262366	119377	142989
svgs/oxygen-icons-5.113.0/scalable/mimetypes/hidef/application-x-marble.svg	pass	567465	225388	342077
svgs/oxygen-icons-5.113.0/scalable/mimetypes/hidef/application-x-mimearchive.svg	pass	900786	426890	473896
svgs/oxygen-icons-5.113.0/scalable/mimetypes/hidef/application-x-mplayer2.svg	pass	106687	32889	73798
svgs/oxygen-icons-5.113.0/scalable/mimetypes/hidef/application-x-ms-dos-executable.svg	pass	102964	44051	58913
svgs/oxygen-icons-5.113.0/scalable/mimetypes/hidef/application-x-mswinurl.svg	pass	3409766	1767173	1642593
svgs/oxygen-icons-5.113.0/scalable/mimetypes/hidef/application-x-mswrite.svg	pass	1547184	880872	666312
svgs/oxygen-icons-5.113.0/scalable/mimetypes/hidef/application-x-nzb.svg	pass	64027	13322	50705
svgs/oxygen-icons-5.113.0/scalable/mimetypes/hidef/application-x-object.svg	pass	847089	497743	349346
svgs/oxygen-icons-5.113.0/scalable/mimetypes/hidef/application-x-pak.svg	pass	236371	89864	146507
svgs/oxygen-icons-5.113.0/scalable/mimetypes/hidef/application-x-pem-key.svg	pass	400587	79888	320699
svgs/oxygen-icons-5.113.0/scalable/mimetypes/hidef/application-x-perl.svg	pass	898457	511436	387021
svgs/oxygen-icons-5.113.0/scalable/mimetypes/hidef/application-x-php.svg	pass	105999	34537	71462
svgs/oxygen-icons-5.113.0/scalable/mimetypes/hidef/application-x-plasma.svg	pass	167372	71084	96288
svgs/oxygen-icons-5.113.0/scalable/mimetypes/hidef/application-x-python-bytecode.svg	pass	847089	497743	349346
svgs/oxygen-icons-5.113.0/scalable/mimetypes/hidef/application-x-qet-element.svg	pass	194564	23134	171430
svgs/oxygen-icons-5.113.0/scalable/mimetypes/hidef/application-x-qet-project.svg	pass	261576	58297	203279
svgs/oxygen-icons-5.113.0/scalable/mimetypes/hidef/application-x-quattropro.svg	pass	94456	23536	70920
svgs/oxygen-icons-5.113.0/scalable/mimetypes/hidef/application-x-rar.svg	pass	254671	101952	152719
svgs/oxygen-icons-5.113.0/scalable/mimetypes/hidef/application-x-rpm.svg	pass	105474	36547	68927
svgs/oxygen-icons-5.113.0/scalable/mimetypes/hidef/application-x-ruby.svg	pass	243299	70014	173285
svgs/oxygen-icons-5.113.0/scalable/mimetypes/hidef/application-x-sharedlib.svg	pass	847089	497743	349346
svgs/oxygen-icons-5.113.0/scalable/mimetypes/hidef/application-x-shellscript.svg	pass	131040	13269	117771
svgs/oxygen-icons-5.113.0/scalable/mimetypes/hidef/application-x-shockwave-flash.svg	pass	107895	33805	74090
svgs/oxygen-icons-5.113.0/scalable/mimetypes/hidef/application-x-siag.svg	pass	94456	23536	70920
svgs/oxygen-icons-5.113.0/scalable/mimetypes/hidef/application-x-srt.svg	pass	224688	130048	94640
svgs/oxygen-icons-5.113.0/scalable/mimetypes/hidef/application-x-srtrip.svg	pass	224688	130048	94640
svgs/oxygen-icons-5.113.0/scalable/mimetypes/hidef/application-x-subrip.svg	pass	226806	131207	95599
svgs/oxygen-icons-5.113.0/scalable/mimetypes/hidef/application-x-tar.svg	pass	103784	35614	68170
svgs/oxygen-icons-5.113.0/scalable/mimetypes/hidef/application-x-tarz.svg	pass	254671	101952	152719
svgs/oxygen-icons-5.113.0/scalable/mimetypes/hidef/application-x-tgif.svg	pass	136289	22837	113452
svgs/oxygen-icons-5.113.0/scalable/mimetypes/hidef/application-x-trash.svg	pass	79387	15499	63888
svgs/oxygen-icons-5.113.0/scalable/mimetypes/hidef/application-x-troff-man.svg	pass	77089	24971	52118
svgs/oxygen-icons-5.113.0/scalable/mimetypes/hidef/application-x-tzo.svg	pass	254671	101952	152719
svgs/oxygen-icons-5.113.0/scalable/mimetypes/hidef/application-x-wmf.svg	pass	136289	22837	113452
svgs/oxygen-icons-5.113.0/scalable/mimetypes/hidef/application-x-zerosize.svg	pass	46537	6547	39990
svgs/oxygen-icons-5.113.0/scalable/mimetypes/hidef/application-x-zoo.svg	pass	254671	101952	152719
svgs/oxygen-icons-5.113.0/scalable/mimetypes/hidef/application-xhtml+xml.svg	pass	2278467	1124933	1153534
svgs/oxygen-icons-5.113.0/scalable/mimetypes/hidef/application-xml.svg	pass	114960	28625	86335
svgs/oxygen-icons-5.113.0/scalable/mimetypes/hidef/application-xsd.svg	pass	1734807	853423	881384
svgs/oxygen-icons-5.113.0/scalable/mimetypes/hidef/application-xslt+xml.svg	pass	2228094	1120416	1107678
svgs/oxygen-icons-5.113.0/scalable/mimetypes/hidef/application-zip.svg	pass	254671	101952	152719
svgs/oxygen-icons-5.113.0/scalable/mimetypes/hidef/audio-ac3.svg	pass	648625	240480	408145
svgs/oxygen-icons-5.113.0/scalable/mimetypes/hidef/audio-midi.svg	pass	417833	200023	217810
svgs/oxygen-icons-5.113.0/scalable/mimetypes/hidef/audio-prs.sid.svg	pass	417837	200023	217814
svgs/oxygen-icons-5.113.0/scalable/mimetypes/hidef/audio-vn.rn-realmedia.svg	pass	106687	32889	73798
svgs/oxygen-icons-5.113.0/scalable/mimetypes/hidef/audio-vn.rn-realvideo.svg	pass	106687	32889	73798
svgs/oxygen-icons-5.113.0/scalable/mimetypes/hidef/audio-vnd.rn-realvideo.svg	pass	106687	32889	73798
svgs/oxygen-icons-5.113.0/scalable/mimetypes/hidef/audio-x-adpcm.svg	pass	129840	42544	87296
svgs/oxygen-icons-5.113.0/scalable/mimetypes/hidef/audio-x-aiff.svg	pass	129840	42544	87296
svgs/oxygen-icons-5.113.0/scalable/mimetypes/hidef/audio-x-flac+ogg.svg	pass	651636	243493	408143
svgs/oxygen-icons-5.113.0/scalable/mimetypes/hidef/audio-x-flac.svg	pass	651636	243493	408143
svgs/oxygen-icons-5.113.0/scalable/mimetypes/hidef/audio-x-generic.svg	pass	651636	243493	408143
svgs/oxygen-icons-5.113.0/scalable/mimetypes/hidef/audio-x-monkey.svg	pass	651636	243493	408143
svgs/oxygen-icons-5.113.0/scalable/mimetypes/hidef/audio-x-speex+ogg.svg	pass	205592	73032	132560
svgs/oxygen-icons-5.113.0/scalable/mimetypes/hidef/audio-x-wav.svg	pass	129840	42544	87296
svgs/oxygen-icons-5.113.0/scalable/mimetypes/hidef/encrypted.svg	pass	408520	81101	327419
svgs/oxygen-icons-5.113.0/scalable/mimetypes/hidef/image-svg+xml-compressed.svg	pass	367310	108633	258677
svgs/oxygen-icons-5.113.0/scalable/mimetypes/hidef/image-svg+xml.svg	pass	136289	22837	113452
svgs/oxygen-icons-5.113.0/scalable/mimetypes/hidef/image-vnd.dwg.svg	pass	321481	54544	266937
svgs/oxygen-icons-5.113.0/scalable/mimetypes/hidef/image-x-adobe-dng.svg	pass	689971	556804	133167
svgs/oxygen-icons-5.113.0/scalable/mimetypes/hidef/image-x-eps.svg	pass	135939	22666	113273
svgs/oxygen-icons-5.113.0/scalable/mimetypes/hidef/image-x-generic.svg	pass	240310	153930	86380
svgs/oxygen-icons-5.113.0/scalable/mimetypes/hidef/image-x-vnd.trolltech.qpicture.svg	pass	136525	22994	113531
svgs/oxygen-icons-5.113.0/scalable/mimetypes/hidef/image-x-xfig.svg	pass	136289	22837	113452
svgs/oxygen-icons-5.113.0/scalable/mimetypes/hidef/inode-directory.svg	pass	138076	122616	15460
svgs/oxygen-icons-5.113.0/scalable/mimetypes/hidef/message-news.svg	pass	275669	9508	266161
svgs/oxygen-icons-5.113.0/scalable/mimetypes/hidef/message-partial.svg	pass	922859	428674	494185
svgs/oxygen-icons-5.113.0/scalable/mimetypes/hidef/message-rfc822.svg	pass	900786	426890	473896
svgs/oxygen-icons-5.113.0/scalable/mimetypes/hidef/message-x-gnu-rmail.svg	pass	900786	426890	473896
svgs/oxygen-icons-5.113.0/scalable/mimetypes/hidef/message.svg	pass	900786	426890	473896
svgs/oxygen-icons-5.113.0/scalable/mimetypes/hidef/mime2.svg	pass	46488	6547	39941
svgs/oxygen-icons-5.113.0/scalable/mimetypes/hidef/package-x-generic.svg	pass	103784	35614	68170
svgs/oxygen-icons-5.113.0/scalable/mimetypes/hidef/text-calendar.svg	pass	143498	37539	105959
svgs/oxygen-icons-5.113.0/scalable/mimetypes/hidef/text-css.svg	pass	1918246	876431	1041815
svgs/oxygen-icons-5.113.0/scalable/mimetypes/hidef/text-csv.svg	pass	100864	27993	72871
svgs/oxygen-icons-5.113.0/scalable/mimetypes/hidef/text-directory.svg	pass	585902	57616	528286
svgs/oxygen-icons-5.113.0/scalable/mimetypes/hidef/text-enriched.svg	pass	247329	135489	111840
svgs/oxygen-icons-5.113.0/scalable/mimetypes/hidef/text-html.svg	pass	3409766	1767173	1642593
svgs/oxygen-icons-5.113.0/scalable/mimetypes/hidef/text-mathml.svg	pass	321711	170409	151302
svgs/oxygen-icons-5.113.0/scalable/mimetypes/hidef/text-plain.svg	pass	187819	115018	72801
svgs/oxygen-icons-5.113.0/scalable/mimetypes/hidef/text-rdf+xml.svg	pass	2644990	1417590	1227400
svgs/oxygen-icons-5.113.0/scalable/mimetypes/hidef/text-rdf.svg	pass	2644990	1417590	1227400
svgs/oxygen-icons-5.113.0/scalable/mimetypes/hidef/text-rtf.svg	pass	1492671	882612	610059
svgs/oxygen-icons-5.113.0/scalable/mimetypes/hidef/text-sgml.svg	pass	491405	215167	276238
svgs/oxygen-icons-5.113.0/scalable/mimetypes/hidef/text-troff.svg	pass	1909215	1699645	209570
svgs/oxygen-icons-5.113.0/scalable/mimetypes/hidef/text-vcalendar.svg	pass	295113	156733	138380
svgs/oxygen-icons-5.113.0/scalable/mimetypes/hidef/text-vnd.abc.svg	pass	645945	238310	407635
svgs/oxygen-icons-5.113.0/scalable/mimetypes/hidef/text-vnd.wap.wml.svg	pass	1675639	603554	1072085
svgs/oxygen-icons-5.113.0/scalable/mimetypes/hidef/text-x-adasrc.svg	pass	95046	25872	69174
svgs/oxygen-icons-5.113.0/scalable/mimetypes/hidef/text-x-authors.svg	pass	506648	221379	285269
svgs/oxygen-icons-5.113.0/scalable/mimetypes/hidef/text-x-bibtex.svg	pass	60044	14355	45689
svgs/oxygen-icons-5.113.0/scalable/mimetypes/hidef/text-x-c++hdr.svg	pass	97194	24008	73186
svgs/oxygen-icons-5.113.0/scalable/mimetypes/hidef/text-x-c++src.svg	pass	80400	21847	58553
svgs/oxygen-icons-5.113.0/scalable/mimetypes/hidef/text-x-changelog.svg	pass	187819	115018	72801
svgs/oxygen-icons-5.113.0/scalable/mimetypes/hidef/text-x-chdr.svg	pass	88238	18200	70038
svgs/oxygen-icons-5.113.0/scalable/mimetypes/hidef/text-x-cmake.svg	pass	558821	252003	306818
svgs/oxygen-icons-5.113.0/scalable/mimetypes/hidef/text-x-copying.png.svg	pass	570539	225743	344796
svgs/oxygen-icons-5.113.0/scalable/mimetypes/hidef/text-x-copying.svg	pass	570535	225743	344792
svgs/oxygen-icons-5.113.0/scalable/mimetypes/hidef/text-x-csharp.svg	pass	100806	33606	67200
svgs/oxygen-icons-5.113.0/scalable/mimetypes/hidef/text-x-csrc.svg	pass	75995	22048	53947
svgs/oxygen-icons-5.113.0/scalable/mimetypes/hidef/text-x-dtd.svg	pass	1675642	603554	1072088
svgs/oxygen-icons-5.113.0/scalable/mimetypes/hidef/text-x-generic.svg	pass	491405	215167	276238
svgs/oxygen-icons-5.113.0/scalable/mimetypes/hidef/text-x-haskell.svg	pass	386165	188290	197875
svgs/oxygen-icons-5.113.0/scalable/mimetypes/hidef/text-x-hex.svg	pass	64256	13701	50555
svgs/oxygen-icons-5.113.0/scalable/mimetypes/hidef/text-x-install.svg	pass	568520	234928	333592
svgs/oxygen-icons-5.113.0/scalable/mimetypes/hidef/text-x-java.svg	pass	272739	99616	173123
svgs/oxygen-icons-5.113.0/scalable/mimetypes/hidef/text-x-katefilelist.svg	pass	512045	220516	291529
svgs/oxygen-icons-5.113.0/scalable/mimetypes/hidef/text-x-ldif.svg	pass	1211591	190157	1021434
svgs/oxygen-icons-5.113.0/scalable/mimetypes/hidef/text-x-lilypond.svg	pass	553621	275481	278140
svgs/oxygen-icons-5.113.0/scalable/mimetypes/hidef/text-x-log-t.svg	pass	252764	134309	118455
svgs/oxygen-icons-5.113.0/scalable/mimetypes/hidef/text-x-log.svg	pass	250198	135876	114322
svgs/oxygen-icons-5.113.0/scalable/mimetypes/hidef/text-x-makefile.svg	pass	469588	171624	297964
svgs/oxygen-icons-5.113.0/scalable/mimetypes/hidef/text-x-nfo.svg	pass	491405	215167	276238
svgs/oxygen-icons-5.113.0/scalable/mimetypes/hidef/text-x-objchdr.svg	pass	88234	18200	70034
svgs/oxygen-icons-5.113.0/scalable/mimetypes/hidef/text-x-objcsrc.svg	pass	75995	22048	53947
svgs/oxygen-icons-5.113.0/scalable/mimetypes/hidef/text-x-pascal.svg	pass	2748272	2082867	665405
svgs/oxygen-icons-5.113.0/scalable/mimetypes/hidef/text-x-patch.svg	pass	243610	47000	196610
svgs/oxygen-icons-5.113.0/scalable/mimetypes/hidef/text-x-po.svg	pass	789933	524001	265932
svgs/oxygen-icons-5.113.0/scalable/mimetypes/hidef/text-x-python.svg	pass	129770	43499	86271
svgs/oxygen-icons-5.113.0/scalable/mimetypes/hidef/text-x-qml.svg	pass	80863	24804	56059
svgs/oxygen-icons-5.113.0/scalable/mimetypes/hidef/text-x-readme.svg	pass	604095	326955	277140
svgs/oxygen-icons-5.113.0/scalable/mimetypes/hidef/text-x-rpm-spec.svg	pass	106942	34116	72826
svgs/oxygen-icons-5.113.0/scalable/mimetypes/hidef/text-x-script.svg	pass	1931031	1060175	870856
svgs/oxygen-icons-5.113.0/scalable/mimetypes/hidef/text-x-sql.svg	pass	144059	39553	104506
svgs/oxygen-icons-5.113.0/scalable/mimetypes/hidef/text-x-tex.svg	pass	60036	14355	45681
svgs/oxygen-icons-5.113.0/scalable/mimetypes/hidef/text-x-texinfo.svg	pass	354715	137210	217505
svgs/oxygen-icons-5.113.0/scalable/mimetypes/hidef/text-x-vcard.svg	pass	552648	58785	493863
svgs/oxygen-icons-5.113.0/scalable/mimetypes/hidef/text-x-xslfo.svg	pass	1675642	603554	1072088
svgs/oxygen-icons-5.113.0/scalable/mimetypes/hidef/text-xmcd.svg	pass	165041	67347	97694
svgs/oxygen-icons-5.113.0/scalable/mimetypes/hidef/text-xml.svg	pass	111972	28378	83594
svgs/oxygen-icons-5.113.0/scalable/mimetypes/hidef/unknown.svg	pass	58865	12020	46845
svgs/oxygen-icons-5.113.0/scalable/mimetypes/hidef/uri-mms.svg	pass	1680169	795273	884896
svgs/oxygen-icons-5.113.0/scalable/mimetypes/hidef/uri-mmst.svg	pass	1680169	795273	884896
svgs/oxygen-icons-5.113.0/scalable/mimetypes/hidef/uri-mmsu.svg	pass	1680169	795273	884896
svgs/oxygen-icons-5.113.0/scalable/mimetypes/hidef/uri-pnm.svg	pass	1680169	795273	884896
svgs/oxygen-icons-5.113.0/scalable/mimetypes/hidef/uri-rtspt.svg	pass	1680169	795273	884896
svgs/oxygen-icons-5.113.0/scalable/mimetypes/hidef/uri-rtspu.svg	pass	1680169	795273	884896
svgs/oxygen-icons-5.113.0/scalable/mimetypes/hidef/video-x-generic.svg	pass	106687	32889	73798
svgs/oxygen-icons-5.113.0/scalable/mimetypes/hidef/video-x-mng.svg	pass	240310	153930	86380
svgs/oxygen-icons-5.113.0/scalable/mimetypes/hidef/x-kde-nsplugin-generated.svg	pass	139947	45089	94858
svgs/oxygen-icons-5.113.0/scalable/mimetypes/hidef/x-media-podcast.svg	pass	143404	33438	109966
svgs/oxygen-icons-5.113.0/scalable/mimetypes/hidef/x-office-address-book.svg	pass	3024953	2351222	673731
svgs/oxygen-icons-5.113.0/scalable/mimetypes/hidef/x-office-calendar.svg	pass	295113	156733	138380
svgs/oxygen-icons-5.113.0/scalable/mimetypes/hidef/x-office-document.svg	pass	203188	125249	77939
svgs/oxygen-icons-5.113.0/scalable/mimetypes/hidef/x-office-spreadsheet.svg	pass	94456	23536	70920
svgs/oxygen-icons-5.113.0/scalable/mimetypes/image-svg+xml-compressed.svg	pass	448992	108631	340361
svgs/oxygen-icons-5.113.0/scalable/mimetypes/image-svg+xml.svg	pass	143538	24633	118905
svgs/oxygen-icons-5.113.0/scalable/mimetypes/image-vnd.dgn.svg	pass	280514	39868	240646
svgs/oxygen-icons-5.113.0/scalable/mimetypes/image-vnd.dwg.svg	pass	280195	39868	240327
svgs/oxygen-icons-5.113.0/scalable/mimetypes/image-x-adobe-dng.svg	pass	689979	556821	133158
svgs/oxygen-icons-5.113.0/scalable/mimetypes/image-x-eps.svg	pass	143496	24755	118741
svgs/oxygen-icons-5.113.0/scalable/mimetypes/image-x-generic.svg	pass	246742	155225	91517
svgs/oxygen-icons-5.113.0/scalable/mimetypes/image-x-vnd.trolltech.qpicture.svg	pass	144355	24765	119590
svgs/oxygen-icons-5.113.0/scalable/mimetypes/image-x-xfig.svg	pass	143538	24633	118905
svgs/oxygen-icons-5.113.0/scalable/mimetypes/inode-directory.svg	pass	135983	121333	14650
svgs/oxygen-icons-5.113.0/scalable/mimetypes/message-news.svg	pass	276523	9991	266532
svgs/oxygen-icons-5.113.0/scalable/mimetypes/message-partial.svg	pass	922861	428688	494173
svgs/oxygen-icons-5.113.0/scalable/mimetypes/message-rfc822.svg	pass	909212	427344	481868
svgs/oxygen-icons-5.113.0/scalable/mimetypes/message-x-gnu-rmail.svg	pass	909212	427344	481868
svgs/oxygen-icons-5.113.0/scalable/mimetypes/message.svg	pass	909212	427344	481868
svgs/oxygen-icons-5.113.0/scalable/mimetypes/mime2.svg	pass	46516	6537	39979
svgs/oxygen-icons-5.113.0/scalable/mimetypes/package-x-generic.svg	pass	109368	35789	73579
svgs/oxygen-icons-5.113.0/scalable/mimetypes/small/16x16/application-epub+zip.svg	pass	2783426	2319949	463477
svgs/oxygen-icons-5.113.0/scalable/mimetypes/small/16x16/application-illustrator.svg	pass	22879	10638	12241
svgs/oxygen-icons-5.113.0/scalable/mimetypes/small/16x16/application-javascript.svg	pass	32851	10149	22702
svgs/oxygen-icons-5.113.0/scalable/mimetypes/small/16x16/application-msword-template.svg	pass	220131	101920	118211
svgs/oxygen-icons-5.113.0/scalable/mimetypes/small/16x16/application-msword.svg	pass	219621	101281	118340
svgs/oxygen-icons-5.113.0/scalable/mimetypes/small/16x16/application-octet-stream.svg	pass	39531	13677	25854
svgs/oxygen-icons-5.113.0/scalable/mimetypes/small/16x16/application-pdf.svg	pass	20103	9735	10368
svgs/oxygen-icons-5.113.0/scalable/mimetypes/small/16x16/application-pgp-encrypted.svg	pass	191474	9855	181619
svgs/oxygen-icons-5.113.0/scalable/mimetypes/small/16x16/application-pgp-keys.svg	pass	465544	75000	390544
svgs/oxygen-icons-5.113.0/scalable/mimetypes/small/16x16/application-pkcs7-mime.svg	pass	465544	75000	390544
svgs/oxygen-icons-5.113.0/scalable/mimetypes/small/16x16/application-postscript.svg	pass	54338	22871	31467
svgs/oxygen-icons-5.113.0/scalable/mimetypes/small/16x16/application-relaxng.svg	pass	511410	202594	308816
svgs/oxygen-icons-5.113.0/scalable/mimetypes/small/16x16/application-rss+xml.svg	pass	22949	9824	13125
svgs/oxygen-icons-5.113.0/scalable/mimetypes/small/16x16/application-rtf.svg	pass	191081	118126	72955
svgs/oxygen-icons-5.113.0/scalable/mimetypes/small/16x16/application-sxw.svg	pass	300299	149882	150417
svgs/oxygen-icons-5.113.0/scalable/mimetypes/small/16x16/application-vnd-google-earth-kml.svg	pass	25453	12109	13344
svgs/oxygen-icons-5.113.0/scalable/mimetypes/small/16x16/application-vnd.iccprofile.svg	pass	97089	32451	64638
svgs/oxygen-icons-5.113.0/scalable/mimetypes/small/16x16/application-vnd.ms-access.svg	pass	84091	12965	71126
svgs/oxygen-icons-5.113.0/scalable/mimetypes/small/16x16/application-vnd.ms-excel.svg	pass	42953	11154	31799
svgs/oxygen-icons-5.113.0/scalable/mimetypes/small/16x16/application-vnd.ms-powerpoint.svg	pass	33973	12833	21140
svgs/oxygen-icons-5.113.0/scalable/mimetypes/small/16x16/application-vnd.oasis.opendocument.chart.svg	pass	79393	25069	54324
svgs/oxygen-icons-5.113.0/scalable/mimetypes/small/16x16/application-vnd.oasis.opendocument.database.svg	pass	23912	10945	12967
svgs/oxygen-icons-5.113.0/scalable/mimetypes/small/16x16/application-vnd.oasis.opendocument.formula-template.svg	pass	33137	9930	23207
svgs/oxygen-icons-5.113.0/scalable/mimetypes/small/16x16/application-vnd.oasis.opendocument.formula.svg	pass	33509	9303	24206
svgs/oxygen-icons-5.113.0/scalable/mimetypes/small/16x16/application-vnd.oasis.opendocument.graphics.svg	pass	39097	16335	22762
svgs/oxygen-icons-5.113.0/scalable/mimetypes/small/16x16/application-vnd.oasis.opendocument.image.svg	pass	145374	21891	123483
svgs/oxygen-icons-5.113.0/scalable/mimetypes/small/16x16/application-vnd.oasis.opendocument.presentation-template.svg	pass	103290	14613	88677
svgs/oxygen-icons-5.113.0/scalable/mimetypes/small/16x16/application-vnd.oasis.opendocument.presentation.svg	pass	103645	13974	89671
svgs/oxygen-icons-5.113.0/scalable/mimetypes/small/16x16/application-vnd.oasis.opendocument.spreadsheet-template.svg	pass	29762	10134	19628
svgs/oxygen-icons-5.113.0/scalable/mimetypes/small/16x16/application-vnd.oasis.opendocument.spreadsheet.svg	pass	28785	9300	19485
svgs/oxygen-icons-5.113.0/scalable/mimetypes/small/16x16/application-vnd.oasis.opendocument.text-template.svg	pass	193421	99609	93812
svgs/oxygen-icons-5.113.0/scalable/mimetypes/small/16x16/application-vnd.oasis.opendocument.text.svg	pass	216941	99235	117706
svgs/oxygen-icons-5.113.0/scalable/mimetypes/small/16x16/application-vnd.openxmlformats-officedocument.wordprocessingml.document.svg	pass	216941	99235	117706
svgs/oxygen-icons-5.113.0/scalable/mimetypes/small/16x16/application-vnd.rn-realmedia.svg	pass	216717	15772	200945
svgs/oxygen-icons-5.113.0/scalable/mimetypes/small/16x16/application-vnd.scribus.svg	pass	205754	10276	195478
svgs/oxygen-icons-5.113.0/scalable/mimetypes/small/16x16/application-vnd.stardivision.calc.svg	pass	28785	9300	19485
svgs/oxygen-icons-5.113.0/scalable/mimetypes/small/16x16/application-vnd.stardivision.draw.svg	pass	145374	21891	123483
svgs/oxygen-icons-5.113.0/scalable/mimetypes/small/16x16/application-vnd.stardivision.mail.svg	pass	108530	21094	87436
svgs/oxygen-icons-5.113.0/scalable/mimetypes/small/16x16/application-vnd.stardivision.math.svg	pass	33509	9303	24206
svgs/oxygen-icons-5.113.0/scalable/mimetypes/small/16x16/application-vnd.sun.xml.calc.svg	pass	28785	9300	19485
svgs/oxygen-icons-5.113.0/scalable/mimetypes/small/16x16/application-vnd.sun.xml.calc.template.svg	pass	29762	10134	19628
svgs/oxygen-icons-5.113.0/scalable/mimetypes/small/16x16/application-vnd.sun.xml.draw.svg	pass	145374	21891	123483
svgs/oxygen-icons-5.113.0/scalable/mimetypes/small/16x16/application-vnd.sun.xml.draw.template.svg	pass	158636	23682	134954
svgs/oxygen-icons-5.113.0/scalable/mimetypes/small/16x16/application-vnd.sun.xml.math.svg	pass	33509	9303	24206
svgs/oxygen-icons-5.113.0/scalable/mimetypes/small/16x16/application-vnd.wordperfect.svg	pass	218685	100746	117939
svgs/oxygen-icons-5.113.0/scalable/mimetypes/small/16x16/application-x-7z-compressed.svg	pass	217475	67238	150237
svgs/oxygen-icons-5.113.0/scalable/mimetypes/small/16x16/application-x-abiword.svg	pass	216941	99235	117706
svgs/oxygen-icons-5.113.0/scalable/mimetypes/small/16x16/application-x-ace.svg	pass	217475	67238	150237
svgs/oxygen-icons-5.113.0/scalable/mimetypes/small/16x16/application-x-applix-spreadsheet.svg	pass	28785	9300	19485
svgs/oxygen-icons-5.113.0/scalable/mimetypes/small/16x16/application-x-applix-word.svg	pass	201050	100396	100654
svgs/oxygen-icons-5.113.0/scalable/mimetypes/small/16x16/application-x-ar.svg	pass	42042	18295	23747
svgs/oxygen-icons-5.113.0/scalable/mimetypes/small/16x16/application-x-arc.svg	pass	217475	67238	150237
svgs/oxygen-icons-5.113.0/scalable/mimetypes/small/16x16/application-x-archive.svg	pass	42042	18295	23747
svgs/oxygen-icons-5.113.0/scalable/mimetypes/small/16x16/application-x-arj.svg	pass	217475	67238	150237
svgs/oxygen-icons-5.113.0/scalable/mimetypes/small/16x16/application-x-awk.svg	pass	9491	4169	5322
svgs/oxygen-icons-5.113.0/scalable/mimetypes/small/16x16/application-x-bittorrent.svg	pass	240686	119043	121643
svgs/oxygen-icons-5.113.0/scalable/mimetypes/small/16x16/application-x-blender.svg	pass	50679	21230	29449
svgs/oxygen-icons-5.113.0/scalable/mimetypes/small/16x16/application-x-bzdvi.svg	pass	215213	66115	149098
svgs/oxygen-icons-5.113.0/scalable/mimetypes/small/16x16/application-x-bzip-compressed-tar.svg	pass	217475	67238	150237
svgs/oxygen-icons-5.113.0/scalable/mimetypes/small/16x16/application-x-bzip.svg	pass	290690	57264	233426
svgs/oxygen-icons-5.113.0/scalable/mimetypes/small/16x16/application-x-cd-image.svg	pass	45153	22107	23046
svgs/oxygen-icons-5.113.0/scalable/mimetypes/small/16x16/application-x-cda.svg	pass	63116	30409	32707
svgs/oxygen-icons-5.113.0/scalable/mimetypes/small/16x16/application-x-chm.svg	pass	32117	10248	21869
svgs/oxygen-icons-5.113.0/scalable/mimetypes/small/16x16/application-x-compress.svg	pass	290690	57264	233426
svgs/oxygen-icons-5.113.0/scalable/mimetypes/small/16x16/application-x-compressed-tar.svg	pass	84195	20963	63232
svgs/oxygen-icons-5.113.0/scalable/mimetypes/small/16x16/application-x-cpio.svg	pass	42042	18295	23747
svgs/oxygen-icons-5.113.0/scalable/mimetypes/small/16x16/application-x-cue.svg	pass	294790	141827	152963
svgs/oxygen-icons-5.113.0/scalable/mimetypes/small/16x16/application-x-deb.svg	pass	97421	22044	75377
svgs/oxygen-icons-5.113.0/scalable/mimetypes/small/16x16/application-x-designer.svg	pass	109026	40931	68095
svgs/oxygen-icons-5.113.0/scalable/mimetypes/small/16x16/application-x-desktop.svg	pass	99919	43540	56379
svgs/oxygen-icons-5.113.0/scalable/mimetypes/small/16x16/application-x-egon.svg	pass	77974	38840	39134
svgs/oxygen-icons-5.113.0/scalable/mimetypes/small/16x16/application-x-executable-script.svg	pass	192180	46868	145312
svgs/oxygen-icons-5.113.0/scalable/mimetypes/small/16x16/application-x-executable.svg	pass	99919	43540	56379
svgs/oxygen-icons-5.113.0/scalable/mimetypes/small/16x16/application-x-font-afm.svg	pass	41205	15937	25268
svgs/oxygen-icons-5.113.0/scalable/mimetypes/small/16x16/application-x-font-bdf.svg	pass	34507	15804	18703
svgs/oxygen-icons-5.113.0/scalable/mimetypes/small/16x16/application-x-font-otf.svg	pass	50974	19284	31690
svgs/oxygen-icons-5.113.0/scalable/mimetypes/small/16x16/application-x-font-pcf.svg	pass	34507	15804	18703
svgs/oxygen-icons-5.113.0/scalable/mimetypes/small/16x16/application-x-font-snf.svg	pass	34507	15804	18703
svgs/oxygen-icons-5.113.0/scalable/mimetypes/small/16x16/application-x-font-ttf.svg	pass	35648	10204	25444
svgs/oxygen-icons-5.113.0/scalable/mimetypes/small/16x16/application-x-font-type1.svg	pass	41205	15937	25268
svgs/oxygen-icons-5.113.0/scalable/mimetypes/small/16x16/application-x-gnumeric.svg	pass	28785	9300	19485
svgs/oxygen-icons-5.113.0/scalable/mimetypes/small/16x16/application-x-gzdvi.svg	pass	215213	66115	149098
svgs/oxygen-icons-5.113.0/scalable/mimetypes/small/16x16/application-x-gzip.svg	pass	290690	57264	233426
svgs/oxygen-icons-5.113.0/scalable/mimetypes/small/16x16/application-x-gzpostscript.svg	pass	54338	22871	31467
svgs/oxygen-icons-5.113.0/scalable/mimetypes/small/16x16/application-x-it87.svg	pass	97089	32451	64638
svgs/oxygen-icons-5.113.0/scalable/mimetypes/small/16x16/application-x-java-applet.svg	pass	491212	31578	459634
svgs/oxygen-icons-5.113.0/scalable/mimetypes/small/16x16/application-x-java-archive.svg	pass	107713	22051	85662
svgs/oxygen-icons-5.113.0/scalable/mimetypes/small/16x16/application-x-java.svg	pass	491212	31578	459634
svgs/oxygen-icons-5.113.0/scalable/mimetypes/small/16x16/application-x-javascript.svg	pass	32851	10149	22702
svgs/oxygen-icons-5.113.0/scalable/mimetypes/small/16x16/application-x-k3b.svg	pass	228144	169762	58382
svgs/oxygen-icons-5.113.0/scalable/mimetypes/small/16x16/application-x-kcsrc.svg	pass	61977	22814	39163
svgs/oxygen-icons-5.113.0/scalable/mimetypes/small/16x16/application-x-kexi-connectiondata.svg	pass	43188	10125	33063
svgs/oxygen-icons-5.113.0/scalable/mimetypes/small/16x16/application-x-kexiproject-shortcut.svg	pass	46031	11473	34558
svgs/oxygen-icons-5.113.0/scalable/mimetypes/small/16x16/application-x-kexiproject-sqlite.svg	pass	23912	10945	12967
svgs/oxygen-icons-5.113.0/scalable/mimetypes/small/16x16/application-x-kexiproject-sqlite2.svg	pass	23912	10945	12967
svgs/oxygen-icons-5.113.0/scalable/mimetypes/small/16x16/application-x-kexiproject-sqlite3.svg	pass	23912	10945	12967
svgs/oxygen-icons-5.113.0/scalable/mimetypes/small/16x16/application-x-kformula.svg	pass	33509	9303	24206
svgs/oxygen-icons-5.113.0/scalable/mimetypes/small/16x16/application-x-kgetlist.svg	pass	44875	18632	26243
svgs/oxygen-icons-5.113.0/scalable/mimetypes/small/16x16/application-x-kontour.svg	pass	39097	16335	22762
svgs/oxygen-icons-5.113.0/scalable/mimetypes/small/16x16/application-x-kplato.svg	pass	27989	9740	18249
svgs/oxygen-icons-5.113.0/scalable/mimetypes/small/16x16/application-x-krita.svg	pass	135002	62672	72330
svgs/oxygen-icons-5.113.0/scalable/mimetypes/small/16x16/application-x-kword.svg	pass	216941	99235	117706
svgs/oxygen-icons-5.113.0/scalable/mimetypes/small/16x16/application-x-lha.svg	pass	217475	67238	150237
svgs/oxygen-icons-5.113.0/scalable/mimetypes/small/16x16/application-x-lyx.svg	pass	225447	73978	151469
svgs/oxygen-icons-5.113.0/scalable/mimetypes/small/16x16/application-x-lzma-compressed-tar.svg	pass	42042	18295	23747
svgs/oxygen-icons-5.113.0/scalable/mimetypes/small/16x16/application-x-lzop.svg	pass	290690	57264	233426
svgs/oxygen-icons-5.113.0/scalable/mimetypes/small/16x16/application-x-m4.svg	pass	115123	51264	63859
svgs/oxygen-icons-5.113.0/scalable/mimetypes/small/16x16/application-x-marble.svg	pass	440624	226036	214588
svgs/oxygen-icons-5.113.0/scalable/mimetypes/small/16x16/application-x-mimearchive.svg	pass	108530	21094	87436
svgs/oxygen-icons-5.113.0/scalable/mimetypes/small/16x16/application-x-mplayer2.svg	pass	216717	15772	200945
svgs/oxygen-icons-5.113.0/scalable/mimetypes/small/16x16/application-x-ms-dos-executable.svg	pass	192180	46868	145312
svgs/oxygen-icons-5.113.0/scalable/mimetypes/small/16x16/application-x-mswinurl.svg	pass	783030	364838	418192
svgs/oxygen-icons-5.113.0/scalable/mimetypes/small/16x16/application-x-mswrite.svg	pass	331661	195609	136052
svgs/oxygen-icons-5.113.0/scalable/mimetypes/small/16x16/application-x-nzb.svg	pass	67010	34996	32014
svgs/oxygen-icons-5.113.0/scalable/mimetypes/small/16x16/application-x-object.svg	pass	39531	13677	25854
svgs/oxygen-icons-5.113.0/scalable/mimetypes/small/16x16/application-x-pak.svg	pass	290690	57264	233426
svgs/oxygen-icons-5.113.0/scalable/mimetypes/small/16x16/application-x-pem-key.svg	pass	465544	75000	390544
svgs/oxygen-icons-5.113.0/scalable/mimetypes/small/16x16/application-x-perl.svg	pass	448978	258843	190135
svgs/oxygen-icons-5.113.0/scalable/mimetypes/small/16x16/application-x-php.svg	pass	47510	14023	33487
svgs/oxygen-icons-5.113.0/scalable/mimetypes/small/16x16/application-x-plasma.svg	pass	69329	28004	41325
svgs/oxygen-icons-5.113.0/scalable/mimetypes/small/16x16/application-x-python-bytecode.svg	pass	39531	13677	25854
svgs/oxygen-icons-5.113.0/scalable/mimetypes/small/16x16/application-x-python.svg	pass	14728	6926	7802
svgs/oxygen-icons-5.113.0/scalable/mimetypes/small/16x16/application-x-qet-element.svg	pass	463636	118187	345449
svgs/oxygen-icons-5.113.0/scalable/mimetypes/small/16x16/application-x-qet-project.svg	pass	462660	118038	344622
svgs/oxygen-icons-5.113.0/scalable/mimetypes/small/16x16/application-x-quattropro.svg	pass	28785	9300	19485
svgs/oxygen-icons-5.113.0/scalable/mimetypes/small/16x16/application-x-rar.svg	pass	217475	67238	150237
svgs/oxygen-icons-5.113.0/scalable/mimetypes/small/16x16/application-x-rpm.svg	pass	67804	21476	46328
svgs/oxygen-icons-5.113.0/scalable/mimetypes/small/16x16/application-x-ruby.svg	pass	112377	27375	85002
svgs/oxygen-icons-5.113.0/scalable/mimetypes/small/16x16/application-x-sharedlib.svg	pass	39531	13677	25854
svgs/oxygen-icons-5.113.0/scalable/mimetypes/small/16x16/application-x-shellscript.svg	pass	20900	8219	12681
svgs/oxygen-icons-5.113.0/scalable/mimetypes/small/16x16/application-x-shockwave-flash.svg	pass	216717	15772	200945
svgs/oxygen-icons-5.113.0/scalable/mimetypes/small/16x16/application-x-siag.svg	pass	28785	9300	19485
svgs/oxygen-icons-5.113.0/scalable/mimetypes/small/16x16/application-x-sqlite2.svg	pass	23912	10945	12967
svgs/oxygen-icons-5.113.0/scalable/mimetypes/small/16x16/application-x-sqlite3.svg	pass	23912	10945	12967
svgs/oxygen-icons-5.113.0/scalable/mimetypes/small/16x16/application-x-srt.svg	pass	317716	224767	92949
svgs/oxygen-icons-5.113.0/scalable/mimetypes/small/16x16/application-x-srtrip.svg	pass	317716	224767	92949
svgs/oxygen-icons-5.113.0/scalable/mimetypes/small/16x16/application-x-subrip.svg	pass	317716	224767	92949
svgs/oxygen-icons-5.113.0/scalable/mimetypes/small/16x16/application-x-tar.svg	pass	42042	18295	23747
svgs/oxygen-icons-5.113.0/scalable/mimetypes/small/16x16/application-x-tarz.svg	pass	217475	67238	150237
svgs/oxygen-icons-5.113.0/scalable/mimetypes/small/16x16/application-x-tgif.svg	pass	39097	16335	22762
svgs/oxygen-icons-5.113.0/scalable/mimetypes/small/16x16/application-x-trash.svg	pass	49643	20666	28977
svgs/oxygen-icons-5.113.0/scalable/mimetypes/small/16x16/application-x-troff-man.svg	pass	2815335	2327791	487544
svgs/oxygen-icons-5.113.0/scalable/mimetypes/small/16x16/application-x-tzo.svg	pass	217475	67238	150237
svgs/oxygen-icons-5.113.0/scalable/mimetypes/small/16x16/application-x-wmf.svg	pass	39097	16335	22762
svgs/oxygen-icons-5.113.0/scalable/mimetypes/small/16x16/application-x-zerosize.svg	pass	16522	7631	8891
svgs/oxygen-icons-5.113.0/scalable/mimetypes/small/16x16/application-x-zip.svg	pass	205951	62545	143406
svgs/oxygen-icons-5.113.0/scalable/mimetypes/small/16x16/application-x-zoo.svg	pass	217475	67238	150237
svgs/oxygen-icons-5.113.0/scalable/mimetypes/small/16x16/application-xhtml+xml.svg	pass	108314	9633	98681
svgs/oxygen-icons-5.113.0/scalable/mimetypes/small/16x16/application-xml.svg	pass	108314	9633	98681
svgs/oxygen-icons-5.113.0/scalable/mimetypes/small/16x16/application-xsd.svg	pass	653614	272895	380719
svgs/oxygen-icons-5.113.0/scalable/mimetypes/small/16x16/application-xslt+xml.svg	pass	783030	364838	418192
svgs/oxygen-icons-5.113.0/scalable/mimetypes/small/16x16/application-zip.svg	pass	217475	67238	150237
svgs/oxygen-icons-5.113.0/scalable/mimetypes/small/16x16/audio-ac3.svg	pass	40425	16262	24163
svgs/oxygen-icons-5.113.0/scalable/mimetypes/small/16x16/audio-midi.svg	pass	42088	16562	25526
svgs/oxygen-icons-5.113.0/scalable/mimetypes/small/16x16/audio-prs.sid.svg	pass	42088	16562	25526
svgs/oxygen-icons-5.113.0/scalable/mimetypes/small/16x16/audio-vn.rn-realmedia.svg	pass	216717	15772	200945
svgs/oxygen-icons-5.113.0/scalable/mimetypes/small/16x16/audio-vnd.rn-realvideo.svg	pass	216717	15772	200945
svgs/oxygen-icons-5.113.0/scalable/mimetypes/small/16x16/audio-x-adpcm.svg	pass	40425	16262	24163
svgs/oxygen-icons-5.113.0/scalable/mimetypes/small/16x16/audio-x-aiff.svg	pass	40425	16262	24163
svgs/oxygen-icons-5.113.0/scalable/mimetypes/small/16x16/audio-x-flac+ogg.svg	pass	40425	16262	24163
svgs/oxygen-icons-5.113.0/scalable/mimetypes/small/16x16/audio-x-flac.svg	pass	40425	16262	24163
svgs/oxygen-icons-5.113.0/scalable/mimetypes/small/16x16/audio-x-generic.svg	pass	40425	16262	24163
svgs/oxygen-icons-5.113.0/scalable/mimetypes/small/16x16/audio-x-monkey.svg	pass	40425	16262	24163
svgs/oxygen-icons-5.113.0/scalable/mimetypes/small/16x16/audio-x-speex+ogg.svg	pass	130203	61260	68943
svgs/oxygen-icons-5.113.0/scalable/mimetypes/small/16x16/audio-x-wav.svg	pass	40425	16262	24163
svgs/oxygen-icons-5.113.0/scalable/mimetypes/small/16x16/encrypted.svg	pass	465544	75000	390544
svgs/oxygen-icons-5.113.0/scalable/mimetypes/small/16x16/image-svg+xml-compressed.svg	pass	39097	16335	22762
svgs/oxygen-icons-5.113.0/scalable/mimetypes/small/16x16/image-svg+xml.svg	pass	39097	16335	22762
svgs/oxygen-icons-5.113.0/scalable/mimetypes/small/16x16/image-vnd.dgn.svg	pass	39347	8420	30927
svgs/oxygen-icons-5.113.0/scalable/mimetypes/small/16x16/image-vnd.dwg.svg	pass	31052	9074	21978
svgs/oxygen-icons-5.113.0/scalable/mimetypes/small/16x16/image-x-adobe-dng.svg	pass	77974	38840	39134
svgs/oxygen-icons-5.113.0/scalable/mimetypes/small/16x16/image-x-eps.svg	pass	37811	16167	21644
svgs/oxygen-icons-5.113.0/scalable/mimetypes/small/16x16/image-x-generic.svg	pass	77974	38840	39134
svgs/oxygen-icons-5.113.0/scalable/mimetypes/small/16x16/image-x-vnd.trolltech.qpicture.svg	pass	38151	16327	21824
svgs/oxygen-icons-5.113.0/scalable/mimetypes/small/16x16/image-x-xfig.svg	pass	39097	16335	22762
svgs/oxygen-icons-5.113.0/scalable/mimetypes/small/16x16/inode-directory.svg	pass	243394	116119	127275
svgs/oxygen-icons-5.113.0/scalable/mimetypes/small/16x16/message-news.svg	pass	111760	9086	102674
svgs/oxygen-icons-5.113.0/scalable/mimetypes/small/16x16/message-partial.svg	pass	113212	21492	91720
svgs/oxygen-icons-5.113.0/scalable/mimetypes/small/16x16/message-rfc822.svg	pass	108530	21094	87436
svgs/oxygen-icons-5.113.0/scalable/mimetypes/small/16x16/message-x-gnu-rmail.svg	pass	108530	21094	87436
svgs/oxygen-icons-5.113.0/scalable/mimetypes/small/16x16/message.svg	pass	108530	21094	87436
svgs/oxygen-icons-5.113.0/scalable/mimetypes/small/16x16/package-x-generic.svg	pass	42042	18295	23747
svgs/oxygen-icons-5.113.0/scalable/mimetypes/small/16x16/text-calendar.svg	pass	25023	9711	15312
svgs/oxygen-icons-5.113.0/scalable/mimetypes/small/16x16/text-css.svg	pass	317716	224767	92949
svgs/oxygen-icons-5.113.0/scalable/mimetypes/small/16x16/text-csv.svg	pass	28785	9300	19485
svgs/oxygen-icons-5.113.0/scalable/mimetypes/small/16x16/text-directory.svg	pass	81652	39032	42620
svgs/oxygen-icons-5.113.0/scalable/mimetypes/small/16x16/text-enriched.svg	pass	191081	118126	72955
svgs/oxygen-icons-5.113.0/scalable/mimetypes/small/16x16/text-html.svg	pass	783030	364838	418192
svgs/oxygen-icons-5.113.0/scalable/mimetypes/small/16x16/text-mathml.svg	pass	32272	9023	23249
svgs/oxygen-icons-5.113.0/scalable/mimetypes/small/16x16/text-plain.svg	pass	317716	224767	92949
svgs/oxygen-icons-5.113.0/scalable/mimetypes/small/16x16/text-rdf+xml.svg	pass	29886	10734	19152
svgs/oxygen-icons-5.113.0/scalable/mimetypes/small/16x16/text-rdf.svg	pass	29863	10734	19129
svgs/oxygen-icons-5.113.0/scalable/mimetypes/small/16x16/text-rtf.svg	pass	201050	100396	100654
svgs/oxygen-icons-5.113.0/scalable/mimetypes/small/16x16/text-sgml.svg	pass	191081	118126	72955
svgs/oxygen-icons-5.113.0/scalable/mimetypes/small/16x16/text-troff.svg	pass	2815335	2327791	487544
svgs/oxygen-icons-5.113.0/scalable/mimetypes/small/16x16/text-vcalendar.svg	pass	25023	9711	15312
svgs/oxygen-icons-5.113.0/scalable/mimetypes/small/16x16/text-vnd.abc.svg	pass	40425	16262	24163
svgs/oxygen-icons-5.113.0/scalable/mimetypes/small/16x16/text-vnd.wap.wml.svg	pass	511410	202594	308816
svgs/oxygen-icons-5.113.0/scalable/mimetypes/small/16x16/text-x-adasrc.svg	pass	11430	4442	6988
svgs/oxygen-icons-5.113.0/scalable/mimetypes/small/16x16/text-x-authors.svg	pass	191081	118126	72955
svgs/oxygen-icons-5.113.0/scalable/mimetypes/small/16x16/text-x-bibtex.svg	pass	19723	9757	9966
svgs/oxygen-icons-5.113.0/scalable/mimetypes/small/16x16/text-x-c++hdr.svg	pass	31077	8892	22185
svgs/oxygen-icons-5.113.0/scalable/mimetypes/small/16x16/text-x-c++src.svg	pass	52982	9453	43529
svgs/oxygen-icons-5.113.0/scalable/mimetypes/small/16x16/text-x-changelog.svg	pass	317716	224767	92949
svgs/oxygen-icons-5.113.0/scalable/mimetypes/small/16x16/text-x-chdr.svg	pass	31997	8704	23293
svgs/oxygen-icons-5.113.0/scalable/mimetypes/small/16x16/text-x-cmake.svg	pass	191081	118126	72955
svgs/oxygen-icons-5.113.0/scalable/mimetypes/small/16x16/text-x-copying.svg	pass	191081	118126	72955
svgs/oxygen-icons-5.113.0/scalable/mimetypes/small/16x16/text-x-csharp.svg	pass	51307	9697	41610
svgs/oxygen-icons-5.113.0/scalable/mimetypes/small/16x16/text-x-csrc.svg	pass	73283	9372	63911
svgs/oxygen-icons-5.113.0/scalable/mimetypes/small/16x16/text-x-dtd.svg	pass	511410	202594	308816
svgs/oxygen-icons-5.113.0/scalable/mimetypes/small/16x16/text-x-generic.svg	pass	191081	118126	72955
svgs/oxygen-icons-5.113.0/scalable/mimetypes/small/16x16/text-x-haskell.svg	pass	193495	104903	88592
svgs/oxygen-icons-5.113.0/scalable/mimetypes/small/16x16/text-x-hex.svg	pass	46483	19957	26526
svgs/oxygen-icons-5.113.0/scalable/mimetypes/small/16x16/text-x-install.svg	pass	191081	118126	72955
svgs/oxygen-icons-5.113.0/scalable/mimetypes/small/16x16/text-x-java.svg	pass	491212	31578	459634
svgs/oxygen-icons-5.113.0/scalable/mimetypes/small/16x16/text-x-katefilelist.svg	pass	191081	118126	72955
svgs/oxygen-icons-5.113.0/scalable/mimetypes/small/16x16/text-x-ldif.svg	pass	82250	39225	43025
svgs/oxygen-icons-5.113.0/scalable/mimetypes/small/16x16/text-x-lilypond.svg	pass	34567	15291	19276
svgs/oxygen-icons-5.113.0/scalable/mimetypes/small/16x16/text-x-log.svg	pass	191081	118126	72955
svgs/oxygen-icons-5.113.0/scalable/mimetypes/small/16x16/text-x-makefile.svg	pass	115130	51264	63866
svgs/oxygen-icons-5.113.0/scalable/mimetypes/small/16x16/text-x-nfo.svg	pass	191081	118126	72955
svgs/oxygen-icons-5.113.0/scalable/mimetypes/small/16x16/text-x-objchdr.svg	pass	31997	8704	23293
svgs/oxygen-icons-5.113.0/scalable/mimetypes/small/16x16/text-x-objcsrc.svg	pass	73283	9372	63911
svgs/oxygen-icons-5.113.0/scalable/mimetypes/small/16x16/text-x-pascal.svg	pass	1336675	1042690	293985
svgs/oxygen-icons-5.113.0/scalable/mimetypes/small/16x16/text-x-patch.svg	pass	201328	39468	161860
svgs/oxygen-icons-5.113.0/scalable/mimetypes/small/16x16/text-x-po.svg	pass	171641	113377	58264
svgs/oxygen-icons-5.113.0/scalable/mimetypes/small/16x16/text-x-python.svg	pass	73272	41253	32019
svgs/oxygen-icons-5.113.0/scalable/mimetypes/small/16x16/text-x-qml.svg	pass	47894	20405	27489
svgs/oxygen-icons-5.113.0/scalable/mimetypes/small/16x16/text-x-readme.svg	pass	191081	118126	72955
svgs/oxygen-icons-5.113.0/scalable/mimetypes/small/16x16/text-x-rpm-spec.svg	pass	58718	18774	39944
svgs/oxygen-icons-5.113.0/scalable/mimetypes/small/16x16/text-x-script.svg	pass	20900	8219	12681
svgs/oxygen-icons-5.113.0/scalable/mimetypes/small/16x16/text-x-sql.svg	pass	88287	19747	68540
svgs/oxygen-icons-5.113.0/scalable/mimetypes/small/16x16/text-x-tcl.svg	pass	8642	3658	4984
svgs/oxygen-icons-5.113.0/scalable/mimetypes/small/16x16/text-x-tex.svg	pass	19723	9757	9966
svgs/oxygen-icons-5.113.0/scalable/mimetypes/small/16x16/text-x-texinfo.svg	pass	44690	16558	28132
svgs/oxygen-icons-5.113.0/scalable/mimetypes/small/16x16/text-x-vcard.svg	pass	82250	39225	43025
svgs/oxygen-icons-5.113.0/scalable/mimetypes/small/16x16/text-x-xslfo.svg	pass	511410	202594	308816
svgs/oxygen-icons-5.113.0/scalable/mimetypes/small/16x16/text-xmcd.svg	pass	63116	30409	32707
svgs/oxygen-icons-5.113.0/scalable/mimetypes/small/16x16/text-xml.svg	pass	108314	9633	98681
svgs/oxygen-icons-5.113.0/scalable/mimetypes/small/16x16/unknown.svg	pass	58393	28254	30139
svgs/oxygen-icons-5.113.0/scalable/mimetypes/small/16x16/uri-mms.svg	pass	216717	15772	200945
svgs/oxygen-icons-5.113.0/scalable/mimetypes/small/16x16/uri-mmst.svg	pass	216717	15772	200945
svgs/oxygen-icons-5.113.0/scalable/mimetypes/small/16x16/uri-mmsu.svg	pass	216717	15772	200945
svgs/oxygen-icons-5.113.0/scalable/mimetypes/small/16x16/uri-pnm.svg	pass	216717	15772	200945
svgs/oxygen-icons-5.113.0/scalable/mimetypes/small/16x16/uri-rtspt.svg	pass	216717	15772	200945
svgs/oxygen-icons-5.113.0/scalable/mimetypes/small/16x16/uri-rtspu.svg	pass	216717	15772	200945
svgs/oxygen-icons-5.113.0/scalable/mimetypes/small/16x16/video-x-generic.svg	pass	216717	15772	200945
svgs/oxygen-icons-5.113.0/scalable/mimetypes/small/16x16/video-x-mng.svg	pass	77974	38840	39134
svgs/oxygen-icons-5.113.0/scalable/mimetypes/small/16x16/x-kde-nsplugin-generated.svg	pass	47786	20857	26929
svgs/oxygen-icons-5.113.0/scalable/mimetypes/small/16x16/x-media-podcast.svg	pass	85108	33998	51110
svgs/oxygen-icons-5.113.0/scalable/mimetypes/small/16x16/x-office-address-book.svg	pass	2985422	2323974	661448
svgs/oxygen-icons-5.113.0/scalable/mimetypes/small/16x16/x-office-calendar.svg	pass	25023	9711	15312
svgs/oxygen-icons-5.113.0/scalable/mimetypes/small/16x16/x-office-contact.svg	pass	117798	46029	71769
svgs/oxygen-icons-5.113.0/scalable/mimetypes/small/16x16/x-office-document.svg	pass	17734	7903	9831
svgs/oxygen-icons-5.113.0/scalable/mimetypes/small/16x16/x-office-presentation.svg	pass	103645	13974	89671
svgs/oxygen-icons-5.113.0/scalable/mimetypes/small/16x16/x-office-spreadsheet.svg	pass	28785	9300	19485
svgs/oxygen-icons-5.113.0/scalable/mimetypes/small/22x22/application-epub+zip.svg	pass	2785485	2319143	466342
svgs/oxygen-icons-5.113.0/scalable/mimetypes/small/22x22/application-illustrator.svg	pass	25295	12347	12948
svgs/oxygen-icons-5.113.0/scalable/mimetypes/small/22x22/application-javascript.svg	mismatch	91934	37657	54277
svgs/oxygen-icons-5.113.0/scalable/mimetypes/small/22x22/application-msword-template.svg	pass	266597	133076	133521
svgs/oxygen-icons-5.113.0/scalable/mimetypes/small/22x22/application-msword.svg	pass	232947	126035	106912
svgs/oxygen-icons-5.113.0/scalable/mimetypes/small/22x22/application-octet-stream.svg	pass	58550	16046	42504
svgs/oxygen-icons-5.113.0/scalable/mimetypes/small/22x22/application-pdf.svg	mismatch	21790	10459	11331
svgs/oxygen-icons-5.113.0/scalable/mimetypes/small/22x22/application-pgp-encrypted.svg	pass	185304	19063	166241
svgs/oxygen-icons-5.113.0/scalable/mimetypes/small/22x22/application-pgp-keys.svg	pass	409134	77903	331231
svgs/oxygen-icons-5.113.0/scalable/mimetypes/small/22x22/application-pkcs7-mime.svg	pass	409134	77903	331231
svgs/oxygen-icons-5.113.0/scalable/mimetypes/small/22x22/application-postscript.svg	pass	49270	22449	26821
svgs/oxygen-icons-5.113.0/scalable/mimetypes/small/22x22/application-relaxng.svg	pass	999177	395751	603426
svgs/oxygen-icons-5.113.0/scalable/mimetypes/small/22x22/application-rss+xml.svg	pass	22949	9824	13125
svgs/oxygen-icons-5.113.0/scalable/mimetypes/small/22x22/application-rtf.svg	pass	189377	118341	71036
svgs/oxygen-icons-5.113.0/scalable/mimetypes/small/22x22/application-sxw.svg	pass	373202	151938	221264
svgs/oxygen-icons-5.113.0/scalable/mimetypes/small/22x22/application-vnd-google-earth-kml.svg	pass	22672	10433	12239
svgs/oxygen-icons-5.113.0/scalable/mimetypes/small/22x22/application-vnd.iccprofile.svg	pass	98119	32549	65570
svgs/oxygen-icons-5.113.0/scalable/mimetypes/small/22x22/application-vnd.ms-access.svg	pass	50684	18749	31935
svgs/oxygen-icons-5.113.0/scalable/mimetypes/small/22x22/application-vnd.ms-excel.svg	pass	68177	12887	55290
svgs/oxygen-icons-5.113.0/scalable/mimetypes/small/22x22/application-vnd.ms-powerpoint.svg	pass	131135	16449	114686
svgs/oxygen-icons-5.113.0/scalable/mimetypes/small/22x22/application-vnd.oasis.opendocument.chart.svg	pass	95310	38181	57129
svgs/oxygen-icons-5.113.0/scalable/mimetypes/small/22x22/application-vnd.oasis.opendocument.database.svg	pass	124504	33219	91285
svgs/oxygen-icons-5.113.0/scalable/mimetypes/small/22x22/application-vnd.oasis.opendocument.formula-template.svg	pass	65585	19502	46083
svgs/oxygen-icons-5.113.0/scalable/mimetypes/small/22x22/application-vnd.oasis.opendocument.formula.svg	pass	53391	13191	40200
svgs/oxygen-icons-5.113.0/scalable/mimetypes/small/22x22/application-vnd.oasis.opendocument.graphics.svg	pass	35191	16494	18697
svgs/oxygen-icons-5.113.0/scalable/mimetypes/small/22x22/application-vnd.oasis.opendocument.image.svg	pass	140653	22365	118288
svgs/oxygen-icons-5.113.0/scalable/mimetypes/small/22x22/application-vnd.oasis.opendocument.presentation-template.svg	pass	208367	22781	185586
svgs/oxygen-icons-5.113.0/scalable/mimetypes/small/22x22/application-vnd.oasis.opendocument.presentation.svg	pass	103645	14689	88956
svgs/oxygen-icons-5.113.0/scalable/mimetypes/small/22x22/application-vnd.oasis.opendocument.spreadsheet-template.svg	pass	45434	18337	27097
svgs/oxygen-icons-5.113.0/scalable/mimetypes/small/22x22/application-vnd.oasis.opendocument.spreadsheet.svg	pass	32369	11997	20372
svgs/oxygen-icons-5.113.0/scalable/mimetypes/small/22x22/application-vnd.oasis.opendocument.text.svg	pass	289892	142387	147505
svgs/oxygen-icons-5.113.0/scalable/mimetypes/small/22x22/application-vnd.openxmlformats-officedocument.wordprocessingml.document.svg	pass	289892	142387	147505
svgs/oxygen-icons-5.113.0/scalable/mimetypes/small/22x22/application-vnd.rn-realmedia.svg	pass	51681	21128	30553
svgs/oxygen-icons-5.113.0/scalable/mimetypes/small/22x22/application-vnd.scribus.svg	pass	37457	17852	19605
svgs/oxygen-icons-5.113.0/scalable/mimetypes/small/22x22/application-vnd.stardivision.calc.svg	pass	32369	11997	20372
svgs/oxygen-icons-5.113.0/scalable/mimetypes/small/22x22/application-vnd.stardivision.draw.svg	pass	140607	22365	118242
svgs/oxygen-icons-5.113.0/scalable/mimetypes/small/22x22/application-vnd.stardivision.math.svg	pass	53329	13191	40138
svgs/oxygen-icons-5.113.0/scalable/mimetypes/small/22x22/application-vnd.sun.xml.calc.svg	pass	32369	11997	20372
svgs/oxygen-icons-5.113.0/scalable/mimetypes/small/22x22/application-vnd.sun.xml.calc.template.svg	pass	45365	18337	27028
svgs/oxygen-icons-5.113.0/scalable/mimetypes/small/22x22/application-vnd.sun.xml.draw.svg	pass	140607	22365	118242
svgs/oxygen-icons-5.113.0/scalable/mimetypes/small/22x22/application-vnd.sun.xml.draw.template.svg	pass	152952	28728	124224
svgs/oxygen-icons-5.113.0/scalable/mimetypes/small/22x22/application-vnd.sun.xml.math.svg	pass	53329	13191	40138
svgs/oxygen-icons-5.113.0/scalable/mimetypes/small/22x22/application-vnd.sun.xml.svg	pass	140608	12516	128092
svgs/oxygen-icons-5.113.0/scalable/mimetypes/small/22x22/application-vnd.wordperfect.svg	pass	231636	125246	106390
svgs/oxygen-icons-5.113.0/scalable/mimetypes/small/22x22/application-x-7z-compressed.svg	pass	193232	84214	109018
svgs/oxygen-icons-5.113.0/scalable/mimetypes/small/22x22/application-x-abiword.svg	pass	289892	142387	147505
svgs/oxygen-icons-5.113.0/scalable/mimetypes/small/22x22/application-x-ace.svg	pass	193232	84214	109018
svgs/oxygen-icons-5.113.0/scalable/mimetypes/small/22x22/application-x-applix-spreadsheet.svg	pass	32369	11997	20372
svgs/oxygen-icons-5.113.0/scalable/mimetypes/small/22x22/application-x-applix-word.svg	pass	270018	142227	127791
svgs/oxygen-icons-5.113.0/scalable/mimetypes/small/22x22/application-x-ar.svg	pass	49266	20058	29208
svgs/oxygen-icons-5.113.0/scalable/mimetypes/small/22x22/application-x-arc.svg	pass	193232	84214	109018
svgs/oxygen-icons-5.113.0/scalable/mimetypes/small/22x22/application-x-archive.svg	pass	49266	20058	29208
svgs/oxygen-icons-5.113.0/scalable/mimetypes/small/22x22/application-x-arj.svg	pass	193232	84214	109018
svgs/oxygen-icons-5.113.0/scalable/mimetypes/small/22x22/application-x-awk.svg	pass	38716	14015	24701
svgs/oxygen-icons-5.113.0/scalable/mimetypes/small/22x22/application-x-bittorrent.svg	pass	240698	119159	121539
svgs/oxygen-icons-5.113.0/scalable/mimetypes/small/22x22/application-x-blender.svg	pass	49502	20794	28708
svgs/oxygen-icons-5.113.0/scalable/mimetypes/small/22x22/application-x-bzdvi.svg	pass	191045	83091	107954
svgs/oxygen-icons-5.113.0/scalable/mimetypes/small/22x22/application-x-bzip-compressed-tar.svg	pass	193232	84214	109018
svgs/oxygen-icons-5.113.0/scalable/mimetypes/small/22x22/application-x-bzip.svg	pass	141309	57290	84019
svgs/oxygen-icons-5.113.0/scalable/mimetypes/small/22x22/application-x-cd-image.svg	pass	53602	22684	30918
svgs/oxygen-icons-5.113.0/scalable/mimetypes/small/22x22/application-x-cda.svg	pass	68808	31335	37473
svgs/oxygen-icons-5.113.0/scalable/mimetypes/small/22x22/application-x-chm.svg	pass	28999	10273	18726
svgs/oxygen-icons-5.113.0/scalable/mimetypes/small/22x22/application-x-compress.svg	pass	141309	57290	84019
svgs/oxygen-icons-5.113.0/scalable/mimetypes/small/22x22/application-x-compressed-tar.svg	pass	86163	22697	63466
svgs/oxygen-icons-5.113.0/scalable/mimetypes/small/22x22/application-x-cpio.svg	pass	49266	20058	29208
svgs/oxygen-icons-5.113.0/scalable/mimetypes/small/22x22/application-x-cue.svg	pass	295294	141824	153470
svgs/oxygen-icons-5.113.0/scalable/mimetypes/small/22x22/application-x-deb.svg	pass	76733	23067	53666
svgs/oxygen-icons-5.113.0/scalable/mimetypes/small/22x22/application-x-designer.svg	pass	130538	40834	89704
svgs/oxygen-icons-5.113.0/scalable/mimetypes/small/22x22/application-x-desktop.svg	pass	99930	43539	56391
svgs/oxygen-icons-5.113.0/scalable/mimetypes/small/22x22/application-x-egon.svg	pass	78856	39385	39471
svgs/oxygen-icons-5.113.0/scalable/mimetypes/small/22x22/application-x-executable-script.svg	pass	129027	47771	81256
svgs/oxygen-icons-5.113.0/scalable/mimetypes/small/22x22/application-x-executable.svg	pass	99924	43539	56385
svgs/oxygen-icons-5.113.0/scalable/mimetypes/small/22x22/application-x-font-afm.svg	pass	88707	13928	74779
svgs/oxygen-icons-5.113.0/scalable/mimetypes/small/22x22/application-x-font-bdf.svg	pass	23366	10417	12949
svgs/oxygen-icons-5.113.0/scalable/mimetypes/small/22x22/application-x-font-otf.svg	pass	62705	20968	41737
svgs/oxygen-icons-5.113.0/scalable/mimetypes/small/22x22/application-x-font-pcf.svg	pass	23366	10417	12949
svgs/oxygen-icons-5.113.0/scalable/mimetypes/small/22x22/application-x-font-snf.svg	pass	23366	10417	12949
svgs/oxygen-icons-5.113.0/scalable/mimetypes/small/22x22/application-x-font-ttf.svg	pass	23091	10370	12721
svgs/oxygen-icons-5.113.0/scalable/mimetypes/small/22x22/application-x-font-type1.svg	pass	88707	13928	74779
svgs/oxygen-icons-5.113.0/scalable/mimetypes/small/22x22/application-x-gnumeric.svg	pass	32369	11997	20372
svgs/oxygen-icons-5.113.0/scalable/mimetypes/small/22x22/application-x-gzdvi.svg	pass	191045	83091	107954
svgs/oxygen-icons-5.113.0/scalable/mimetypes/small/22x22/application-x-gzip.svg	pass	141309	57290	84019
svgs/oxygen-icons-5.113.0/scalable/mimetypes/small/22x22/application-x-gzpostscript.svg	pass	49270	22449	26821
svgs/oxygen-icons-5.113.0/scalable/mimetypes/small/22x22/application-x-it87.svg	pass	98119	32549	65570
svgs/oxygen-icons-5.113.0/scalable/mimetypes/small/22x22/application-x-java-applet.svg	pass	110975	34796	76179
svgs/oxygen-icons-5.113.0/scalable/mimetypes/small/22x22/application-x-java-archive.svg	pass	98328	23436	74892
svgs/oxygen-icons-5.113.0/scalable/mimetypes/small/22x22/application-x-java.svg	pass	62222	30640	31582
svgs/oxygen-icons-5.113.0/scalable/mimetypes/small/22x22/application-x-javascript.svg	mismatch	91934	37657	54277
svgs/oxygen-icons-5.113.0/scalable/mimetypes/small/22x22/application-x-k3b.svg	pass	892928	169438	723490
svgs/oxygen-icons-5.113.0/scalable/mimetypes/small/22x22/application-x-kcsrc.svg	pass	50229	22313	27916
svgs/oxygen-icons-5.113.0/scalable/mimetypes/small/22x22/application-x-kexi-connectiondata.svg	pass	194675	45093	149582
svgs/oxygen-icons-5.113.0/scalable/mimetypes/small/22x22/application-x-kexiproject-shortcut.svg	pass	202291	46043	156248
svgs/oxygen-icons-5.113.0/scalable/mimetypes/small/22x22/application-x-kexiproject-sqlite.svg	pass	124504	33219	91285
svgs/oxygen-icons-5.113.0/scalable/mimetypes/small/22x22/application-x-kexiproject-sqlite2.svg	pass	124504	33219	91285
svgs/oxygen-icons-5.113.0/scalable/mimetypes/small/22x22/application-x-kexiproject-sqlite3.svg	pass	124504	33219	91285
svgs/oxygen-icons-5.113.0/scalable/mimetypes/small/22x22/application-x-kformula.svg	pass	53329	13191	40138
svgs/oxygen-icons-5.113.0/scalable/mimetypes/small/22x22/application-x-kgetlist.svg	pass	45364	18615	26749
svgs/oxygen-icons-5.113.0/scalable/mimetypes/small/22x22/application-x-kontour.svg	pass	33785	15648	18137
svgs/oxygen-icons-5.113.0/scalable/mimetypes/small/22x22/application-x-kplato.svg	pass	31852	12135	19717
svgs/oxygen-icons-5.113.0/scalable/mimetypes/small/22x22/application-x-krita.svg	pass	126245	62759	63486
svgs/oxygen-icons-5.113.0/scalable/mimetypes/small/22x22/application-x-kword.svg	pass	289892	142387	147505
svgs/oxygen-icons-5.113.0/scalable/mimetypes/small/22x22/application-x-lha.svg	pass	193232	84214	109018
svgs/oxygen-icons-5.113.0/scalable/mimetypes/small/22x22/application-x-lyx.svg	pass	152709	40633	112076
svgs/oxygen-icons-5.113.0/scalable/mimetypes/small/22x22/application-x-lzma-compressed-tar.svg	pass	49266	20058	29208
svgs/oxygen-icons-5.113.0/scalable/mimetypes/small/22x22/application-x-lzop.svg	pass	141309	57290	84019
svgs/oxygen-icons-5.113.0/scalable/mimetypes/small/22x22/application-x-m4.svg	pass	118370	49511	68859
svgs/oxygen-icons-5.113.0/scalable/mimetypes/small/22x22/application-x-marble.svg	pass	434005	225493	208512
svgs/oxygen-icons-5.113.0/scalable/mimetypes/small/22x22/application-x-mimearchive.svg	pass	196372	35975	160397
svgs/oxygen-icons-5.113.0/scalable/mimetypes/small/22x22/application-x-mplayer2.svg	pass	51681	21128	30553
svgs/oxygen-icons-5.113.0/scalable/mimetypes/small/22x22/application-x-ms-dos-executable.svg	pass	123082	47220	75862
svgs/oxygen-icons-5.113.0/scalable/mimetypes/small/22x22/application-x-mswinurl.svg	pass	777410	364358	413052
svgs/oxygen-icons-5.113.0/scalable/mimetypes/small/22x22/application-x-mswrite.svg	pass	253064	128146	124918
svgs/oxygen-icons-5.113.0/scalable/mimetypes/small/22x22/application-x-nzb.svg	pass	50088	23437	26651
svgs/oxygen-icons-5.113.0/scalable/mimetypes/small/22x22/application-x-object.svg	pass	58550	16046	42504
svgs/oxygen-icons-5.113.0/scalable/mimetypes/small/22x22/application-x-pak.svg	pass	141309	57290	84019
svgs/oxygen-icons-5.113.0/scalable/mimetypes/small/22x22/application-x-pem-key.svg	pass	402630	77745	324885
svgs/oxygen-icons-5.113.0/scalable/mimetypes/small/22x22/application-x-perl.svg	pass	477449	262228	215221
svgs/oxygen-icons-5.113.0/scalable/mimetypes/small/22x22/application-x-php.svg	pass	53658	14905	38753
svgs/oxygen-icons-5.113.0/scalable/mimetypes/small/22x22/application-x-plasma.svg	pass	79624	27991	51633
svgs/oxygen-icons-5.113.0/scalable/mimetypes/small/22x22/application-x-python-bytecode.svg	pass	58550	16046	42504
svgs/oxygen-icons-5.113.0/scalable/mimetypes/small/22x22/application-x-qet-element.svg	pass	463032	118866	344166
svgs/oxygen-icons-5.113.0/scalable/mimetypes/small/22x22/application-x-qet-project.svg	pass	457067	118150	338917
svgs/oxygen-icons-5.113.0/scalable/mimetypes/small/22x22/application-x-quattropro.svg	pass	32369	11997	20372
svgs/oxygen-icons-5.113.0/scalable/mimetypes/small/22x22/application-x-rar.svg	pass	193232	84214	109018
svgs/oxygen-icons-5.113.0/scalable/mimetypes/small/22x22/application-x-rpm.svg	pass	56041	22852	33189
svgs/oxygen-icons-5.113.0/scalable/mimetypes/small/22x22/application-x-ruby.svg	pass	61915	26614	35301
svgs/oxygen-icons-5.113.0/scalable/mimetypes/small/22x22/application-x-sharedlib.svg	pass	58550	16046	42504
svgs/oxygen-icons-5.113.0/scalable/mimetypes/small/22x22/application-x-shellscript.svg	pass	38716	14015	24701
svgs/oxygen-icons-5.113.0/scalable/mimetypes/small/22x22/application-x-shockwave-flash.svg	pass	51681	21128	30553
svgs/oxygen-icons-5.113.0/scalable/mimetypes/small/22x22/application-x-siag.svg	pass	32369	11997	20372
svgs/oxygen-icons-5.113.0/scalable/mimetypes/small/22x22/application-x-sqlite2.svg	pass	124504	33219	91285
svgs/oxygen-icons-5.113.0/scalable/mimetypes/small/22x22/application-x-sqlite3.svg	pass	124504	33219	91285
svgs/oxygen-icons-5.113.0/scalable/mimetypes/small/22x22/application-x-srt.svg	mismatch	464116	306199	157917
svgs/oxygen-icons-5.113.0/scalable/mimetypes/small/22x22/application-x-srtrip.svg	mismatch	464494	305834	158660
svgs/oxygen-icons-5.113.0/scalable/mimetypes/small/22x22/application-x-subrip.svg	mismatch	464494	305834	158660
svgs/oxygen-icons-5.113.0/scalable/mimetypes/small/22x22/application-x-tar.svg	pass	49266	20058	29208
svgs/oxygen-icons-5.113.0/scalable/mimetypes/small/22x22/application-x-tarz.svg	pass	193232	84214	109018
svgs/oxygen-icons-5.113.0/scalable/mimetypes/small/22x22/application-x-tgif.svg	pass	33785	15648	18137
svgs/oxygen-icons-5.113.0/scalable/mimetypes/small/22x22/application-x-trash.svg	pass	45224	21356	23868
svgs/oxygen-icons-5.113.0/scalable/mimetypes/small/22x22/application-x-troff-man.svg	pass	47414	15099	32315
svgs/oxygen-icons-5.113.0/scalable/mimetypes/small/22x22/application-x-tzo.svg	pass	193232	84214	109018
svgs/oxygen-icons-5.113.0/scalable/mimetypes/small/22x22/application-x-wmf.svg	pass	33785	15648	18137
svgs/oxygen-icons-5.113.0/scalable/mimetypes/small/22x22/application-x-zerosize.svg	pass	17014	7624	9390
svgs/oxygen-icons-5.113.0/scalable/mimetypes/small/22x22/application-x-zip.svg	pass	154754	65170	89584
svgs/oxygen-icons-5.113.0/scalable/mimetypes/small/22x22/application-x-zoo.svg	pass	193232	84214	109018
svgs/oxygen-icons-5.113.0/scalable/mimetypes/small/22x22/application-xhtml+xml.svg	pass	106606	16803	89803
svgs/oxygen-icons-5.113.0/scalable/mimetypes/small/22x22/application-xml.svg	pass	39703	14193	25510
svgs/oxygen-icons-5.113.0/scalable/mimetypes/small/22x22/application-xsd.svg	pass	651372	278736	372636
svgs/oxygen-icons-5.113.0/scalable/mimetypes/small/22x22/application-xslt+xml.svg	pass	777410	364358	413052
svgs/oxygen-icons-5.113.0/scalable/mimetypes/small/22x22/application-zip.svg	pass	193232	84214	109018
svgs/oxygen-icons-5.113.0/scalable/mimetypes/small/22x22/audio-ac3.svg	pass	47898	16407	31491
svgs/oxygen-icons-5.113.0/scalable/mimetypes/small/22x22/audio-midi.svg	pass	272554	11190	261364
svgs/oxygen-icons-5.113.0/scalable/mimetypes/small/22x22/audio-prs.sid.svg	pass	272554	11190	261364
svgs/oxygen-icons-5.113.0/scalable/mimetypes/small/22x22/audio-vn.rn-realmedia.svg	pass	51681	21128	30553
svgs/oxygen-icons-5.113.0/scalable/mimetypes/small/22x22/audio-vnd.rn-realvideo.svg	pass	51681	21128	30553
svgs/oxygen-icons-5.113.0/scalable/mimetypes/small/22x22/audio-x-adpcm.svg	pass	47898	16407	31491
svgs/oxygen-icons-5.113.0/scalable/mimetypes/small/22x22/audio-x-aiff.svg	pass	47898	16407	31491
svgs/oxygen-icons-5.113.0/scalable/mimetypes/small/22x22/audio-x-flac+ogg.svg	pass	47898	16407	31491
svgs/oxygen-icons-5.113.0/scalable/mimetypes/small/22x22/audio-x-flac.svg	pass	47898	16407	31491
svgs/oxygen-icons-5.113.0/scalable/mimetypes/small/22x22/audio-x-generic.svg	pass	47898	16407	31491
svgs/oxygen-icons-5.113.0/scalable/mimetypes/small/22x22/audio-x-monkey.svg	pass	47898	16407	31491
svgs/oxygen-icons-5.113.0/scalable/mimetypes/small/22x22/audio-x-speex+ogg.svg	pass	130701	61249	69452
svgs/oxygen-icons-5.113.0/scalable/mimetypes/small/22x22/encrypted.svg	pass	410509	78747	331762
svgs/oxygen-icons-5.113.0/scalable/mimetypes/small/22x22/image-svg+xml-compressed.svg	pass	33785	15648	18137
svgs/oxygen-icons-5.113.0/scalable/mimetypes/small/22x22/image-svg+xml.svg	pass	33785	15648	18137
svgs/oxygen-icons-5.113.0/scalable/mimetypes/small/22x22/image-vnd.dgn.svg	pass	495031	130287	364744
svgs/oxygen-icons-5.113.0/scalable/mimetypes/small/22x22/image-vnd.dwg.svg	pass	75108	21186	53922
svgs/oxygen-icons-5.113.0/scalable/mimetypes/small/22x22/image-x-adobe-dng.svg	pass	79681	39908	39773
svgs/oxygen-icons-5.113.0/scalable/mimetypes/small/22x22/image-x-eps.svg	pass	33467	15480	17987
svgs/oxygen-icons-5.113.0/scalable/mimetypes/small/22x22/image-x-generic.svg	pass	78856	39385	39471
svgs/oxygen-icons-5.113.0/scalable/mimetypes/small/22x22/image-x-vnd.trolltech.qpicture.svg	pass	40683	15781	24902
svgs/oxygen-icons-5.113.0/scalable/mimetypes/small/22x22/image-x-xfig.svg	pass	33785	15648	18137
svgs/oxygen-icons-5.113.0/scalable/mimetypes/small/22x22/inode-directory.svg	pass	129849	116886	12963
svgs/oxygen-icons-5.113.0/scalable/mimetypes/small/22x22/mail-message-new-list.svg	pass	196372	35975	160397
svgs/oxygen-icons-5.113.0/scalable/mimetypes/small/22x22/message-news.svg	pass	145284	8521	136763
svgs/oxygen-icons-5.113.0/scalable/mimetypes/small/22x22/message-partial.svg	pass	196466	36733	159733
svgs/oxygen-icons-5.113.0/scalable/mimetypes/small/22x22/message-rfc822.svg	pass	196372	35975	160397
svgs/oxygen-icons-5.113.0/scalable/mimetypes/small/22x22/message-x-gnu-rmail.svg	pass	196372	35975	160397
svgs/oxygen-icons-5.113.0/scalable/mimetypes/small/22x22/message.svg	pass	196372	35975	160397
svgs/oxygen-icons-5.113.0/scalable/mimetypes/small/22x22/package-x-generic.svg	pass	49266	20058	29208
svgs/oxygen-icons-5.113.0/scalable/mimetypes/small/22x22/text-adasrc.svg	pass	35670	10867	24803
svgs/oxygen-icons-5.113.0/scalable/mimetypes/small/22x22/text-calendar.svg	pass	52138	14023	38115
svgs/oxygen-icons-5.113.0/scalable/mimetypes/small/22x22/text-csharp.svg	mismatch	54696	19283	35413
svgs/oxygen-icons-5.113.0/scalable/mimetypes/small/22x22/text-css.svg	mismatch	464116	306199	157917
svgs/oxygen-icons-5.113.0/scalable/mimetypes/small/22x22/text-csv.svg	pass	32369	11997	20372
svgs/oxygen-icons-5.113.0/scalable/mimetypes/small/22x22/text-directory.svg	pass	115969	47020	68949
svgs/oxygen-icons-5.113.0/scalable/mimetypes/small/22x22/text-enriched.svg	pass	189377	118341	71036
svgs/oxygen-icons-5.113.0/scalable/mimetypes/small/22x22/text-html.svg	pass	777410	364358	413052
svgs/oxygen-icons-5.113.0/scalable/mimetypes/small/22x22/text-mathml.svg	pass	45748	11993	33755
svgs/oxygen-icons-5.113.0/scalable/mimetypes/small/22x22/text-plain.svg	mismatch	464111	306199	157912
svgs/oxygen-icons-5.113.0/scalable/mimetypes/small/22x22/text-rdf+xml.svg	pass	31856	10729	21127
svgs/oxygen-icons-5.113.0/scalable/mimetypes/small/22x22/text-rdf.svg	pass	31856	10729	21127
svgs/oxygen-icons-5.113.0/scalable/mimetypes/small/22x22/text-rtf.svg	pass	270018	142227	127791
svgs/oxygen-icons-5.113.0/scalable/mimetypes/small/22x22/text-sgml.svg	pass	189377	118341	71036
svgs/oxygen-icons-5.113.0/scalable/mimetypes/small/22x22/text-troff.svg	pass	309612	94754	214858
svgs/oxygen-icons-5.113.0/scalable/mimetypes/small/22x22/text-vcalendar.svg	pass	52138	14023	38115
svgs/oxygen-icons-5.113.0/scalable/mimetypes/small/22x22/text-vnd.abc.svg	pass	47898	16407	31491
svgs/oxygen-icons-5.113.0/scalable/mimetypes/small/22x22/text-vnd.wap.wml.svg	pass	999177	395751	603426
svgs/oxygen-icons-5.113.0/scalable/mimetypes/small/22x22/text-x-authors.svg	pass	189377	118341	71036
svgs/oxygen-icons-5.113.0/scalable/mimetypes/small/22x22/text-x-bibtex.svg	pass	20313	9659	10654
svgs/oxygen-icons-5.113.0/scalable/mimetypes/small/22x22/text-x-c++hdr.svg	pass	36950	14099	22851
svgs/oxygen-icons-5.113.0/scalable/mimetypes/small/22x22/text-x-c++src.svg	pass	48948	16440	32508
svgs/oxygen-icons-5.113.0/scalable/mimetypes/small/22x22/text-x-changelog.svg	mismatch	464494	305834	158660
svgs/oxygen-icons-5.113.0/scalable/mimetypes/small/22x22/text-x-chdr.svg	mismatch	34560	14055	20505
svgs/oxygen-icons-5.113.0/scalable/mimetypes/small/22x22/text-x-cmake.svg	pass	189377	118341	71036
svgs/oxygen-icons-5.113.0/scalable/mimetypes/small/22x22/text-x-copying.svg	pass	189377	118341	71036
svgs/oxygen-icons-5.113.0/scalable/mimetypes/small/22x22/text-x-csharp.svg	mismatch	54696	19283	35413
svgs/oxygen-icons-5.113.0/scalable/mimetypes/small/22x22/text-x-csrc.svg	pass	75408	16138	59270
svgs/oxygen-icons-5.113.0/scalable/mimetypes/small/22x22/text-x-dtd.svg	pass	999177	395751	603426
svgs/oxygen-icons-5.113.0/scalable/mimetypes/small/22x22/text-x-generic.svg	pass	189377	118341	71036
svgs/oxygen-icons-5.113.0/scalable/mimetypes/small/22x22/text-x-haskell.svg	pass	32210	11244	20966
svgs/oxygen-icons-5.113.0/scalable/mimetypes/small/22x22/text-x-hex.svg	pass	30336	11533	18803
svgs/oxygen-icons-5.113.0/scalable/mimetypes/small/22x22/text-x-install.svg	pass	189377	118341	71036
svgs/oxygen-icons-5.113.0/scalable/mimetypes/small/22x22/text-x-java.svg	pass	110975	34796	76179
svgs/oxygen-icons-5.113.0/scalable/mimetypes/small/22x22/text-x-katefilelist.svg	pass	410106	134330	275776
svgs/oxygen-icons-5.113.0/scalable/mimetypes/small/22x22/text-x-ldif.svg	pass	115447	46587	68860
svgs/oxygen-icons-5.113.0/scalable/mimetypes/small/22x22/text-x-lilypond.svg	pass	34908	15273	19635
svgs/oxygen-icons-5.113.0/scalable/mimetypes/small/22x22/text-x-log.svg	pass	189377	118341	71036
svgs/oxygen-icons-5.113.0/scalable/mimetypes/small/22x22/text-x-makefile.svg	pass	243052	90257	152795
svgs/oxygen-icons-5.113.0/scalable/mimetypes/small/22x22/text-x-nfo.svg	pass	189377	118341	71036
svgs/oxygen-icons-5.113.0/scalable/mimetypes/small/22x22/text-x-objchdr.svg	mismatch	34560	14055	20505
svgs/oxygen-icons-5.113.0/scalable/mimetypes/small/22x22/text-x-objcsrc.svg	pass	75408	16138	59270
svgs/oxygen-icons-5.113.0/scalable/mimetypes/small/22x22/text-x-pascal.svg	pass	1337176	1042672	294504
svgs/oxygen-icons-5.113.0/scalable/mimetypes/small/22x22/text-x-patch.svg	pass	131140	33129	98011
svgs/oxygen-icons-5.113.0/scalable/mimetypes/small/22x22/text-x-po.svg	pass	171953	113272	58681
svgs/oxygen-icons-5.113.0/scalable/mimetypes/small/22x22/text-x-python.svg	pass	47882	19874	28008
svgs/oxygen-icons-5.113.0/scalable/mimetypes/small/22x22/text-x-qml.svg	pass	44562	20380	24182
svgs/oxygen-icons-5.113.0/scalable/mimetypes/small/22x22/text-x-readme.svg	pass	189377	118341	71036
svgs/oxygen-icons-5.113.0/scalable/mimetypes/small/22x22/text-x-rpm-spec.svg	pass	31444	11790	19654
svgs/oxygen-icons-5.113.0/scalable/mimetypes/small/22x22/text-x-script.svg	pass	38707	14015	24692
svgs/oxygen-icons-5.113.0/scalable/mimetypes/small/22x22/text-x-sql.svg	pass	93018	36695	56323
svgs/oxygen-icons-5.113.0/scalable/mimetypes/small/22x22/text-x-tcl.svg	pass	24074	9108	14966
svgs/oxygen-icons-5.113.0/scalable/mimetypes/small/22x22/text-x-tex.svg	pass	20313	9659	10654
svgs/oxygen-icons-5.113.0/scalable/mimetypes/small/22x22/text-x-texinfo.svg	pass	75400	16138	59262
svgs/oxygen-icons-5.113.0/scalable/mimetypes/small/22x22/text-x-vcard.svg	pass	115447	46587	68860
svgs/oxygen-icons-5.113.0/scalable/mimetypes/small/22x22/text-x-xslfo.svg	pass	999177	395751	603426
svgs/oxygen-icons-5.113.0/scalable/mimetypes/small/22x22/text-xmcd.svg	pass	68808	31335	37473
svgs/oxygen-icons-5.113.0/scalable/mimetypes/small/22x22/text-xml.svg	pass	106594	16803	89791
svgs/oxygen-icons-5.113.0/scalable/mimetypes/small/22x22/unknown.svg	pass	47761	20814	26947
svgs/oxygen-icons-5.113.0/scalable/mimetypes/small/22x22/uri-mms.svg	pass	51681	21128	30553
svgs/oxygen-icons-5.113.0/scalable/mimetypes/small/22x22/uri-mmst.svg	pass	51681	21128	30553
svgs/oxygen-icons-5.113.0/scalable/mimetypes/small/22x22/uri-mmsu.svg	pass	51681	21128	30553
svgs/oxygen-icons-5.113.0/scalable/mimetypes/small/22x22/uri-pnm.svg	pass	51681	21128	30553
svgs/oxygen-icons-5.113.0/scalable/mimetypes/small/22x22/uri-rtspt.svg	pass	51681	21128	30553
svgs/oxygen-icons-5.113.0/scalable/mimetypes/small/22x22/uri-rtspu.svg	pass	51681	21128	30553
svgs/oxygen-icons-5.113.0/scalable/mimetypes/small/22x22/video-x-generic.svg	pass	51681	21128	30553
svgs/oxygen-icons-5.113.0/scalable/mimetypes/small/22x22/video-x-mng.svg	pass	78856	39385	39471
svgs/oxygen-icons-5.113.0/scalable/mimetypes/small/22x22/x-kde-nsplugin-generated.svg	pass	48291	20859	27432
svgs/oxygen-icons-5.113.0/scalable/mimetypes/small/22x22/x-media-podcast.svg	pass	76708	33525	43183
svgs/oxygen-icons-5.113.0/scalable/mimetypes/small/22x22/x-office-address-book.svg	pass	2985125	2323852	661273
svgs/oxygen-icons-5.113.0/scalable/mimetypes/small/22x22/x-office-calendar.svg	pass	52138	14023	38115
svgs/oxygen-icons-5.113.0/scalable/mimetypes/small/22x22/x-office-contact.svg	pass	101682	46356	55326
svgs/oxygen-icons-5.113.0/scalable/mimetypes/small/22x22/x-office-document.svg	pass	18413	8470	9943
svgs/oxygen-icons-5.113.0/scalable/mimetypes/small/22x22/x-office-presentation.svg	pass	103645	14689	88956
svgs/oxygen-icons-5.113.0/scalable/mimetypes/small/22x22/x-office-spreadsheet.svg	pass	32369	11997	20372
svgs/oxygen-icons-5.113.0/scalable/mimetypes/small/32x32/application-epub+zip.svg	pass	2781876	2319051	462825
svgs/oxygen-icons-5.113.0/scalable/mimetypes/small/32x32/application-illustrator.svg	pass	25291	12371	12920
svgs/oxygen-icons-5.113.0/scalable/mimetypes/small/32x32/application-javascript.svg	pass	62460	24395	38065
svgs/oxygen-icons-5.113.0/scalable/mimetypes/small/32x32/application-msword-template.svg	pass	350296	204092	146204
svgs/oxygen-icons-5.113.0/scalable/mimetypes/small/32x32/application-msword.svg	pass	351657	203983	147674
svgs/oxygen-icons-5.113.0/scalable/mimetypes/small/32x32/application-octet-stream.svg	pass	46897	14793	32104
svgs/oxygen-icons-5.113.0/scalable/mimetypes/small/32x32/application-pdf.svg	pass	21126	10271	10855
svgs/oxygen-icons-5.113.0/scalable/mimetypes/small/32x32/application-pgp-encrypted.svg	pass	201532	18037	183495
svgs/oxygen-icons-5.113.0/scalable/mimetypes/small/32x32/application-pgp-keys.svg	pass	427766	78029	349737
svgs/oxygen-icons-5.113.0/scalable/mimetypes/small/32x32/application-pkcs7-mime.svg	pass	427766	78029	349737
svgs/oxygen-icons-5.113.0/scalable/mimetypes/small/32x32/application-postscript.svg	pass	61333	28925	32408
svgs/oxygen-icons-5.113.0/scalable/mimetypes/small/32x32/application-relaxng.svg	pass	991686	395480	596206
svgs/oxygen-icons-5.113.0/scalable/mimetypes/small/32x32/application-rtf.svg	pass	162337	127554	34783
svgs/oxygen-icons-5.113.0/scalable/mimetypes/small/32x32/application-sxw.svg	pass	224724	160500	64224
svgs/oxygen-icons-5.113.0/scalable/mimetypes/small/32x32/application-vnd-google-earth-kml.svg	pass	22175	10206	11969
svgs/oxygen-icons-5.113.0/scalable/mimetypes/small/32x32/application-vnd.iccprofile.svg	pass	72513	31938	40575
svgs/oxygen-icons-5.113.0/scalable/mimetypes/small/32x32/application-vnd.ms-access.svg	pass	94214	38509	55705
svgs/oxygen-icons-5.113.0/scalable/mimetypes/small/32x32/application-vnd.ms-excel.svg	pass	42713	18028	24685
svgs/oxygen-icons-5.113.0/scalable/mimetypes/small/32x32/application-vnd.ms-powerpoint.svg	pass	53314	19803	33511
svgs/oxygen-icons-5.113.0/scalable/mimetypes/small/32x32/application-vnd.oasis.opendocument.chart.svg	pass	81058	30498	50560
svgs/oxygen-icons-5.113.0/scalable/mimetypes/small/32x32/application-vnd.oasis.opendocument.database.svg	pass	91377	37169	54208
svgs/oxygen-icons-5.113.0/scalable/mimetypes/small/32x32/application-vnd.oasis.opendocument.formula-template.svg	pass	69648	26132	43516
svgs/oxygen-icons-5.113.0/scalable/mimetypes/small/32x32/application-vnd.oasis.opendocument.formula.svg	pass	66476	26647	39829
svgs/oxygen-icons-5.113.0/scalable/mimetypes/small/32x32/application-vnd.oasis.opendocument.graphics.svg	pass	60076	21751	38325
svgs/oxygen-icons-5.113.0/scalable/mimetypes/small/32x32/application-vnd.oasis.opendocument.image.svg	pass	177135	84584	92551
svgs/oxygen-icons-5.113.0/scalable/mimetypes/small/32x32/application-vnd.oasis.opendocument.presentation-template.svg	pass	50070	18275	31795
svgs/oxygen-icons-5.113.0/scalable/mimetypes/small/32x32/application-vnd.oasis.opendocument.presentation.svg	pass	50238	18162	32076
svgs/oxygen-icons-5.113.0/scalable/mimetypes/small/32x32/application-vnd.oasis.opendocument.spreadsheet-template.svg	pass	44783	17046	27737
svgs/oxygen-icons-5.113.0/scalable/mimetypes/small/32x32/application-vnd.oasis.opendocument.spreadsheet.svg	pass	40482	16947	23535
svgs/oxygen-icons-5.113.0/scalable/mimetypes/small/32x32/application-vnd.oasis.opendocument.text-template.svg	pass	348676	202807	145869
svgs/oxygen-icons-5.113.0/scalable/mimetypes/small/32x32/application-vnd.oasis.opendocument.text.svg	pass	346498	202741	143757
svgs/oxygen-icons-5.113.0/scalable/mimetypes/small/32x32/application-vnd.openxmlformats-officedocument.wordprocessingml.document.svg	pass	346498	202741	143757
svgs/oxygen-icons-5.113.0/scalable/mimetypes/small/32x32/application-vnd.rn-realmedia.svg	pass	53050	21329	31721
svgs/oxygen-icons-5.113.0/scalable/mimetypes/small/32x32/application-vnd.scribus.svg	pass	57718	23050	34668
svgs/oxygen-icons-5.113.0/scalable/mimetypes/small/32x32/application-vnd.stardivision.calc.svg	pass	40482	16947	23535
svgs/oxygen-icons-5.113.0/scalable/mimetypes/small/32x32/application-vnd.stardivision.draw.svg	pass	177135	84584	92551
svgs/oxygen-icons-5.113.0/scalable/mimetypes/small/32x32/application-vnd.stardivision.mail.svg	pass	109126	57166	51960
svgs/oxygen-icons-5.113.0/scalable/mimetypes/small/32x32/application-vnd.stardivision.math.svg	pass	66476	26647	39829
svgs/oxygen-icons-5.113.0/scalable/mimetypes/small/32x32/application-vnd.sun.xml.calc.svg	pass	40482	16947	23535
svgs/oxygen-icons-5.113.0/scalable/mimetypes/small/32x32/application-vnd.sun.xml.calc.template.svg	pass	44783	17046	27737
svgs/oxygen-icons-5.113.0/scalable/mimetypes/small/32x32/application-vnd.sun.xml.draw.svg	pass	177135	84584	92551
svgs/oxygen-icons-5.113.0/scalable/mimetypes/small/32x32/application-vnd.sun.xml.draw.template.svg	pass	181367	84670	96697
svgs/oxygen-icons-5.113.0/scalable/mimetypes/small/32x32/application-vnd.sun.xml.math.svg	pass	66476	26647	39829
svgs/oxygen-icons-5.113.0/scalable/mimetypes/small/32x32/application-vnd.wordperfect.svg	pass	350693	203428	147265
svgs/oxygen-icons-5.113.0/scalable/mimetypes/small/32x32/application-x-7z-compressed.svg	pass	162937	68770	94167
svgs/oxygen-icons-5.113.0/scalable/mimetypes/small/32x32/application-x-abiword.svg	pass	346498	202741	143757
svgs/oxygen-icons-5.113.0/scalable/mimetypes/small/32x32/application-x-ace.svg	pass	162937	68770	94167
svgs/oxygen-icons-5.113.0/scalable/mimetypes/small/32x32/application-x-applix-spreadsheet.svg	pass	40482	16947	23535
svgs/oxygen-icons-5.113.0/scalable/mimetypes/small/32x32/application-x-applix-word.svg	pass	336538	196496	140042
svgs/oxygen-icons-5.113.0/scalable/mimetypes/small/32x32/application-x-ar.svg	pass	40454	19475	20979
svgs/oxygen-icons-5.113.0/scalable/mimetypes/small/32x32/application-x-arc.svg	pass	162937	68770	94167
svgs/oxygen-icons-5.113.0/scalable/mimetypes/small/32x32/application-x-archive.svg	pass	40454	19475	20979
svgs/oxygen-icons-5.113.0/scalable/mimetypes/small/32x32/application-x-arj.svg	pass	162937	68770	94167
svgs/oxygen-icons-5.113.0/scalable/mimetypes/small/32x32/application-x-bittorrent.svg	pass	215136	119345	95791
svgs/oxygen-icons-5.113.0/scalable/mimetypes/small/32x32/application-x-blender.svg	pass	39747	20655	19092
svgs/oxygen-icons-5.113.0/scalable/mimetypes/small/32x32/application-x-bzdvi.svg	pass	160706	67618	93088
svgs/oxygen-icons-5.113.0/scalable/mimetypes/small/32x32/application-x-bzip-compressed-tar.svg	pass	162937	68770	94167
svgs/oxygen-icons-5.113.0/scalable/mimetypes/small/32x32/application-x-bzip.svg	pass	241810	62405	179405
svgs/oxygen-icons-5.113.0/scalable/mimetypes/small/32x32/application-x-cd-image.svg	pass	47124	21847	25277
svgs/oxygen-icons-5.113.0/scalable/mimetypes/small/32x32/application-x-cda.svg	pass	75159	35043	40116
svgs/oxygen-icons-5.113.0/scalable/mimetypes/small/32x32/application-x-chm.svg	pass	21073	10039	11034
svgs/oxygen-icons-5.113.0/scalable/mimetypes/small/32x32/application-x-compress.svg	pass	241810	62405	179405
svgs/oxygen-icons-5.113.0/scalable/mimetypes/small/32x32/application-x-compressed-tar.svg	pass	44899	21373	23526
svgs/oxygen-icons-5.113.0/scalable/mimetypes/small/32x32/application-x-cpio.svg	pass	40454	19475	20979
svgs/oxygen-icons-5.113.0/scalable/mimetypes/small/32x32/application-x-cue.svg	pass	287476	140958	146518
svgs/oxygen-icons-5.113.0/scalable/mimetypes/small/32x32/application-x-deb.svg	pass	46818	22102	24716
svgs/oxygen-icons-5.113.0/scalable/mimetypes/small/32x32/application-x-designer.svg	pass	102434	40318	62116
svgs/oxygen-icons-5.113.0/scalable/mimetypes/small/32x32/application-x-desktop.svg	pass	99851	43464	56387
svgs/oxygen-icons-5.113.0/scalable/mimetypes/small/32x32/application-x-egon.svg	pass	78262	38993	39269
svgs/oxygen-icons-5.113.0/scalable/mimetypes/small/32x32/application-x-executable-script.svg	pass	107585	46994	60591
svgs/oxygen-icons-5.113.0/scalable/mimetypes/small/32x32/application-x-executable.svg	pass	99851	43464	56387
svgs/oxygen-icons-5.113.0/scalable/mimetypes/small/32x32/application-x-font-afm.svg	pass	32811	17232	15579
svgs/oxygen-icons-5.113.0/scalable/mimetypes/small/32x32/application-x-font-bdf.svg	pass	36499	20669	15830
svgs/oxygen-icons-5.113.0/scalable/mimetypes/small/32x32/application-x-font-otf.svg	pass	48326	20463	27863
svgs/oxygen-icons-5.113.0/scalable/mimetypes/small/32x32/application-x-font-pcf.svg	pass	36499	20669	15830
svgs/oxygen-icons-5.113.0/scalable/mimetypes/small/32x32/application-x-font-snf.svg	pass	36499	20669	15830
svgs/oxygen-icons-5.113.0/scalable/mimetypes/small/32x32/application-x-font-ttf.svg	pass	45734	19850	25884
svgs/oxygen-icons-5.113.0/scalable/mimetypes/small/32x32/application-x-font-type1.svg	pass	32811	17232	15579
svgs/oxygen-icons-5.113.0/scalable/mimetypes/small/32x32/application-x-gnumeric.svg	pass	40482	16947	23535
svgs/oxygen-icons-5.113.0/scalable/mimetypes/small/32x32/application-x-gzdvi.svg	pass	160706	67618	93088
svgs/oxygen-icons-5.113.0/scalable/mimetypes/small/32x32/application-x-gzip.svg	pass	241810	62405	179405
svgs/oxygen-icons-5.113.0/scalable/mimetypes/small/32x32/application-x-gzpostscript.svg	pass	354489	79461	275028
svgs/oxygen-icons-5.113.0/scalable/mimetypes/small/32x32/application-x-it87.svg	pass	72513	31938	40575
svgs/oxygen-icons-5.113.0/scalable/mimetypes/small/32x32/application-x-java-applet.svg	pass	2781103	1428843	1352260
svgs/oxygen-icons-5.113.0/scalable/mimetypes/small/32x32/application-x-java-archive.svg	pass	45867	21757	24110
svgs/oxygen-icons-5.113.0/scalable/mimetypes/small/32x32/application-x-java.svg	pass	61848	30466	31382
svgs/oxygen-icons-5.113.0/scalable/mimetypes/small/32x32/application-x-javascript.svg	pass	62460	24395	38065
svgs/oxygen-icons-5.113.0/scalable/mimetypes/small/32x32/application-x-k3b.svg	pass	576721	169509	407212
svgs/oxygen-icons-5.113.0/scalable/mimetypes/small/32x32/application-x-kcsrc.svg	pass	58841	22158	36683
svgs/oxygen-icons-5.113.0/scalable/mimetypes/small/32x32/application-x-kexi-connectiondata.svg	pass	135285	49312	85973
svgs/oxygen-icons-5.113.0/scalable/mimetypes/small/32x32/application-x-kexiproject-shortcut.svg	pass	135902	50323	85579
svgs/oxygen-icons-5.113.0/scalable/mimetypes/small/32x32/application-x-kformula.svg	pass	66476	26647	39829
svgs/oxygen-icons-5.113.0/scalable/mimetypes/small/32x32/application-x-kgetlist.svg	pass	37974	18236	19738
svgs/oxygen-icons-5.113.0/scalable/mimetypes/small/32x32/application-x-kontour.svg	pass	33485	15564	17921
svgs/oxygen-icons-5.113.0/scalable/mimetypes/small/32x32/application-x-kplato.svg	pass	46557	18669	27888
svgs/oxygen-icons-5.113.0/scalable/mimetypes/small/32x32/application-x-krita.svg	pass	115807	62819	52988
svgs/oxygen-icons-5.113.0/scalable/mimetypes/small/32x32/application-x-kword.svg	pass	346498	202741	143757
svgs/oxygen-icons-5.113.0/scalable/mimetypes/small/32x32/application-x-lha.svg	pass	162937	68770	94167
svgs/oxygen-icons-5.113.0/scalable/mimetypes/small/32x32/application-x-lyx.svg	pass	344021	199242	144779
svgs/oxygen-icons-5.113.0/scalable/mimetypes/small/32x32/application-x-lzma-compressed-tar.svg	pass	40454	19475	20979
svgs/oxygen-icons-5.113.0/scalable/mimetypes/small/32x32/application-x-lzop.svg	pass	241810	62405	179405
svgs/oxygen-icons-5.113.0/scalable/mimetypes/small/32x32/application-x-m4.svg	pass	102954	48593	54361
svgs/oxygen-icons-5.113.0/scalable/mimetypes/small/32x32/application-x-marble.svg	pass	433640	225342	208298
svgs/oxygen-icons-5.113.0/scalable/mimetypes/small/32x32/application-x-mimearchive.svg	pass	109104	57166	51938
svgs/oxygen-icons-5.113.0/scalable/mimetypes/small/32x32/application-x-mplayer2.svg	pass	53050	21329	31721
svgs/oxygen-icons-5.113.0/scalable/mimetypes/small/32x32/application-x-ms-dos-executable.svg	pass	106728	46634	60094
svgs/oxygen-icons-5.113.0/scalable/mimetypes/small/32x32/application-x-mswinurl.svg	pass	778000	364230	413770
svgs/oxygen-icons-5.113.0/scalable/mimetypes/small/32x32/application-x-mswrite.svg	pass	343720	188704	155016
svgs/oxygen-icons-5.113.0/scalable/mimetypes/small/32x32/application-x-nzb.svg	pass	32866	16842	16024
svgs/oxygen-icons-5.113.0/scalable/mimetypes/small/32x32/application-x-object.svg	pass	46897	14793	32104
svgs/oxygen-icons-5.113.0/scalable/mimetypes/small/32x32/application-x-pak.svg	pass	241810	62405	179405
svgs/oxygen-icons-5.113.0/scalable/mimetypes/small/32x32/application-x-pem-key.svg	pass	427766	78029	349737
svgs/oxygen-icons-5.113.0/scalable/mimetypes/small/32x32/application-x-perl.svg	pass	442600	259851	182749
svgs/oxygen-icons-5.113.0/scalable/mimetypes/small/32x32/application-x-php.svg	pass	40455	15454	25001
svgs/oxygen-icons-5.113.0/scalable/mimetypes/small/32x32/application-x-plasma.svg	pass	62107	27310	34797
svgs/oxygen-icons-5.113.0/scalable/mimetypes/small/32x32/application-x-python-bytecode.svg	pass	46897	14793	32104
svgs/oxygen-icons-5.113.0/scalable/mimetypes/small/32x32/application-x-qet-element.svg	pass	40280	15041	25239
svgs/oxygen-icons-5.113.0/scalable/mimetypes/small/32x32/application-x-qet-project.svg	pass	18833	8846	9987
svgs/oxygen-icons-5.113.0/scalable/mimetypes/small/32x32/application-x-quattropro.svg	pass	40482	16947	23535
svgs/oxygen-icons-5.113.0/scalable/mimetypes/small/32x32/application-x-rar.svg	pass	162937	68770	94167
svgs/oxygen-icons-5.113.0/scalable/mimetypes/small/32x32/application-x-rpm.svg	pass	47229	22262	24967
svgs/oxygen-icons-5.113.0/scalable/mimetypes/small/32x32/application-x-ruby.svg	pass	187670	74734	112936
svgs/oxygen-icons-5.113.0/scalable/mimetypes/small/32x32/application-x-sharedlib.svg	pass	46897	14793	32104
svgs/oxygen-icons-5.113.0/scalable/mimetypes/small/32x32/application-x-shellscript.svg	pass	25061	11135	13926
svgs/oxygen-icons-5.113.0/scalable/mimetypes/small/32x32/application-x-shockwave-flash.svg	pass	53094	21395	31699
svgs/oxygen-icons-5.113.0/scalable/mimetypes/small/32x32/application-x-siag.svg	pass	40482	16947	23535
svgs/oxygen-icons-5.113.0/scalable/mimetypes/small/32x32/application-x-srt.svg	pass	635258	253007	382251
svgs/oxygen-icons-5.113.0/scalable/mimetypes/small/32x32/application-x-srtrip.svg	pass	635258	253007	382251
svgs/oxygen-icons-5.113.0/scalable/mimetypes/small/32x32/application-x-subrip.svg	pass	636940	253459	383481
svgs/oxygen-icons-5.113.0/scalable/mimetypes/small/32x32/application-x-tar.svg	pass	40454	19475	20979
svgs/oxygen-icons-5.113.0/scalable/mimetypes/small/32x32/application-x-tarz.svg	pass	162937	68770	94167
svgs/oxygen-icons-5.113.0/scalable/mimetypes/small/32x32/application-x-tgif.svg	pass	33485	15564	17921
svgs/oxygen-icons-5.113.0/scalable/mimetypes/small/32x32/application-x-trash.svg	pass	30267	14539	15728
svgs/oxygen-icons-5.113.0/scalable/mimetypes/small/32x32/application-x-troff-man.svg	pass	40834	14593	26241
svgs/oxygen-icons-5.113.0/scalable/mimetypes/small/32x32/application-x-tzo.svg	pass	162937	68770	94167
svgs/oxygen-icons-5.113.0/scalable/mimetypes/small/32x32/application-x-wmf.svg	pass	33485	15564	17921
svgs/oxygen-icons-5.113.0/scalable/mimetypes/small/32x32/application-x-zerosize.svg	pass	16659	7472	9187
svgs/oxygen-icons-5.113.0/scalable/mimetypes/small/32x32/application-x-zoo.svg	pass	162937	68770	94167
svgs/oxygen-icons-5.113.0/scalable/mimetypes/small/32x32/application-xhtml+xml.svg	pass	805213	370892	434321
svgs/oxygen-icons-5.113.0/scalable/mimetypes/small/32x32/application-xml.svg	pass	39461	14193	25268
svgs/oxygen-icons-5.113.0/scalable/mimetypes/small/32x32/application-xsd.svg	pass	646788	272265	374523
svgs/oxygen-icons-5.113.0/scalable/mimetypes/small/32x32/application-xslt+xml.svg	pass	778000	364230	413770
svgs/oxygen-icons-5.113.0/scalable/mimetypes/small/32x32/application-zip.svg	pass	162937	68770	94167
svgs/oxygen-icons-5.113.0/scalable/mimetypes/small/32x32/audio-ac3.svg	pass	111863	43911	67952
svgs/oxygen-icons-5.113.0/scalable/mimetypes/small/32x32/audio-midi.svg	pass	274584	36320	238264
svgs/oxygen-icons-5.113.0/scalable/mimetypes/small/32x32/audio-prs.sid.svg	pass	274584	36320	238264
svgs/oxygen-icons-5.113.0/scalable/mimetypes/small/32x32/audio-vn.rn-realmedia.svg	pass	53050	21329	31721
svgs/oxygen-icons-5.113.0/scalable/mimetypes/small/32x32/audio-vnd.rn-realvideo.svg	pass	53050	21329	31721
svgs/oxygen-icons-5.113.0/scalable/mimetypes/small/32x32/audio-x-adpcm.svg	pass	57483	30355	27128
svgs/oxygen-icons-5.113.0/scalable/mimetypes/small/32x32/audio-x-aiff.svg	pass	57483	30355	27128
svgs/oxygen-icons-5.113.0/scalable/mimetypes/small/32x32/audio-x-flac+ogg.svg	pass	111863	43911	67952
svgs/oxygen-icons-5.113.0/scalable/mimetypes/small/32x32/audio-x-flac.svg	pass	111863	43911	67952
svgs/oxygen-icons-5.113.0/scalable/mimetypes/small/32x32/audio-x-generic.svg	pass	111863	43911	67952
svgs/oxygen-icons-5.113.0/scalable/mimetypes/small/32x32/audio-x-monkey.svg	pass	111863	43911	67952
svgs/oxygen-icons-5.113.0/scalable/mimetypes/small/32x32/audio-x-speex+ogg.svg	pass	144987	75319	69668
svgs/oxygen-icons-5.113.0/scalable/mimetypes/small/32x32/audio-x-wav.svg	pass	57483	30355	27128
svgs/oxygen-icons-5.113.0/scalable/mimetypes/small/32x32/encrypted.svg	pass	428297	78262	350035
svgs/oxygen-icons-5.113.0/scalable/mimetypes/small/32x32/image-svg+xml-compressed.svg	pass	791140	71123	720017
svgs/oxygen-icons-5.113.0/scalable/mimetypes/small/32x32/image-svg+xml.svg	pass	33485	15564	17921
svgs/oxygen-icons-5.113.0/scalable/mimetypes/small/32x32/image-vnd.dgn.svg	pass	44319	13654	30665
svgs/oxygen-icons-5.113.0/scalable/mimetypes/small/32x32/image-vnd.dwg.svg	pass	25437	12432	13005
svgs/oxygen-icons-5.113.0/scalable/mimetypes/small/32x32/image-x-adobe-dng.svg	pass	79795	39868	39927
svgs/oxygen-icons-5.113.0/scalable/mimetypes/small/32x32/image-x-eps.svg	pass	42209	15686	26523
svgs/oxygen-icons-5.113.0/scalable/mimetypes/small/32x32/image-x-generic.svg	pass	78262	38993	39269
svgs/oxygen-icons-5.113.0/scalable/mimetypes/small/32x32/image-x-vnd.trolltech.qpicture.svg	pass	41719	15695	26024
svgs/oxygen-icons-5.113.0/scalable/mimetypes/small/32x32/image-x-xfig.svg	pass	33485	15564	17921
svgs/oxygen-icons-5.113.0/scalable/mimetypes/small/32x32/inode-directory.svg	pass	133192	119977	13215
svgs/oxygen-icons-5.113.0/scalable/mimetypes/small/32x32/message-news.svg	pass	147870	9907	137963
svgs/oxygen-icons-5.113.0/scalable/mimetypes/small/32x32/message-partial.svg	pass	111755	58212	53543
svgs/oxygen-icons-5.113.0/scalable/mimetypes/small/32x32/message-rfc822.svg	pass	109104	57166	51938
svgs/oxygen-icons-5.113.0/scalable/mimetypes/small/32x32/message-x-gnu-rmail.svg	pass	109104	57166	51938
svgs/oxygen-icons-5.113.0/scalable/mimetypes/small/32x32/message.svg	pass	109104	57166	51938
svgs/oxygen-icons-5.113.0/scalable/mimetypes/small/32x32/package-x-generic.svg	pass	40454	19475	20979
svgs/oxygen-icons-5.113.0/scalable/mimetypes/small/32x32/text-calendar.svg	pass	86517	36512	50005
svgs/oxygen-icons-5.113.0/scalable/mimetypes/small/32x32/text-css.svg	pass	592871	235666	357205
svgs/oxygen-icons-5.113.0/scalable/mimetypes/small/32x32/text-csv.svg	pass	43480	18759	24721
svgs/oxygen-icons-5.113.0/scalable/mimetypes/small/32x32/text-directory.svg	pass	111130	46438	64692
svgs/oxygen-icons-5.113.0/scalable/mimetypes/small/32x32/text-enriched.svg	pass	162337	127554	34783
svgs/oxygen-icons-5.113.0/scalable/mimetypes/small/32x32/text-html.svg	pass	778000	364230	413770
svgs/oxygen-icons-5.113.0/scalable/mimetypes/small/32x32/text-mathml.svg	pass	56857	20454	36403
svgs/oxygen-icons-5.113.0/scalable/mimetypes/small/32x32/text-plain.svg	pass	594932	236535	358397
svgs/oxygen-icons-5.113.0/scalable/mimetypes/small/32x32/text-rdf+xml.svg	pass	23467	10225	13242
svgs/oxygen-icons-5.113.0/scalable/mimetypes/small/32x32/text-rdf.svg	pass	23467	10225	13242
svgs/oxygen-icons-5.113.0/scalable/mimetypes/small/32x32/text-rtf.svg	pass	336538	196496	140042
svgs/oxygen-icons-5.113.0/scalable/mimetypes/small/32x32/text-sgml.svg	pass	152988	123521	29467
svgs/oxygen-icons-5.113.0/scalable/mimetypes/small/32x32/text-troff.svg	pass	562108	173575	388533
svgs/oxygen-icons-5.113.0/scalable/mimetypes/small/32x32/text-vcalendar.svg	pass	86517	36512	50005
svgs/oxygen-icons-5.113.0/scalable/mimetypes/small/32x32/text-vnd.abc.svg	pass	111863	43911	67952
svgs/oxygen-icons-5.113.0/scalable/mimetypes/small/32x32/text-vnd.wap.wml.svg	pass	991686	395480	596206
svgs/oxygen-icons-5.113.0/scalable/mimetypes/small/32x32/text-x-authors.svg	pass	170245	131384	38861
svgs/oxygen-icons-5.113.0/scalable/mimetypes/small/32x32/text-x-bibtex.svg	pass	25209	12989	12220
svgs/oxygen-icons-5.113.0/scalable/mimetypes/small/32x32/text-x-c++hdr.svg	pass	60521	24472	36049
svgs/oxygen-icons-5.113.0/scalable/mimetypes/small/32x32/text-x-c++src.svg	pass	73376	24855	48521
svgs/oxygen-icons-5.113.0/scalable/mimetypes/small/32x32/text-x-changelog.svg	pass	594932	236535	358397
svgs/oxygen-icons-5.113.0/scalable/mimetypes/small/32x32/text-x-chdr.svg	pass	62043	20678	41365
svgs/oxygen-icons-5.113.0/scalable/mimetypes/small/32x32/text-x-cmake.svg	pass	221657	161507	60150
svgs/oxygen-icons-5.113.0/scalable/mimetypes/small/32x32/text-x-copying.svg	pass	176184	135091	41093
svgs/oxygen-icons-5.113.0/scalable/mimetypes/small/32x32/text-x-csharp.svg	pass	76283	29679	46604
svgs/oxygen-icons-5.113.0/scalable/mimetypes/small/32x32/text-x-csrc.svg	pass	41342	20530	20812
svgs/oxygen-icons-5.113.0/scalable/mimetypes/small/32x32/text-x-dtd.svg	pass	991686	395480	596206
svgs/oxygen-icons-5.113.0/scalable/mimetypes/small/32x32/text-x-generic.svg	pass	152988	123521	29467
svgs/oxygen-icons-5.113.0/scalable/mimetypes/small/32x32/text-x-haskell.svg	pass	181100	97841	83259
svgs/oxygen-icons-5.113.0/scalable/mimetypes/small/32x32/text-x-hex.svg	pass	23505	11012	12493
svgs/oxygen-icons-5.113.0/scalable/mimetypes/small/32x32/text-x-install.svg	pass	212244	144391	67853
svgs/oxygen-icons-5.113.0/scalable/mimetypes/small/32x32/text-x-java.svg	pass	381243	109777	271466
svgs/oxygen-icons-5.113.0/scalable/mimetypes/small/32x32/text-x-katefilelist.svg	pass	185014	139350	45664
svgs/oxygen-icons-5.113.0/scalable/mimetypes/small/32x32/text-x-ldif.svg	pass	89838	46315	43523
svgs/oxygen-icons-5.113.0/scalable/mimetypes/small/32x32/text-x-lilypond.svg	pass	218980	15302	203678
svgs/oxygen-icons-5.113.0/scalable/mimetypes/small/32x32/text-x-log.svg	pass	156118	124832	31286
svgs/oxygen-icons-5.113.0/scalable/mimetypes/small/32x32/text-x-makefile.svg	pass	249164	94848	154316
svgs/oxygen-icons-5.113.0/scalable/mimetypes/small/32x32/text-x-nfo.svg	pass	152988	123521	29467
svgs/oxygen-icons-5.113.0/scalable/mimetypes/small/32x32/text-x-objchdr.svg	pass	62043	20678	41365
svgs/oxygen-icons-5.113.0/scalable/mimetypes/small/32x32/text-x-objcsrc.svg	pass	41342	20530	20812
svgs/oxygen-icons-5.113.0/scalable/mimetypes/small/32x32/text-x-pascal.svg	pass	1336549	1044921	291628
svgs/oxygen-icons-5.113.0/scalable/mimetypes/small/32x32/text-x-patch.svg	pass	123572	32005	91567
svgs/oxygen-icons-5.113.0/scalable/mimetypes/small/32x32/text-x-po.svg	pass	165038	112773	52265
svgs/oxygen-icons-5.113.0/scalable/mimetypes/small/32x32/text-x-python.svg	pass	56156	34196	21960
svgs/oxygen-icons-5.113.0/scalable/mimetypes/small/32x32/text-x-qml.svg	pass	38129	19923	18206
svgs/oxygen-icons-5.113.0/scalable/mimetypes/small/32x32/text-x-readme.svg	pass	577318	336438	240880
svgs/oxygen-icons-5.113.0/scalable/mimetypes/small/32x32/text-x-rpm-spec.svg	pass	24509	11270	13239
svgs/oxygen-icons-5.113.0/scalable/mimetypes/small/32x32/text-x-script.svg	pass	25061	11135	13926
svgs/oxygen-icons-5.113.0/scalable/mimetypes/small/32x32/text-x-sql.svg	pass	83887	36070	47817
svgs/oxygen-icons-5.113.0/scalable/mimetypes/small/32x32/text-x-tex.svg	pass	25209	12989	12220
svgs/oxygen-icons-5.113.0/scalable/mimetypes/small/32x32/text-x-texinfo.svg	pass	33879	16047	17832
svgs/oxygen-icons-5.113.0/scalable/mimetypes/small/32x32/text-x-vcard.svg	pass	89838	46315	43523
svgs/oxygen-icons-5.113.0/scalable/mimetypes/small/32x32/text-x-xslfo.svg	pass	991686	395480	596206
svgs/oxygen-icons-5.113.0/scalable/mimetypes/small/32x32/text-xmcd.svg	pass	75159	35043	40116
svgs/oxygen-icons-5.113.0/scalable/mimetypes/small/32x32/text-xml.svg	pass	39700	14193	25507
svgs/oxygen-icons-5.113.0/scalable/mimetypes/small/32x32/unknown.svg	pass	33410	17026	16384
svgs/oxygen-icons-5.113.0/scalable/mimetypes/small/32x32/uri-mms.svg	pass	2751822	1419617	1332205
svgs/oxygen-icons-5.113.0/scalable/mimetypes/small/32x32/uri-mmst.svg	pass	2751822	1419617	1332205
svgs/oxygen-icons-5.113.0/scalable/mimetypes/small/32x32/uri-mmsu.svg	pass	2751822	1419617	1332205
svgs/oxygen-icons-5.113.0/scalable/mimetypes/small/32x32/uri-pnm.svg	pass	2751822	1419617	1332205
svgs/oxygen-icons-5.113.0/scalable/mimetypes/small/32x32/uri-rtspt.svg	pass	2751822	1419617	1332205
svgs/oxygen-icons-5.113.0/scalable/mimetypes/small/32x32/uri-rtspu.svg	pass	2751822	1419617	1332205
svgs/oxygen-icons-5.113.0/scalable/mimetypes/small/32x32/video-x-generic.svg	pass	53050	21329	31721
svgs/oxygen-icons-5.113.0/scalable/mimetypes/small/32x32/video-x-mng.svg	pass	78262	38993	39269
svgs/oxygen-icons-5.113.0/scalable/mimetypes/small/32x32/x-kde-nsplugin-generated.svg	pass	37918	20346	17572
svgs/oxygen-icons-5.113.0/scalable/mimetypes/small/32x32/x-media-podcast.svg	pass	76346	33373	42973
svgs/oxygen-icons-5.113.0/scalable/mimetypes/small/32x32/x-office-address-book.svg	pass	2981996	2323868	658128
svgs/oxygen-icons-5.113.0/scalable/mimetypes/small/32x32/x-office-calendar.svg	pass	86517	36512	50005
svgs/oxygen-icons-5.113.0/scalable/mimetypes/small/32x32/x-office-document.svg	pass	38683	13665	25018
svgs/oxygen-icons-5.113.0/scalable/mimetypes/small/32x32/x-office-presentation.svg	pass	50238	18162	32076
svgs/oxygen-icons-5.113.0/scalable/mimetypes/small/32x32/x-office-spreadsheet.svg	pass	40482	16947	23535
svgs/oxygen-icons-5.113.0/scalable/mimetypes/small/48x48/application-epub+zip.svg	pass	2779759	2318018	461741
svgs/oxygen-icons-5.113.0/scalable/mimetypes/small/48x48/application-illustrator.svg	pass	22772	11183	11589
svgs/oxygen-icons-5.113.0/scalable/mimetypes/small/48x48/application-javascript.svg	pass	42240	20974	21266
svgs/oxygen-icons-5.113.0/scalable/mimetypes/small/48x48/application-msword-template.svg	pass	791525	409785	381740
svgs/oxygen-icons-5.113.0/scalable/mimetypes/small/48x48/application-msword.svg	pass	788632	410380	378252
svgs/oxygen-icons-5.113.0/scalable/mimetypes/small/48x48/application-octet-stream.svg	pass	112065	51339	60726
svgs/oxygen-icons-5.113.0/scalable/mimetypes/small/48x48/application-pdf.svg	pass	91881	9884	81997
svgs/oxygen-icons-5.113.0/scalable/mimetypes/small/48x48/application-pgp-encrypted.svg	pass	180842	18342	162500
svgs/oxygen-icons-5.113.0/scalable/mimetypes/small/48x48/application-pgp-keys.svg	pass	406011	77680	328331
svgs/oxygen-icons-5.113.0/scalable/mimetypes/small/48x48/application-pkcs7-mime.svg	pass	406011	77680	328331
svgs/oxygen-icons-5.113.0/scalable/mimetypes/small/48x48/application-postscript.svg	pass	133067	28245	104822
svgs/oxygen-icons-5.113.0/scalable/mimetypes/small/48x48/application-relaxng.svg	pass	502846	200871	301975
svgs/oxygen-icons-5.113.0/scalable/mimetypes/small/48x48/application-rtf.svg	pass	191038	127115	63923
svgs/oxygen-icons-5.113.0/scalable/mimetypes/small/48x48/application-sxw.svg	pass	253514	160131	93383
svgs/oxygen-icons-5.113.0/scalable/mimetypes/small/48x48/application-vnd-google-earth-kml.svg	pass	97615	10119	87496
svgs/oxygen-icons-5.113.0/scalable/mimetypes/small/48x48/application-vnd.iccprofile.svg	pass	72493	31544	40949
svgs/oxygen-icons-5.113.0/scalable/mimetypes/small/48x48/application-vnd.ms-access.svg	pass	166954	39162	127792
svgs/oxygen-icons-5.113.0/scalable/mimetypes/small/48x48/application-vnd.ms-excel.svg	pass	72308	20868	51440
svgs/oxygen-icons-5.113.0/scalable/mimetypes/small/48x48/application-vnd.ms-powerpoint.svg	pass	131222	23191	108031
svgs/oxygen-icons-5.113.0/scalable/mimetypes/small/48x48/application-vnd.oasis.opendocument.chart.svg	pass	81733	30652	51081
svgs/oxygen-icons-5.113.0/scalable/mimetypes/small/48x48/application-vnd.oasis.opendocument.database.svg	pass	236380	63234	173146
svgs/oxygen-icons-5.113.0/scalable/mimetypes/small/48x48/application-vnd.oasis.opendocument.formula-template.svg	pass	71601	26504	45097
svgs/oxygen-icons-5.113.0/scalable/mimetypes/small/48x48/application-vnd.oasis.opendocument.formula.svg	pass	69068	27062	42006
svgs/oxygen-icons-5.113.0/scalable/mimetypes/small/48x48/application-vnd.oasis.opendocument.graphics.svg	pass	86888	22054	64834
svgs/oxygen-icons-5.113.0/scalable/mimetypes/small/48x48/application-vnd.oasis.opendocument.image.svg	pass	240423	85026	155397
svgs/oxygen-icons-5.113.0/scalable/mimetypes/small/48x48/application-vnd.oasis.opendocument.presentation-template.svg	pass	156055	20959	135096
svgs/oxygen-icons-5.113.0/scalable/mimetypes/small/48x48/application-vnd.oasis.opendocument.presentation.svg	pass	128218	21467	106751
svgs/oxygen-icons-5.113.0/scalable/mimetypes/small/48x48/application-vnd.oasis.opendocument.spreadsheet-template.svg	pass	43446	19224	24222
svgs/oxygen-icons-5.113.0/scalable/mimetypes/small/48x48/application-vnd.oasis.opendocument.spreadsheet.svg	pass	67958	18834	49124
svgs/oxygen-icons-5.113.0/scalable/mimetypes/small/48x48/application-vnd.oasis.opendocument.text.svg	pass	891726	471976	419750
svgs/oxygen-icons-5.113.0/scalable/mimetypes/small/48x48/application-vnd.openxmlformats-officedocument.wordprocessingml.document.svg	pass	891726	471976	419750
svgs/oxygen-icons-5.113.0/scalable/mimetypes/small/48x48/application-vnd.rn-realmedia.svg	pass	89625	33614	56011
svgs/oxygen-icons-5.113.0/scalable/mimetypes/small/48x48/application-vnd.scribus.svg	pass	128460	24538	103922
svgs/oxygen-icons-5.113.0/scalable/mimetypes/small/48x48/application-vnd.stardivision.calc.svg	pass	67958	18834	49124
svgs/oxygen-icons-5.113.0/scalable/mimetypes/small/48x48/application-vnd.stardivision.draw.svg	pass	240423	85026	155397
svgs/oxygen-icons-5.113.0/scalable/mimetypes/small/48x48/application-vnd.stardivision.mail.svg	pass	244355	136490	107865
svgs/oxygen-icons-5.113.0/scalable/mimetypes/small/48x48/application-vnd.stardivision.math.svg	pass	69068	27062	42006
svgs/oxygen-icons-5.113.0/scalable/mimetypes/small/48x48/application-vnd.sun.xml.calc.svg	pass	67958	18834	49124
svgs/oxygen-icons-5.113.0/scalable/mimetypes/small/48x48/application-vnd.sun.xml.calc.template.svg	pass	66252	19224	47028
svgs/oxygen-icons-5.113.0/scalable/mimetypes/small/48x48/application-vnd.sun.xml.draw.svg	pass	240423	85026	155397
svgs/oxygen-icons-5.113.0/scalable/mimetypes/small/48x48/application-vnd.sun.xml.draw.template.svg	pass	243412	84466	158946
svgs/oxygen-icons-5.113.0/scalable/mimetypes/small/48x48/application-vnd.sun.xml.math.svg	pass	69068	27062	42006
svgs/oxygen-icons-5.113.0/scalable/mimetypes/small/48x48/application-vnd.sun.xml.writer.template.svg	pass	790426	408498	381928
svgs/oxygen-icons-5.113.0/scalable/mimetypes/small/48x48/application-vnd.wordperfect.svg	pass	787845	409958	377887
svgs/oxygen-icons-5.113.0/scalable/mimetypes/small/48x48/application-x-7z-compressed.svg	pass	266776	101386	165390
svgs/oxygen-icons-5.113.0/scalable/mimetypes/small/48x48/application-x-abiword.svg	pass	891726	471976	419750
svgs/oxygen-icons-5.113.0/scalable/mimetypes/small/48x48/application-x-ace.svg	pass	266776	101386	165390
svgs/oxygen-icons-5.113.0/scalable/mimetypes/small/48x48/application-x-applix-spreadsheet.svg	pass	67958	18834	49124
svgs/oxygen-icons-5.113.0/scalable/mimetypes/small/48x48/application-x-applix-word.svg	pass	875720	465067	410653
svgs/oxygen-icons-5.113.0/scalable/mimetypes/small/48x48/application-x-ar.svg	pass	72870	35863	37007
svgs/oxygen-icons-5.113.0/scalable/mimetypes/small/48x48/application-x-arc.svg	pass	266776	101386	165390
svgs/oxygen-icons-5.113.0/scalable/mimetypes/small/48x48/application-x-archive.svg	pass	72870	35863	37007
svgs/oxygen-icons-5.113.0/scalable/mimetypes/small/48x48/application-x-arj.svg	pass	266776	101386	165390
svgs/oxygen-icons-5.113.0/scalable/mimetypes/small/48x48/application-x-bittorrent.svg	pass	351898	137529	214369
svgs/oxygen-icons-5.113.0/scalable/mimetypes/small/48x48/application-x-blender.svg	pass	47942	26015	21927
svgs/oxygen-icons-5.113.0/scalable/mimetypes/small/48x48/application-x-bzdvi.svg	pass	265285	100433	164852
svgs/oxygen-icons-5.113.0/scalable/mimetypes/small/48x48/application-x-bzip-compressed-tar.svg	pass	266776	101386	165390
svgs/oxygen-icons-5.113.0/scalable/mimetypes/small/48x48/application-x-bzip.svg	pass	257195	93866	163329
svgs/oxygen-icons-5.113.0/scalable/mimetypes/small/48x48/application-x-cd-image.svg	pass	104141	44259	59882
svgs/oxygen-icons-5.113.0/scalable/mimetypes/small/48x48/application-x-cda.svg	pass	126876	54238	72638
svgs/oxygen-icons-5.113.0/scalable/mimetypes/small/48x48/application-x-chm.svg	pass	24315	12542	11773
svgs/oxygen-icons-5.113.0/scalable/mimetypes/small/48x48/application-x-compress.svg	pass	257195	93866	163329
svgs/oxygen-icons-5.113.0/scalable/mimetypes/small/48x48/application-x-compressed-tar.svg	pass	83574	39812	43762
svgs/oxygen-icons-5.113.0/scalable/mimetypes/small/48x48/application-x-cpio.svg	pass	72870	35863	37007
svgs/oxygen-icons-5.113.0/scalable/mimetypes/small/48x48/application-x-cue.svg	pass	341761	162054	179707
svgs/oxygen-icons-5.113.0/scalable/mimetypes/small/48x48/application-x-deb.svg	pass	86990	41269	45721
svgs/oxygen-icons-5.113.0/scalable/mimetypes/small/48x48/application-x-designer.svg	pass	175434	56627	118807
svgs/oxygen-icons-5.113.0/scalable/mimetypes/small/48x48/application-x-desktop.svg	pass	99500	43289	56211
svgs/oxygen-icons-5.113.0/scalable/mimetypes/small/48x48/application-x-egon.svg	pass	192221	153709	38512
svgs/oxygen-icons-5.113.0/scalable/mimetypes/small/48x48/application-x-executable-script.svg	pass	108145	46436	61709
svgs/oxygen-icons-5.113.0/scalable/mimetypes/small/48x48/application-x-executable.svg	pass	99500	43289	56211
svgs/oxygen-icons-5.113.0/scalable/mimetypes/small/48x48/application-x-font-afm.svg	pass	32878	18198	14680
svgs/oxygen-icons-5.113.0/scalable/mimetypes/small/48x48/application-x-font-bdf.svg	pass	113991	20195	93796
svgs/oxygen-icons-5.113.0/scalable/mimetypes/small/48x48/application-x-font-otf.svg	pass	47521	20450	27071
svgs/oxygen-icons-5.113.0/scalable/mimetypes/small/48x48/application-x-font-pcf.svg	pass	113991	20195	93796
svgs/oxygen-icons-5.113.0/scalable/mimetypes/small/48x48/application-x-font-snf.svg	pass	113991	20195	93796
svgs/oxygen-icons-5.113.0/scalable/mimetypes/small/48x48/application-x-font-ttf.svg	pass	118266	20265	98001
svgs/oxygen-icons-5.113.0/scalable/mimetypes/small/48x48/application-x-font-type1.svg	pass	32878	18198	14680
svgs/oxygen-icons-5.113.0/scalable/mimetypes/small/48x48/application-x-gnumeric.svg	pass	67958	18834	49124
svgs/oxygen-icons-5.113.0/scalable/mimetypes/small/48x48/application-x-gzdvi.svg	pass	265285	100433	164852
svgs/oxygen-icons-5.113.0/scalable/mimetypes/small/48x48/application-x-gzip.svg	pass	257195	93866	163329
svgs/oxygen-icons-5.113.0/scalable/mimetypes/small/48x48/application-x-gzpostscript.svg	pass	301807	115337	186470
svgs/oxygen-icons-5.113.0/scalable/mimetypes/small/48x48/application-x-it87.svg	pass	72493	31544	40949
svgs/oxygen-icons-5.113.0/scalable/mimetypes/small/48x48/application-x-java-applet.svg	pass	1470406	792787	677619
svgs/oxygen-icons-5.113.0/scalable/mimetypes/small/48x48/application-x-java-archive.svg	pass	81191	38779	42412
svgs/oxygen-icons-5.113.0/scalable/mimetypes/small/48x48/application-x-java.svg	pass	174573	46526	128047
svgs/oxygen-icons-5.113.0/scalable/mimetypes/small/48x48/application-x-javascript.svg	pass	42240	20974	21266
svgs/oxygen-icons-5.113.0/scalable/mimetypes/small/48x48/application-x-k3b.svg	mismatch	574861	170224	404637
svgs/oxygen-icons-5.113.0/scalable/mimetypes/small/48x48/application-x-kcsrc.svg	pass	190363	51819	138544
svgs/oxygen-icons-5.113.0/scalable/mimetypes/small/48x48/application-x-kexi-connectiondata.svg	pass	275857	75056	200801
svgs/oxygen-icons-5.113.0/scalable/mimetypes/small/48x48/application-x-kexiproject-shortcut.svg	pass	276617	76061	200556
svgs/oxygen-icons-5.113.0/scalable/mimetypes/small/48x48/application-x-kformula.svg	pass	69068	27062	42006
svgs/oxygen-icons-5.113.0/scalable/mimetypes/small/48x48/application-x-kgetlist.svg	pass	77397	33010	44387
svgs/oxygen-icons-5.113.0/scalable/mimetypes/small/48x48/application-x-kontour.svg	pass	32347	15175	17172
svgs/oxygen-icons-5.113.0/scalable/mimetypes/small/48x48/application-x-kplato.svg	pass	68155	18917	49238
svgs/oxygen-icons-5.113.0/scalable/mimetypes/small/48x48/application-x-krita.svg	pass	98982	62282	36700
svgs/oxygen-icons-5.113.0/scalable/mimetypes/small/48x48/application-x-kword.svg	pass	891726	471976	419750
svgs/oxygen-icons-5.113.0/scalable/mimetypes/small/48x48/application-x-lha.svg	pass	266776	101386	165390
svgs/oxygen-icons-5.113.0/scalable/mimetypes/small/48x48/application-x-lyx.svg	pass	890499	470566	419933
svgs/oxygen-icons-5.113.0/scalable/mimetypes/small/48x48/application-x-lzma-compressed-tar.svg	pass	72870	35863	37007
svgs/oxygen-icons-5.113.0/scalable/mimetypes/small/48x48/application-x-lzop.svg	pass	257195	93866	163329
svgs/oxygen-icons-5.113.0/scalable/mimetypes/small/48x48/application-x-m4.svg	pass	207864	76590	131274
svgs/oxygen-icons-5.113.0/scalable/mimetypes/small/48x48/application-x-marble.svg	pass	464017	224815	239202
svgs/oxygen-icons-5.113.0/scalable/mimetypes/small/48x48/application-x-mimearchive.svg	pass	244355	136490	107865
svgs/oxygen-icons-5.113.0/scalable/mimetypes/small/48x48/application-x-mplayer2.svg	pass	89625	33614	56011
svgs/oxygen-icons-5.113.0/scalable/mimetypes/small/48x48/application-x-ms-dos-executable.svg	pass	114002	47269	66733
svgs/oxygen-icons-5.113.0/scalable/mimetypes/small/48x48/application-x-mswinurl.svg	pass	2386718	1124327	1262391
svgs/oxygen-icons-5.113.0/scalable/mimetypes/small/48x48/application-x-mswrite.svg	pass	892024	457934	434090
svgs/oxygen-icons-5.113.0/scalable/mimetypes/small/48x48/application-x-nzb.svg	pass	33997	17256	16741
svgs/oxygen-icons-5.113.0/scalable/mimetypes/small/48x48/application-x-object.svg	pass	112065	51339	60726
svgs/oxygen-icons-5.113.0/scalable/mimetypes/small/48x48/application-x-pak.svg	pass	257195	93866	163329
svgs/oxygen-icons-5.113.0/scalable/mimetypes/small/48x48/application-x-pem-key.svg	pass	406011	77680	328331
svgs/oxygen-icons-5.113.0/scalable/mimetypes/small/48x48/application-x-perl.svg	pass	438353	261059	177294
svgs/oxygen-icons-5.113.0/scalable/mimetypes/small/48x48/application-x-php.svg	pass	33069	15329	17740
svgs/oxygen-icons-5.113.0/scalable/mimetypes/small/48x48/application-x-plasma.svg	pass	152020	71323	80697
svgs/oxygen-icons-5.113.0/scalable/mimetypes/small/48x48/application-x-python-bytecode.svg	pass	112065	51339	60726
svgs/oxygen-icons-5.113.0/scalable/mimetypes/small/48x48/application-x-qet-element.svg	pass	40308	16493	23815
svgs/oxygen-icons-5.113.0/scalable/mimetypes/small/48x48/application-x-qet-project.svg	pass	126386	59148	67238
svgs/oxygen-icons-5.113.0/scalable/mimetypes/small/48x48/application-x-quattropro.svg	pass	67958	18834	49124
svgs/oxygen-icons-5.113.0/scalable/mimetypes/small/48x48/application-x-rar.svg	pass	266776	101386	165390
svgs/oxygen-icons-5.113.0/scalable/mimetypes/small/48x48/application-x-rpm.svg	pass	87147	41752	45395
svgs/oxygen-icons-5.113.0/scalable/mimetypes/small/48x48/application-x-ruby.svg	pass	255259	70744	184515
svgs/oxygen-icons-5.113.0/scalable/mimetypes/small/48x48/application-x-sharedlib.svg	pass	112065	51339	60726
svgs/oxygen-icons-5.113.0/scalable/mimetypes/small/48x48/application-x-shellscript.svg	pass	78175	13958	64217
svgs/oxygen-icons-5.113.0/scalable/mimetypes/small/48x48/application-x-shockwave-flash.svg	pass	89704	33680	56024
svgs/oxygen-icons-5.113.0/scalable/mimetypes/small/48x48/application-x-siag.svg	pass	67958	18834	49124
svgs/oxygen-icons-5.113.0/scalable/mimetypes/small/48x48/application-x-srt.svg	pass	449832	210091	239741
svgs/oxygen-icons-5.113.0/scalable/mimetypes/small/48x48/application-x-subrip.svg	pass	450807	210559	240248
svgs/oxygen-icons-5.113.0/scalable/mimetypes/small/48x48/application-x-tar.svg	pass	72870	35863	37007
svgs/oxygen-icons-5.113.0/scalable/mimetypes/small/48x48/application-x-tarz.svg	pass	266776	101386	165390
svgs/oxygen-icons-5.113.0/scalable/mimetypes/small/48x48/application-x-tgif.svg	pass	32347	15175	17172
svgs/oxygen-icons-5.113.0/scalable/mimetypes/small/48x48/application-x-trash.svg	pass	30750	15437	15313
svgs/oxygen-icons-5.113.0/scalable/mimetypes/small/48x48/application-x-troff-man.svg	pass	40125	14059	26066
svgs/oxygen-icons-5.113.0/scalable/mimetypes/small/48x48/application-x-tzo.svg	pass	266776	101386	165390
svgs/oxygen-icons-5.113.0/scalable/mimetypes/small/48x48/application-x-wmf.svg	pass	32347	15175	17172
svgs/oxygen-icons-5.113.0/scalable/mimetypes/small/48x48/application-x-zerosize.svg	pass	87375	7091	80284
svgs/oxygen-icons-5.113.0/scalable/mimetypes/small/48x48/application-x-zoo.svg	pass	266776	101386	165390
svgs/oxygen-icons-5.113.0/scalable/mimetypes/small/48x48/application-xhtml+xml.svg	pass	2089578	1128859	960719
svgs/oxygen-icons-5.113.0/scalable/mimetypes/small/48x48/application-xml.svg	pass	42851	19606	23245
svgs/oxygen-icons-5.113.0/scalable/mimetypes/small/48x48/application-xsd.svg	pass	1989798	850046	1139752
svgs/oxygen-icons-5.113.0/scalable/mimetypes/small/48x48/application-xslt+xml.svg	pass	2386752	1124327	1262425
svgs/oxygen-icons-5.113.0/scalable/mimetypes/small/48x48/application-zip.svg	pass	266776	101386	165390
svgs/oxygen-icons-5.113.0/scalable/mimetypes/small/48x48/audio-ac3.svg	pass	118649	48391	70258
svgs/oxygen-icons-5.113.0/scalable/mimetypes/small/48x48/audio-midi.svg	pass	174847	45864	128983
svgs/oxygen-icons-5.113.0/scalable/mimetypes/small/48x48/audio-prs.sid.svg	pass	174847	45864	128983
svgs/oxygen-icons-5.113.0/scalable/mimetypes/small/48x48/audio-vn.rn-realmedia.svg	pass	89625	33614	56011
svgs/oxygen-icons-5.113.0/scalable/mimetypes/small/48x48/audio-vnd.rn-realvideo.svg	pass	89625	33614	56011
svgs/oxygen-icons-5.113.0/scalable/mimetypes/small/48x48/audio-x-adpcm.svg	pass	77553	43277	34276
svgs/oxygen-icons-5.113.0/scalable/mimetypes/small/48x48/audio-x-aiff.svg	pass	55852	29790	26062
svgs/oxygen-icons-5.113.0/scalable/mimetypes/small/48x48/audio-x-flac+ogg.svg	pass	118635	48388	70247
svgs/oxygen-icons-5.113.0/scalable/mimetypes/small/48x48/audio-x-flac.svg	pass	118635	48388	70247
svgs/oxygen-icons-5.113.0/scalable/mimetypes/small/48x48/audio-x-generic.svg	pass	118635	48388	70247
svgs/oxygen-icons-5.113.0/scalable/mimetypes/small/48x48/audio-x-monkey.svg	pass	118635	48388	70247
svgs/oxygen-icons-5.113.0/scalable/mimetypes/small/48x48/audio-x-speex+ogg.svg	pass	143727	74934	68793
svgs/oxygen-icons-5.113.0/scalable/mimetypes/small/48x48/audio-x-wav.svg	pass	55852	29790	26062
svgs/oxygen-icons-5.113.0/scalable/mimetypes/small/48x48/encrypted.svg	pass	407815	78287	329528
svgs/oxygen-icons-5.113.0/scalable/mimetypes/small/48x48/help.svg	mismatch	1193485	574285	619200
svgs/oxygen-icons-5.113.0/scalable/mimetypes/small/48x48/image-svg+xml-compressed.svg	pass	699918	107104	592814
svgs/oxygen-icons-5.113.0/scalable/mimetypes/small/48x48/image-svg+xml.svg	pass	32347	15175	17172
svgs/oxygen-icons-5.113.0/scalable/mimetypes/small/48x48/image-vnd.dgn.svg	pass	139277	27625	111652
svgs/oxygen-icons-5.113.0/scalable/mimetypes/small/48x48/image-vnd.dwg.svg	pass	137659	27277	110382
svgs/oxygen-icons-5.113.0/scalable/mimetypes/small/48x48/image-x-adobe-dng.svg	pass	193631	154489	39142
svgs/oxygen-icons-5.113.0/scalable/mimetypes/small/48x48/image-x-eps.svg	pass	35319	15298	20021
svgs/oxygen-icons-5.113.0/scalable/mimetypes/small/48x48/image-x-generic.svg	pass	192221	153709	38512
svgs/oxygen-icons-5.113.0/scalable/mimetypes/small/48x48/image-x-vnd.trolltech.qpicture.svg	pass	43094	15307	27787
svgs/oxygen-icons-5.113.0/scalable/mimetypes/small/48x48/image-x-xfig.svg	pass	32347	15175	17172
svgs/oxygen-icons-5.113.0/scalable/mimetypes/small/48x48/inode-directory.svg	pass	134353	120927	13426
svgs/oxygen-icons-5.113.0/scalable/mimetypes/small/48x48/message-news.svg	pass	143096	7398	135698
svgs/oxygen-icons-5.113.0/scalable/mimetypes/small/48x48/message-partial.svg	pass	247989	137306	110683
svgs/oxygen-icons-5.113.0/scalable/mimetypes/small/48x48/message-rfc822.svg	pass	244355	136490	107865
svgs/oxygen-icons-5.113.0/scalable/mimetypes/small/48x48/message-x-gnu-rmail.svg	pass	244355	136490	107865
svgs/oxygen-icons-5.113.0/scalable/mimetypes/small/48x48/message.svg	pass	244355	136490	107865
svgs/oxygen-icons-5.113.0/scalable/mimetypes/small/48x48/mime2.svg	pass	15311	6937	8374
svgs/oxygen-icons-5.113.0/scalable/mimetypes/small/48x48/package-x-generic.svg	pass	72870	35863	37007
svgs/oxygen-icons-5.113.0/scalable/mimetypes/small/48x48/text-calendar.svg	pass	163048	36070	126978
svgs/oxygen-icons-5.113.0/scalable/mimetypes/small/48x48/text-css.svg	pass	390889	185830	205059
svgs/oxygen-icons-5.113.0/scalable/mimetypes/small/48x48/text-csv.svg	pass	74813	23440	51373
svgs/oxygen-icons-5.113.0/scalable/mimetypes/small/48x48/text-directory.svg	pass	90513	45883	44630
svgs/oxygen-icons-5.113.0/scalable/mimetypes/small/48x48/text-enriched.svg	pass	191038	127115	63923
svgs/oxygen-icons-5.113.0/scalable/mimetypes/small/48x48/text-html.svg	pass	2386718	1124327	1262391
svgs/oxygen-icons-5.113.0/scalable/mimetypes/small/48x48/text-mathml.svg	pass	108904	59253	49651
svgs/oxygen-icons-5.113.0/scalable/mimetypes/small/48x48/text-plain.svg	pass	409417	193618	215799
svgs/oxygen-icons-5.113.0/scalable/mimetypes/small/48x48/text-rdf+xml.svg	pass	1580577	782550	798027
svgs/oxygen-icons-5.113.0/scalable/mimetypes/small/48x48/text-rdf.svg	pass	1580577	782550	798027
svgs/oxygen-icons-5.113.0/scalable/mimetypes/small/48x48/text-rtf.svg	pass	875720	465067	410653
svgs/oxygen-icons-5.113.0/scalable/mimetypes/small/48x48/text-sgml.svg	pass	146088	123756	22332
svgs/oxygen-icons-5.113.0/scalable/mimetypes/small/48x48/text-troff.svg	pass	303054	93804	209250
svgs/oxygen-icons-5.113.0/scalable/mimetypes/small/48x48/text-vcalendar.svg	pass	173874	42968	130906
svgs/oxygen-icons-5.113.0/scalable/mimetypes/small/48x48/text-vnd.abc.svg	pass	118635	48388	70247
svgs/oxygen-icons-5.113.0/scalable/mimetypes/small/48x48/text-vnd.wap.wml.svg	pass	502846	200871	301975
svgs/oxygen-icons-5.113.0/scalable/mimetypes/small/48x48/text-x-authors.svg	pass	164641	131782	32859
svgs/oxygen-icons-5.113.0/scalable/mimetypes/small/48x48/text-x-bibtex.svg	pass	95922	12586	83336
svgs/oxygen-icons-5.113.0/scalable/mimetypes/small/48x48/text-x-c++hdr.svg	pass	51953	23088	28865
svgs/oxygen-icons-5.113.0/scalable/mimetypes/small/48x48/text-x-c++src.svg	pass	43937	21046	22891
svgs/oxygen-icons-5.113.0/scalable/mimetypes/small/48x48/text-x-changelog.svg	pass	409417	193618	215799
svgs/oxygen-icons-5.113.0/scalable/mimetypes/small/48x48/text-x-chdr.svg	pass	37863	16937	20926
svgs/oxygen-icons-5.113.0/scalable/mimetypes/small/48x48/text-x-cmake.svg	pass	290331	162357	127974
svgs/oxygen-icons-5.113.0/scalable/mimetypes/small/48x48/text-x-copying.svg	pass	278015	136354	141661
svgs/oxygen-icons-5.113.0/scalable/mimetypes/small/48x48/text-x-csharp.svg	pass	69407	29225	40182
svgs/oxygen-icons-5.113.0/scalable/mimetypes/small/48x48/text-x-csrc.svg	pass	40055	20005	20050
svgs/oxygen-icons-5.113.0/scalable/mimetypes/small/48x48/text-x-dtd.svg	pass	502846	200871	301975
svgs/oxygen-icons-5.113.0/scalable/mimetypes/small/48x48/text-x-generic.svg	pass	146088	123756	22332
svgs/oxygen-icons-5.113.0/scalable/mimetypes/small/48x48/text-x-haskell.svg	pass	183649	101433	82216
svgs/oxygen-icons-5.113.0/scalable/mimetypes/small/48x48/text-x-hex.svg	pass	26153	12331	13822
svgs/oxygen-icons-5.113.0/scalable/mimetypes/small/48x48/text-x-install.svg	pass	287055	145203	141852
svgs/oxygen-icons-5.113.0/scalable/mimetypes/small/48x48/text-x-java.svg	pass	190406	56532	133874
svgs/oxygen-icons-5.113.0/scalable/mimetypes/small/48x48/text-x-katefilelist.svg	pass	240501	140075	100426
svgs/oxygen-icons-5.113.0/scalable/mimetypes/small/48x48/text-x-ldif.svg	pass	90980	45806	45174
svgs/oxygen-icons-5.113.0/scalable/mimetypes/small/48x48/text-x-lilypond.svg	pass	128951	32128	96823
svgs/oxygen-icons-5.113.0/scalable/mimetypes/small/48x48/text-x-log.svg	pass	207654	125322	82332
svgs/oxygen-icons-5.113.0/scalable/mimetypes/small/48x48/text-x-makefile.svg	pass	317766	95223	222543
svgs/oxygen-icons-5.113.0/scalable/mimetypes/small/48x48/text-x-nfo.svg	pass	146088	123756	22332
svgs/oxygen-icons-5.113.0/scalable/mimetypes/small/48x48/text-x-objchdr.svg	pass	37863	16937	20926
svgs/oxygen-icons-5.113.0/scalable/mimetypes/small/48x48/text-x-objcsrc.svg	pass	40055	20005	20050
svgs/oxygen-icons-5.113.0/scalable/mimetypes/small/48x48/text-x-pascal.svg	pass	1344929	1049025	295904
svgs/oxygen-icons-5.113.0/scalable/mimetypes/small/48x48/text-x-patch.svg	pass	122141	30921	91220
svgs/oxygen-icons-5.113.0/scalable/mimetypes/small/48x48/text-x-po.svg	pass	460662	319161	141501
svgs/oxygen-icons-5.113.0/scalable/mimetypes/small/48x48/text-x-python.svg	pass	46124	27107	19017
svgs/oxygen-icons-5.113.0/scalable/mimetypes/small/48x48/text-x-qml.svg	pass	35393	19205	16188
svgs/oxygen-icons-5.113.0/scalable/mimetypes/small/48x48/text-x-readme.svg	pass	573165	336969	236196
svgs/oxygen-icons-5.113.0/scalable/mimetypes/small/48x48/text-x-rpm-spec.svg	pass	23174	10730	12444
svgs/oxygen-icons-5.113.0/scalable/mimetypes/small/48x48/text-x-script.svg	pass	790540	10656	779884
svgs/oxygen-icons-5.113.0/scalable/mimetypes/small/48x48/text-x-sql.svg	pass	89094	38696	50398
svgs/oxygen-icons-5.113.0/scalable/mimetypes/small/48x48/text-x-tex.svg	pass	95922	12586	83336
svgs/oxygen-icons-5.113.0/scalable/mimetypes/small/48x48/text-x-texinfo.svg	pass	32588	15495	17093
svgs/oxygen-icons-5.113.0/scalable/mimetypes/small/48x48/text-x-vcard.svg	pass	90980	45806	45174
svgs/oxygen-icons-5.113.0/scalable/mimetypes/small/48x48/text-x-xslfo.svg	pass	502846	200871	301975
svgs/oxygen-icons-5.113.0/scalable/mimetypes/small/48x48/text-xmcd.svg	pass	126876	54238	72638
svgs/oxygen-icons-5.113.0/scalable/mimetypes/small/48x48/text-xml.svg	pass	41745	18909	22836
svgs/oxygen-icons-5.113.0/scalable/mimetypes/small/48x48/unknown.svg	pass	37542	20144	17398
svgs/oxygen-icons-5.113.0/scalable/mimetypes/small/48x48/uri-mms.svg	pass	1614065	786220	827845
svgs/oxygen-icons-5.113.0/scalable/mimetypes/small/48x48/uri-mmst.svg	pass	1614065	786220	827845
svgs/oxygen-icons-5.113.0/scalable/mimetypes/small/48x48/uri-mmsu.svg	pass	1614065	786220	827845
svgs/oxygen-icons-5.113.0/scalable/mimetypes/small/48x48/uri-pnm.svg	pass	1614065	786220	827845
svgs/oxygen-icons-5.113.0/scalable/mimetypes/small/48x48/uri-rtspt.svg	pass	1614065	786220	827845
svgs/oxygen-icons-5.113.0/scalable/mimetypes/small/48x48/uri-rtspu.svg	pass	1614065	786220	827845
svgs/oxygen-icons-5.113.0/scalable/mimetypes/small/48x48/video-x-generic.svg	pass	89625	33614	56011
svgs/oxygen-icons-5.113.0/scalable/mimetypes/small/48x48/video-x-mng.svg	pass	192221	153709	38512
svgs/oxygen-icons-5.113.0/scalable/mimetypes/small/48x48/x-kde-nsplugin-generated.svg	pass	77688	45830	31858
svgs/oxygen-icons-5.113.0/scalable/mimetypes/small/48x48/x-media-podcast.svg	pass	75001	32834	42167
svgs/oxygen-icons-5.113.0/scalable/mimetypes/small/48x48/x-office-address-book.svg	pass	3008744	2339532	669212
svgs/oxygen-icons-5.113.0/scalable/mimetypes/small/48x48/x-office-calendar.svg	pass	173874	42968	130906
svgs/oxygen-icons-5.113.0/scalable/mimetypes/small/48x48/x-office-document.svg	pass	32676	13815	18861
svgs/oxygen-icons-5.113.0/scalable/mimetypes/small/48x48/x-office-presentation.svg	pass	128218	21467	106751
svgs/oxygen-icons-5.113.0/scalable/mimetypes/small/48x48/x-office-spreadsheet.svg	pass	67958	18834	49124
svgs/oxygen-icons-5.113.0/scalable/mimetypes/small/64x64/application-epub+zip.svg	pass	2409547	1967172	442375
svgs/oxygen-icons-5.113.0/scalable/mimetypes/small/64x64/application-illustrator.svg	pass	64537	16588	47949
svgs/oxygen-icons-5.113.0/scalable/mimetypes/small/64x64/application-javascript.svg	pass	102374	22894	79480
svgs/oxygen-icons-5.113.0/scalable/mimetypes/small/64x64/application-msword-template.svg	pass	886661	500235	386426
svgs/oxygen-icons-5.113.0/scalable/mimetypes/small/64x64/application-msword.svg	pass	849843	488423	361420
svgs/oxygen-icons-5.113.0/scalable/mimetypes/small/64x64/application-octet-stream.svg	pass	277376	153437	123939
svgs/oxygen-icons-5.113.0/scalable/mimetypes/small/64x64/application-pdf.svg	pass	56683	9483	47200
svgs/oxygen-icons-5.113.0/scalable/mimetypes/small/64x64/application-pgp-encrypted.svg	pass	480613	32326	448287
svgs/oxygen-icons-5.113.0/scalable/mimetypes/small/64x64/application-pgp-keys.svg	pass	410038	81729	328309
svgs/oxygen-icons-5.113.0/scalable/mimetypes/small/64x64/application-pkcs7-mime.svg	pass	411918	82611	329307
svgs/oxygen-icons-5.113.0/scalable/mimetypes/small/64x64/application-postscript.svg	pass	132798	41994	90804
svgs/oxygen-icons-5.113.0/scalable/mimetypes/small/64x64/application-relaxng.svg	pass	1687126	604223	1082903
svgs/oxygen-icons-5.113.0/scalable/mimetypes/small/64x64/application-rtf.svg	pass	185313	124861	60452
svgs/oxygen-icons-5.113.0/scalable/mimetypes/small/64x64/application-sxw.svg	pass	244379	158197	86182
svgs/oxygen-icons-5.113.0/scalable/mimetypes/small/64x64/application-vnd-google-earth-kml.svg	pass	54067	9656	44411
svgs/oxygen-icons-5.113.0/scalable/mimetypes/small/64x64/application-vnd.iccprofile.svg	pass	199364	53666	145698
svgs/oxygen-icons-5.113.0/scalable/mimetypes/small/64x64/application-vnd.ms-access.svg	pass	262959	63808	199151
svgs/oxygen-icons-5.113.0/scalable/mimetypes/small/64x64/application-vnd.ms-excel.svg	pass	67762	24855	42907
svgs/oxygen-icons-5.113.0/scalable/mimetypes/small/64x64/application-vnd.ms-powerpoint.svg	pass	147783	30161	117622
svgs/oxygen-icons-5.113.0/scalable/mimetypes/small/64x64/application-vnd.oasis.opendocument.chart.svg	pass	261622	63764	197858
svgs/oxygen-icons-5.113.0/scalable/mimetypes/small/64x64/application-vnd.oasis.opendocument.database.svg	pass	710388	168008	542380
svgs/oxygen-icons-5.113.0/scalable/mimetypes/small/64x64/application-vnd.oasis.opendocument.formula-template.svg	pass	609106	172087	437019
svgs/oxygen-icons-5.113.0/scalable/mimetypes/small/64x64/application-vnd.oasis.opendocument.formula.svg	pass	349899	159304	190595
svgs/oxygen-icons-5.113.0/scalable/mimetypes/small/64x64/application-vnd.oasis.opendocument.graphics.svg	pass	182400	32778	149622
svgs/oxygen-icons-5.113.0/scalable/mimetypes/small/64x64/application-vnd.oasis.opendocument.image.svg	pass	318745	114954	203791
svgs/oxygen-icons-5.113.0/scalable/mimetypes/small/64x64/application-vnd.oasis.opendocument.presentation-template.svg	pass	253872	38501	215371
svgs/oxygen-icons-5.113.0/scalable/mimetypes/small/64x64/application-vnd.oasis.opendocument.presentation.svg	pass	213612	32555	181057
svgs/oxygen-icons-5.113.0/scalable/mimetypes/small/64x64/application-vnd.oasis.opendocument.spreadsheet-template.svg	pass	117511	32935	84576
svgs/oxygen-icons-5.113.0/scalable/mimetypes/small/64x64/application-vnd.oasis.opendocument.spreadsheet.svg	pass	110842	21545	89297
svgs/oxygen-icons-5.113.0/scalable/mimetypes/small/64x64/application-vnd.oasis.opendocument.text.svg	pass	908251	487215	421036
svgs/oxygen-icons-5.113.0/scalable/mimetypes/small/64x64/application-vnd.openxmlformats-officedocument.wordprocessingml.document.svg	pass	908251	487215	421036
svgs/oxygen-icons-5.113.0/scalable/mimetypes/small/64x64/application-vnd.rn-realmedia.svg	pass	115544	33476	82068
svgs/oxygen-icons-5.113.0/scalable/mimetypes/small/64x64/application-vnd.scribus.svg	pass	569704	126169	443535
svgs/oxygen-icons-5.113.0/scalable/mimetypes/small/64x64/application-vnd.stardivision.calc.svg	pass	110842	21545	89297
svgs/oxygen-icons-5.113.0/scalable/mimetypes/small/64x64/application-vnd.stardivision.draw.svg	pass	318745	114954	203791
svgs/oxygen-icons-5.113.0/scalable/mimetypes/small/64x64/application-vnd.stardivision.mail.svg	pass	920656	374456	546200
svgs/oxygen-icons-5.113.0/scalable/mimetypes/small/64x64/application-vnd.stardivision.math.svg	pass	349899	159304	190595
svgs/oxygen-icons-5.113.0/scalable/mimetypes/small/64x64/application-vnd.sun.xml.calc.svg	pass	110842	21545	89297
svgs/oxygen-icons-5.113.0/scalable/mimetypes/small/64x64/application-vnd.sun.xml.calc.template.svg	pass	117511	32935	84576
svgs/oxygen-icons-5.113.0/scalable/mimetypes/small/64x64/application-vnd.sun.xml.draw.svg	pass	318745	114954	203791
svgs/oxygen-icons-5.113.0/scalable/mimetypes/small/64x64/application-vnd.sun.xml.draw.template.svg	pass	367472	126947	240525
svgs/oxygen-icons-5.113.0/scalable/mimetypes/small/64x64/application-vnd.sun.xml.math.svg	pass	349899	159304	190595
svgs/oxygen-icons-5.113.0/scalable/mimetypes/small/64x64/application-vnd.sun.xml.writer.template.svg	pass	884251	498911	385340
svgs/oxygen-icons-5.113.0/scalable/mimetypes/small/64x64/application-vnd.wordperfect.svg	pass	839708	487852	351856
svgs/oxygen-icons-5.113.0/scalable/mimetypes/small/64x64/application-x-7z-compressed.svg	pass	244880	101358	143522
svgs/oxygen-icons-5.113.0/scalable/mimetypes/small/64x64/application-x-abiword.svg	pass	908251	487215	421036
svgs/oxygen-icons-5.113.0/scalable/mimetypes/small/64x64/application-x-ace.svg	pass	244880	101358	143522
svgs/oxygen-icons-5.113.0/scalable/mimetypes/small/64x64/application-x-applix-spreadsheet.svg	pass	110842	21545	89297
svgs/oxygen-icons-5.113.0/scalable/mimetypes/small/64x64/application-x-applix-word.svg	pass	888773	478899	409874
svgs/oxygen-icons-5.113.0/scalable/mimetypes/small/64x64/application-x-ar.svg	pass	113574	35921	77653
svgs/oxygen-icons-5.113.0/scalable/mimetypes/small/64x64/application-x-arc.svg	pass	244880	101358	143522
svgs/oxygen-icons-5.113.0/scalable/mimetypes/small/64x64/application-x-archive.svg	pass	113574	35921	77653
svgs/oxygen-icons-5.113.0/scalable/mimetypes/small/64x64/application-x-arj.svg	pass	244880	101358	143522
svgs/oxygen-icons-5.113.0/scalable/mimetypes/small/64x64/application-x-bittorrent.svg	pass	261757	125406	136351
svgs/oxygen-icons-5.113.0/scalable/mimetypes/small/64x64/application-x-blender.svg	pass	109608	31015	78593
svgs/oxygen-icons-5.113.0/scalable/mimetypes/small/64x64/application-x-bzdvi.svg	pass	242831	100477	142354
svgs/oxygen-icons-5.113.0/scalable/mimetypes/small/64x64/application-x-bzip-compressed-tar.svg	pass	244880	101358	143522
svgs/oxygen-icons-5.113.0/scalable/mimetypes/small/64x64/application-x-bzip.svg	pass	320590	91494	229096
svgs/oxygen-icons-5.113.0/scalable/mimetypes/small/64x64/application-x-cd-image.svg	pass	171924	58215	113709
svgs/oxygen-icons-5.113.0/scalable/mimetypes/small/64x64/application-x-cda.svg	pass	184262	72610	111652
svgs/oxygen-icons-5.113.0/scalable/mimetypes/small/64x64/application-x-chm.svg	pass	78603	12233	66370
svgs/oxygen-icons-5.113.0/scalable/mimetypes/small/64x64/application-x-compress.svg	pass	320590	91494	229096
svgs/oxygen-icons-5.113.0/scalable/mimetypes/small/64x64/application-x-compressed-tar.svg	pass	121631	39658	81973
svgs/oxygen-icons-5.113.0/scalable/mimetypes/small/64x64/application-x-cpio.svg	pass	113574	35921	77653
svgs/oxygen-icons-5.113.0/scalable/mimetypes/small/64x64/application-x-cue.svg	pass	321190	178842	142348
svgs/oxygen-icons-5.113.0/scalable/mimetypes/small/64x64/application-x-deb.svg	pass	125940	41050	84890
svgs/oxygen-icons-5.113.0/scalable/mimetypes/small/64x64/application-x-designer.svg	pass	182635	56455	126180
svgs/oxygen-icons-5.113.0/scalable/mimetypes/small/64x64/application-x-desktop.svg	pass	91674	43072	48602
svgs/oxygen-icons-5.113.0/scalable/mimetypes/small/64x64/application-x-dgn.svg	pass	338900	55537	283363
svgs/oxygen-icons-5.113.0/scalable/mimetypes/small/64x64/application-x-egon.svg	pass	251295	155652	95643
svgs/oxygen-icons-5.113.0/scalable/mimetypes/small/64x64/application-x-executable-script.svg	pass	129700	51292	78408
svgs/oxygen-icons-5.113.0/scalable/mimetypes/small/64x64/application-x-executable.svg	pass	91674	43072	48602
svgs/oxygen-icons-5.113.0/scalable/mimetypes/small/64x64/application-x-font-afm.svg	pass	136597	29993	106604
svgs/oxygen-icons-5.113.0/scalable/mimetypes/small/64x64/application-x-font-bdf.svg	pass	109486	31918	77568
svgs/oxygen-icons-5.113.0/scalable/mimetypes/small/64x64/application-x-font-otf.svg	pass	111508	34327	77181
svgs/oxygen-icons-5.113.0/scalable/mimetypes/small/64x64/application-x-font-pcf.svg	pass	109486	31918	77568
svgs/oxygen-icons-5.113.0/scalable/mimetypes/small/64x64/application-x-font-snf.svg	pass	109486	31918	77568
svgs/oxygen-icons-5.113.0/scalable/mimetypes/small/64x64/application-x-font-ttf.svg	pass	108060	28698	79362
svgs/oxygen-icons-5.113.0/scalable/mimetypes/small/64x64/application-x-font-type1.svg	pass	137521	30113	107408
svgs/oxygen-icons-5.113.0/scalable/mimetypes/small/64x64/application-x-gnumeric.svg	pass	110842	21545	89297
svgs/oxygen-icons-5.113.0/scalable/mimetypes/small/64x64/application-x-gzdvi.svg	pass	242831	100477	142354
svgs/oxygen-icons-5.113.0/scalable/mimetypes/small/64x64/application-x-gzip.svg	pass	320590	91494	229096
svgs/oxygen-icons-5.113.0/scalable/mimetypes/small/64x64/application-x-gzpostscript.svg	pass	333846	111572	222274
svgs/oxygen-icons-5.113.0/scalable/mimetypes/small/64x64/application-x-it87.svg	pass	200546	53786	146760
svgs/oxygen-icons-5.113.0/scalable/mimetypes/small/64x64/application-x-java-applet.svg	pass	1613551	792607	820944
svgs/oxygen-icons-5.113.0/scalable/mimetypes/small/64x64/application-x-java-archive.svg	pass	118962	38630	80332
svgs/oxygen-icons-5.113.0/scalable/mimetypes/small/64x64/application-x-java.svg	pass	133771	46387	87384
svgs/oxygen-icons-5.113.0/scalable/mimetypes/small/64x64/application-x-javascript.svg	pass	102374	22894	79480
svgs/oxygen-icons-5.113.0/scalable/mimetypes/small/64x64/application-x-k3b.svg	mismatch	323873	181607	142266
svgs/oxygen-icons-5.113.0/scalable/mimetypes/small/64x64/application-x-kcsrc.svg	pass	156683	51246	105437
svgs/oxygen-icons-5.113.0/scalable/mimetypes/small/64x64/application-x-kexi-connectiondata.svg	pass	771696	183175	588521
svgs/oxygen-icons-5.113.0/scalable/mimetypes/small/64x64/application-x-kexiproject-shortcut.svg	pass	772295	183492	588803
svgs/oxygen-icons-5.113.0/scalable/mimetypes/small/64x64/application-x-kformula.svg	pass	349899	159304	190595
svgs/oxygen-icons-5.113.0/scalable/mimetypes/small/64x64/application-x-kgetlist.svg	pass	107998	32163	75835
svgs/oxygen-icons-5.113.0/scalable/mimetypes/small/64x64/application-x-kontour.svg	pass	147080	24473	122607
svgs/oxygen-icons-5.113.0/scalable/mimetypes/small/64x64/application-x-kplato.svg	pass	48335	19472	28863
svgs/oxygen-icons-5.113.0/scalable/mimetypes/small/64x64/application-x-krita.svg	pass	264240	95108	169132
svgs/oxygen-icons-5.113.0/scalable/mimetypes/small/64x64/application-x-kword.svg	pass	908251	487215	421036
svgs/oxygen-icons-5.113.0/scalable/mimetypes/small/64x64/application-x-lha.svg	pass	244880	101358	143522
svgs/oxygen-icons-5.113.0/scalable/mimetypes/small/64x64/application-x-lyx.svg	pass	902593	484398	418195
svgs/oxygen-icons-5.113.0/scalable/mimetypes/small/64x64/application-x-lzma-compressed-tar.svg	pass	113574	35921	77653
svgs/oxygen-icons-5.113.0/scalable/mimetypes/small/64x64/application-x-lzop.svg	pass	320590	91494	229096
svgs/oxygen-icons-5.113.0/scalable/mimetypes/small/64x64/application-x-m4.svg	pass	276043	122572	153471
svgs/oxygen-icons-5.113.0/scalable/mimetypes/small/64x64/application-x-marble.svg	pass	578928	225682	353246
svgs/oxygen-icons-5.113.0/scalable/mimetypes/small/64x64/application-x-mimearchive.svg	pass	920656	374456	546200
svgs/oxygen-icons-5.113.0/scalable/mimetypes/small/64x64/application-x-mplayer2.svg	pass	115962	33596	82366
svgs/oxygen-icons-5.113.0/scalable/mimetypes/small/64x64/application-x-ms-dos-executable.svg	pass	135467	51559	83908
svgs/oxygen-icons-5.113.0/scalable/mimetypes/small/64x64/application-x-mswinurl.svg	pass	2237324	1121529	1115795
svgs/oxygen-icons-5.113.0/scalable/mimetypes/small/64x64/application-x-mswrite.svg	pass	891387	459731	431656
svgs/oxygen-icons-5.113.0/scalable/mimetypes/small/64x64/application-x-nzb.svg	pass	73616	13639	59977
svgs/oxygen-icons-5.113.0/scalable/mimetypes/small/64x64/application-x-object.svg	pass	277376	153437	123939
svgs/oxygen-icons-5.113.0/scalable/mimetypes/small/64x64/application-x-pak.svg	pass	320590	91494	229096
svgs/oxygen-icons-5.113.0/scalable/mimetypes/small/64x64/application-x-pem-key.svg	pass	410038	81729	328309
svgs/oxygen-icons-5.113.0/scalable/mimetypes/small/64x64/application-x-perl.svg	pass	906934	511729	395205
svgs/oxygen-icons-5.113.0/scalable/mimetypes/small/64x64/application-x-php.svg	pass	115096	35370	79726
svgs/oxygen-icons-5.113.0/scalable/mimetypes/small/64x64/application-x-plasma.svg	pass	174857	71411	103446
svgs/oxygen-icons-5.113.0/scalable/mimetypes/small/64x64/application-x-python-bytecode.svg	pass	277376	153437	123939
svgs/oxygen-icons-5.113.0/scalable/mimetypes/small/64x64/application-x-qet-element.svg	pass	213185	20256	192929
svgs/oxygen-icons-5.113.0/scalable/mimetypes/small/64x64/application-x-qet-project.svg	pass	266425	59082	207343
svgs/oxygen-icons-5.113.0/scalable/mimetypes/small/64x64/application-x-quattropro.svg	pass	110842	21545	89297
svgs/oxygen-icons-5.113.0/scalable/mimetypes/small/64x64/application-x-rar.svg	pass	244880	101358	143522
svgs/oxygen-icons-5.113.0/scalable/mimetypes/small/64x64/application-x-rpm.svg	pass	126508	41480	85028
svgs/oxygen-icons-5.113.0/scalable/mimetypes/small/64x64/application-x-ruby.svg	pass	252746	70197	182549
svgs/oxygen-icons-5.113.0/scalable/mimetypes/small/64x64/application-x-sharedlib.svg	pass	277376	153437	123939
svgs/oxygen-icons-5.113.0/scalable/mimetypes/small/64x64/application-x-shellscript.svg	pass	767725	13564	754161
svgs/oxygen-icons-5.113.0/scalable/mimetypes/small/64x64/application-x-shockwave-flash.svg	pass	115595	33524	82071
svgs/oxygen-icons-5.113.0/scalable/mimetypes/small/64x64/application-x-siag.svg	pass	110842	21545	89297
svgs/oxygen-icons-5.113.0/scalable/mimetypes/small/64x64/application-x-srt.svg	pass	530995	209888	321107
svgs/oxygen-icons-5.113.0/scalable/mimetypes/small/64x64/application-x-srtrip.svg	pass	530995	209888	321107
svgs/oxygen-icons-5.113.0/scalable/mimetypes/small/64x64/application-x-subrip.svg	pass	531036	209892	321144
svgs/oxygen-icons-5.113.0/scalable/mimetypes/small/64x64/application-x-tar.svg	pass	113574	35921	77653
svgs/oxygen-icons-5.113.0/scalable/mimetypes/small/64x64/application-x-tarz.svg	pass	244880	101358	143522
svgs/oxygen-icons-5.113.0/scalable/mimetypes/small/64x64/application-x-tgif.svg	pass	147080	24473	122607
svgs/oxygen-icons-5.113.0/scalable/mimetypes/small/64x64/application-x-trash.svg	pass	88761	15974	72787
svgs/oxygen-icons-5.113.0/scalable/mimetypes/small/64x64/application-x-troff-man.svg	pass	137868	13537	124331
svgs/oxygen-icons-5.113.0/scalable/mimetypes/small/64x64/application-x-tzo.svg	pass	244880	101358	143522
svgs/oxygen-icons-5.113.0/scalable/mimetypes/small/64x64/application-x-wmf.svg	pass	147080	24473	122607
svgs/oxygen-icons-5.113.0/scalable/mimetypes/small/64x64/application-x-zerosize.svg	pass	86878	6912	79966
svgs/oxygen-icons-5.113.0/scalable/mimetypes/small/64x64/application-x-zoo.svg	pass	244880	101358	143522
svgs/oxygen-icons-5.113.0/scalable/mimetypes/small/64x64/application-xhtml+xml.svg	pass	2286145	1125548	1160597
svgs/oxygen-icons-5.113.0/scalable/mimetypes/small/64x64/application-xml.svg	pass	118503	24312	94191
svgs/oxygen-icons-5.113.0/scalable/mimetypes/small/64x64/application-xsd.svg	pass	1746182	856964	889218
svgs/oxygen-icons-5.113.0/scalable/mimetypes/small/64x64/application-xslt+xml.svg	pass	2237730	1121004	1116726
svgs/oxygen-icons-5.113.0/scalable/mimetypes/small/64x64/application-zip.svg	pass	244880	101358	143522
svgs/oxygen-icons-5.113.0/scalable/mimetypes/small/64x64/audio-ac3.svg	pass	233803	48795	185008
svgs/oxygen-icons-5.113.0/scalable/mimetypes/small/64x64/audio-midi.svg	pass	170678	45111	125567
svgs/oxygen-icons-5.113.0/scalable/mimetypes/small/64x64/audio-prs.sid.svg	pass	170678	45111	125567
svgs/oxygen-icons-5.113.0/scalable/mimetypes/small/64x64/audio-vn.rn-realmedia.svg	pass	115962	33596	82366
svgs/oxygen-icons-5.113.0/scalable/mimetypes/small/64x64/audio-vn.rn-realvideo.svg	pass	115962	33596	82366
svgs/oxygen-icons-5.113.0/scalable/mimetypes/small/64x64/audio-vnd.rn-realvideo.svg	pass	115962	33596	82366
svgs/oxygen-icons-5.113.0/scalable/mimetypes/small/64x64/audio-x-adpcm.svg	pass	140117	43559	96558
svgs/oxygen-icons-5.113.0/scalable/mimetypes/small/64x64/audio-x-aiff.svg	pass	140117	43559	96558
svgs/oxygen-icons-5.113.0/scalable/mimetypes/small/64x64/audio-x-flac+ogg.svg	pass	233803	48792	185011
svgs/oxygen-icons-5.113.0/scalable/mimetypes/small/64x64/audio-x-flac.svg	pass	233803	48792	185011
svgs/oxygen-icons-5.113.0/scalable/mimetypes/small/64x64/audio-x-generic.svg	pass	233803	48792	185011
svgs/oxygen-icons-5.113.0/scalable/mimetypes/small/64x64/audio-x-monkey.svg	pass	233803	48792	185011
svgs/oxygen-icons-5.113.0/scalable/mimetypes/small/64x64/audio-x-speex+ogg.svg	pass	226338	88428	137910
svgs/oxygen-icons-5.113.0/scalable/mimetypes/small/64x64/audio-x-wav.svg	pass	140117	43559	96558
svgs/oxygen-icons-5.113.0/scalable/mimetypes/small/64x64/encrypted.svg	pass	413014	83084	329930
svgs/oxygen-icons-5.113.0/scalable/mimetypes/small/64x64/image-svg+xml-compressed.svg	pass	592252	102253	489999
svgs/oxygen-icons-5.113.0/scalable/mimetypes/small/64x64/image-svg+xml.svg	pass	147080	24473	122607
svgs/oxygen-icons-5.113.0/scalable/mimetypes/small/64x64/image-vnd.dwg.svg	pass	326898	54911	271987
svgs/oxygen-icons-5.113.0/scalable/mimetypes/small/64x64/image-x-adobe-dng.svg	mismatch	727214	577886	149328
svgs/oxygen-icons-5.113.0/scalable/mimetypes/small/64x64/image-x-eps.svg	pass	126029	24057	101972
svgs/oxygen-icons-5.113.0/scalable/mimetypes/small/64x64/image-x-generic.svg	pass	251817	155652	96165
svgs/oxygen-icons-5.113.0/scalable/mimetypes/small/64x64/image-x-mng.svg	pass	251817	155652	96165
svgs/oxygen-icons-5.113.0/scalable/mimetypes/small/64x64/image-x-vnd.trolltech.qpicture.svg	pass	125595	24066	101529
svgs/oxygen-icons-5.113.0/scalable/mimetypes/small/64x64/image-x-xfig.svg	pass	147080	24473	122607
svgs/oxygen-icons-5.113.0/scalable/mimetypes/small/64x64/inode-directory.svg	pass	136279	121244	15035
svgs/oxygen-icons-5.113.0/scalable/mimetypes/small/64x64/message-news.svg	pass	145993	9236	136757
svgs/oxygen-icons-5.113.0/scalable/mimetypes/small/64x64/message-partial.svg	pass	928886	375349	553537
svgs/oxygen-icons-5.113.0/scalable/mimetypes/small/64x64/message-rfc822.svg	pass	920656	374456	546200
svgs/oxygen-icons-5.113.0/scalable/mimetypes/small/64x64/message-x-gnu-rmail.svg	pass	920656	374456	546200
svgs/oxygen-icons-5.113.0/scalable/mimetypes/small/64x64/message.svg	pass	920656	374456	546200
svgs/oxygen-icons-5.113.0/scalable/mimetypes/small/64x64/mime2.svg	pass	87691	6912	80779
svgs/oxygen-icons-5.113.0/scalable/mimetypes/small/64x64/package-x-generic.svg	pass	113574	35921	77653
svgs/oxygen-icons-5.113.0/scalable/mimetypes/small/64x64/text-calendar.svg	pass	152209	38020	114189
svgs/oxygen-icons-5.113.0/scalable/mimetypes/small/64x64/text-css.svg	pass	2044130	957606	1086524
svgs/oxygen-icons-5.113.0/scalable/mimetypes/small/64x64/text-csv.svg	pass	116730	26141	90589
svgs/oxygen-icons-5.113.0/scalable/mimetypes/small/64x64/text-directory.svg	pass	1031742	58690	973052
svgs/oxygen-icons-5.113.0/scalable/mimetypes/small/64x64/text-enriched.svg	pass	185313	124861	60452
svgs/oxygen-icons-5.113.0/scalable/mimetypes/small/64x64/text-html.svg	pass	2238504	1121649	1116855
svgs/oxygen-icons-5.113.0/scalable/mimetypes/small/64x64/text-mathml.svg	pass	319392	151029	168363
svgs/oxygen-icons-5.113.0/scalable/mimetypes/small/64x64/text-plain.svg	pass	512012	194704	317308
svgs/oxygen-icons-5.113.0/scalable/mimetypes/small/64x64/text-rdf+xml.svg	pass	2794926	1486206	1308720
svgs/oxygen-icons-5.113.0/scalable/mimetypes/small/64x64/text-rdf.svg	pass	2794926	1486206	1308720
svgs/oxygen-icons-5.113.0/scalable/mimetypes/small/64x64/text-rtf.svg	pass	888773	478899	409874
svgs/oxygen-icons-5.113.0/scalable/mimetypes/small/64x64/text-sgml.svg	pass	222834	124879	97955
svgs/oxygen-icons-5.113.0/scalable/mimetypes/small/64x64/text-troff.svg	pass	396925	158403	238522
svgs/oxygen-icons-5.113.0/scalable/mimetypes/small/64x64/text-vcalendar.svg	pass	179754	46389	133365
svgs/oxygen-icons-5.113.0/scalable/mimetypes/small/64x64/text-vnd.abc.svg	pass	233803	48792	185011
svgs/oxygen-icons-5.113.0/scalable/mimetypes/small/64x64/text-vnd.wap.wml.svg	pass	1687126	604223	1082903
svgs/oxygen-icons-5.113.0/scalable/mimetypes/small/64x64/text-x-adasrc.svg	pass	103989	26319	77670
svgs/oxygen-icons-5.113.0/scalable/mimetypes/small/64x64/text-x-authors.svg	pass	199474	130789	68685
svgs/oxygen-icons-5.113.0/scalable/mimetypes/small/64x64/text-x-bibtex.svg	pass	66304	12587	53717
svgs/oxygen-icons-5.113.0/scalable/mimetypes/small/64x64/text-x-c++hdr.svg	pass	107377	24361	83016
svgs/oxygen-icons-5.113.0/scalable/mimetypes/small/64x64/text-x-c++src.svg	pass	89509	22491	67018
svgs/oxygen-icons-5.113.0/scalable/mimetypes/small/64x64/text-x-changelog.svg	pass	512012	194704	317308
svgs/oxygen-icons-5.113.0/scalable/mimetypes/small/64x64/text-x-chdr.svg	pass	98811	18338	80473
svgs/oxygen-icons-5.113.0/scalable/mimetypes/small/64x64/text-x-cmake.svg	pass	249026	160857	88169
svgs/oxygen-icons-5.113.0/scalable/mimetypes/small/64x64/text-x-copying.svg	pass	234300	136918	97382
svgs/oxygen-icons-5.113.0/scalable/mimetypes/small/64x64/text-x-csharp.svg	pass	108476	34043	74433
svgs/oxygen-icons-5.113.0/scalable/mimetypes/small/64x64/text-x-csrc.svg	pass	89735	22375	67360
svgs/oxygen-icons-5.113.0/scalable/mimetypes/small/64x64/text-x-dtd.svg	pass	1687126	604223	1082903
svgs/oxygen-icons-5.113.0/scalable/mimetypes/small/64x64/text-x-generic.svg	pass	222834	124879	97955
svgs/oxygen-icons-5.113.0/scalable/mimetypes/small/64x64/text-x-haskell.svg	pass	395513	189005	206508
svgs/oxygen-icons-5.113.0/scalable/mimetypes/small/64x64/text-x-hex.svg	pass	68567	10999	57568
svgs/oxygen-icons-5.113.0/scalable/mimetypes/small/64x64/text-x-install.svg	pass	227495	144593	82902
svgs/oxygen-icons-5.113.0/scalable/mimetypes/small/64x64/text-x-java.svg	pass	293713	100616	193097
svgs/oxygen-icons-5.113.0/scalable/mimetypes/small/64x64/text-x-katefilelist.svg	pass	244943	132515	112428
svgs/oxygen-icons-5.113.0/scalable/mimetypes/small/64x64/text-x-ldif.svg	pass	1033324	83256	950068
svgs/oxygen-icons-5.113.0/scalable/mimetypes/small/64x64/text-x-lilypond.svg	pass	129629	31336	98293
svgs/oxygen-icons-5.113.0/scalable/mimetypes/small/64x64/text-x-log.svg	pass	185042	124401	60641
svgs/oxygen-icons-5.113.0/scalable/mimetypes/small/64x64/text-x-makefile.svg	pass	477119	167911	309208
svgs/oxygen-icons-5.113.0/scalable/mimetypes/small/64x64/text-x-nfo.svg	pass	222834	124879	97955
svgs/oxygen-icons-5.113.0/scalable/mimetypes/small/64x64/text-x-objchdr.svg	pass	98811	18338	80473
svgs/oxygen-icons-5.113.0/scalable/mimetypes/small/64x64/text-x-objcsrc.svg	pass	89735	22375	67360
svgs/oxygen-icons-5.113.0/scalable/mimetypes/small/64x64/text-x-pascal.svg	pass	2754532	2083234	671298
svgs/oxygen-icons-5.113.0/scalable/mimetypes/small/64x64/text-x-patch.svg	pass	253799	47527	206272
svgs/oxygen-icons-5.113.0/scalable/mimetypes/small/64x64/text-x-po.svg	pass	798258	524278	273980
svgs/oxygen-icons-5.113.0/scalable/mimetypes/small/64x64/text-x-python.svg	pass	144604	45092	99512
svgs/oxygen-icons-5.113.0/scalable/mimetypes/small/64x64/text-x-qml.svg	pass	89093	25879	63214
svgs/oxygen-icons-5.113.0/scalable/mimetypes/small/64x64/text-x-readme.svg	pass	981971	443472	538499
svgs/oxygen-icons-5.113.0/scalable/mimetypes/small/64x64/text-x-rpm-spec.svg	pass	130004	35011	94993
svgs/oxygen-icons-5.113.0/scalable/mimetypes/small/64x64/text-x-script.svg	pass	1950681	1072061	878620
svgs/oxygen-icons-5.113.0/scalable/mimetypes/small/64x64/text-x-sql.svg	pass	151710	40001	111709
svgs/oxygen-icons-5.113.0/scalable/mimetypes/small/64x64/text-x-tex.svg	pass	66304	12587	53717
svgs/oxygen-icons-5.113.0/scalable/mimetypes/small/64x64/text-x-texinfo.svg	pass	364143	137559	226584
svgs/oxygen-icons-5.113.0/scalable/mimetypes/small/64x64/text-x-vcard.svg	pass	558905	59387	499518
svgs/oxygen-icons-5.113.0/scalable/mimetypes/small/64x64/text-x-xslfo.svg	pass	1687126	604223	1082903
svgs/oxygen-icons-5.113.0/scalable/mimetypes/small/64x64/text-xmcd.svg	pass	184262	72610	111652
svgs/oxygen-icons-5.113.0/scalable/mimetypes/small/64x64/text-xml.svg	pass	122060	28741	93319
svgs/oxygen-icons-5.113.0/scalable/mimetypes/small/64x64/unknown.svg	pass	69442	12721	56721
svgs/oxygen-icons-5.113.0/scalable/mimetypes/small/64x64/uri-mms.svg	pass	1630181	785160	845021
svgs/oxygen-icons-5.113.0/scalable/mimetypes/small/64x64/uri-mmst.svg	pass	1630181	785160	845021
svgs/oxygen-icons-5.113.0/scalable/mimetypes/small/64x64/uri-mmsu.svg	pass	1630181	785160	845021
svgs/oxygen-icons-5.113.0/scalable/mimetypes/small/64x64/uri-pnm.svg	pass	1630181	785160	845021
svgs/oxygen-icons-5.113.0/scalable/mimetypes/small/64x64/uri-rtspt.svg	pass	1630181	785160	845021
svgs/oxygen-icons-5.113.0/scalable/mimetypes/small/64x64/uri-rtspu.svg	pass	1630181	785160	845021
svgs/oxygen-icons-5.113.0/scalable/mimetypes/small/64x64/video-x-generic.svg	pass	115962	33596	82366
svgs/oxygen-icons-5.113.0/scalable/mimetypes/small/64x64/x-kde-nsplugin-generated.svg	pass	150758	45515	105243
svgs/oxygen-icons-5.113.0/scalable/mimetypes/small/64x64/x-media-podcast.svg	pass	156041	32816	123225
svgs/oxygen-icons-5.113.0/scalable/mimetypes/small/64x64/x-office-address-book.svg	pass	3029842	2352596	677246
svgs/oxygen-icons-5.113.0/scalable/mimetypes/small/64x64/x-office-calendar.svg	pass	152209	38020	114189
svgs/oxygen-icons-5.113.0/scalable/mimetypes/small/64x64/x-office-document.svg	pass	638949	124166	514783
svgs/oxygen-icons-5.113.0/scalable/mimetypes/small/64x64/x-office-presentation.svg	pass	213612	32555	181057
svgs/oxygen-icons-5.113.0/scalable/mimetypes/small/64x64/x-office-spreadsheet.svg	pass	110842	21545	89297
svgs/oxygen-icons-5.113.0/scalable/mimetypes/text-calendar.svg	pass	147943	37845	110098
svgs/oxygen-icons-5.113.0/scalable/mimetypes/text-css.svg	pass	1922133	876877	1045256
svgs/oxygen-icons-5.113.0/scalable/mimetypes/text-csv.svg	pass	92981	27262	65719
svgs/oxygen-icons-5.113.0/scalable/mimetypes/text-directory.svg	pass	592089	57945	534144
svgs/oxygen-icons-5.113.0/scalable/mimetypes/text-enriched.svg	pass	332943	147566	185377
svgs/oxygen-icons-5.113.0/scalable/mimetypes/text-html.svg	pass	2233979	1121522	1112457
svgs/oxygen-icons-5.113.0/scalable/mimetypes/text-mathml.svg	pass	316511	150920	165591
svgs/oxygen-icons-5.113.0/scalable/mimetypes/text-plain.svg	pass	507293	259925	247368
svgs/oxygen-icons-5.113.0/scalable/mimetypes/text-rdf+xml.svg	pass	2651359	1417914	1233445
svgs/oxygen-icons-5.113.0/scalable/mimetypes/text-rdf.svg	pass	2651359	1417914	1233445
svgs/oxygen-icons-5.113.0/scalable/mimetypes/text-rtf.svg	pass	1530847	881721	649126
svgs/oxygen-icons-5.113.0/scalable/mimetypes/text-sgml.svg	pass	496236	215551	280685
svgs/oxygen-icons-5.113.0/scalable/mimetypes/text-troff.svg	pass	394417	159100	235317
svgs/oxygen-icons-5.113.0/scalable/mimetypes/text-vcalendar.svg	pass	190709	49664	141045
svgs/oxygen-icons-5.113.0/scalable/mimetypes/text-vnd.abc.svg	pass	285237	72852	212385
svgs/oxygen-icons-5.113.0/scalable/mimetypes/text-vnd.wap.wml.svg	pass	1685920	603837	1082083
svgs/oxygen-icons-5.113.0/scalable/mimetypes/text-x-adasrc.svg	pass	99786	26188	73598
svgs/oxygen-icons-5.113.0/scalable/mimetypes/text-x-authors.svg	pass	510291	221475	288816
svgs/oxygen-icons-5.113.0/scalable/mimetypes/text-x-bibtex.svg	pass	65498	14513	50985
svgs/oxygen-icons-5.113.0/scalable/mimetypes/text-x-c++hdr.svg	pass	102444	24503	77941
svgs/oxygen-icons-5.113.0/scalable/mimetypes/text-x-c++src.svg	pass	86892	22344	64548
svgs/oxygen-icons-5.113.0/scalable/mimetypes/text-x-changelog.svg	pass	507293	259925	247368
svgs/oxygen-icons-5.113.0/scalable/mimetypes/text-x-chdr.svg	pass	92946	18534	74412
svgs/oxygen-icons-5.113.0/scalable/mimetypes/text-x-cmake.svg	pass	561928	251597	310331
svgs/oxygen-icons-5.113.0/scalable/mimetypes/text-x-copying.svg	pass	623326	236080	387246
svgs/oxygen-icons-5.113.0/scalable/mimetypes/text-x-csharp.svg	pass	105828	34025	71803
svgs/oxygen-icons-5.113.0/scalable/mimetypes/text-x-csrc.svg	pass	84978	22473	62505
svgs/oxygen-icons-5.113.0/scalable/mimetypes/text-x-dtd.svg	pass	1685920	603837	1082083
svgs/oxygen-icons-5.113.0/scalable/mimetypes/text-x-generic.svg	pass	496236	215551	280685
svgs/oxygen-icons-5.113.0/scalable/mimetypes/text-x-haskell.svg	pass	392289	188683	203606
svgs/oxygen-icons-5.113.0/scalable/mimetypes/text-x-hex.svg	pass	66268	12258	54010
svgs/oxygen-icons-5.113.0/scalable/mimetypes/text-x-install.svg	pass	605088	241242	363846
svgs/oxygen-icons-5.113.0/scalable/mimetypes/text-x-java.svg	pass	283703	99858	183845
svgs/oxygen-icons-5.113.0/scalable/mimetypes/text-x-katefilelist.svg	pass	568691	231250	337441
svgs/oxygen-icons-5.113.0/scalable/mimetypes/text-x-ldif.svg	pass	1216331	190586	1025745
svgs/oxygen-icons-5.113.0/scalable/mimetypes/text-x-lilypond.svg	pass	559170	276064	283106
svgs/oxygen-icons-5.113.0/scalable/mimetypes/text-x-log.svg	pass	496226	215553	280673
svgs/oxygen-icons-5.113.0/scalable/mimetypes/text-x-makefile.svg	pass	475350	171560	303790
svgs/oxygen-icons-5.113.0/scalable/mimetypes/text-x-nfo.svg	pass	496236	215551	280685
svgs/oxygen-icons-5.113.0/scalable/mimetypes/text-x-objchdr.svg	pass	92946	18534	74412
svgs/oxygen-icons-5.113.0/scalable/mimetypes/text-x-objcsrc.svg	pass	84978	22473	62505
svgs/oxygen-icons-5.113.0/scalable/mimetypes/text-x-pascal.svg	pass	2750634	2083199	667435
svgs/oxygen-icons-5.113.0/scalable/mimetypes/text-x-patch.svg	pass	248802	47295	201507
svgs/oxygen-icons-5.113.0/scalable/mimetypes/text-x-po.svg	mismatch	794815	524269	270546
svgs/oxygen-icons-5.113.0/scalable/mimetypes/text-x-python.svg	pass	135953	44881	91072
svgs/oxygen-icons-5.113.0/scalable/mimetypes/text-x-qml.svg	pass	88313	25957	62356
svgs/oxygen-icons-5.113.0/scalable/mimetypes/text-x-readme.svg	pass	917051	427049	490002
svgs/oxygen-icons-5.113.0/scalable/mimetypes/text-x-rpm-spec.svg	pass	115997	34797	81200
svgs/oxygen-icons-5.113.0/scalable/mimetypes/text-x-script.svg	pass	2056462	1072528	983934
svgs/oxygen-icons-5.113.0/scalable/mimetypes/text-x-sql.svg	pass	148679	39872	108807
svgs/oxygen-icons-5.113.0/scalable/mimetypes/text-x-tcl.svg	pass	16800	8060	8740
svgs/oxygen-icons-5.113.0/scalable/mimetypes/text-x-tex.svg	pass	65498	14513	50985
svgs/oxygen-icons-5.113.0/scalable/mimetypes/text-x-texinfo.svg	pass	358990	137528	221462
svgs/oxygen-icons-5.113.0/scalable/mimetypes/text-x-vcard.svg	pass	553746	59211	494535
svgs/oxygen-icons-5.113.0/scalable/mimetypes/text-x-xslfo.svg	pass	1685920	603837	1082083
svgs/oxygen-icons-5.113.0/scalable/mimetypes/text-xmcd.svg	pass	172805	67900	104905
svgs/oxygen-icons-5.113.0/scalable/mimetypes/text-xml.svg	pass	117301	28915	88386
svgs/oxygen-icons-5.113.0/scalable/mimetypes/unknown.svg	pass	64890	12165	52725
svgs/oxygen-icons-5.113.0/scalable/mimetypes/uri-mms.svg	pass	1625357	784824	840533
svgs/oxygen-icons-5.113.0/scalable/mimetypes/uri-mmst.svg	pass	1625357	784824	840533
svgs/oxygen-icons-5.113.0/scalable/mimetypes/uri-mmsu.svg	pass	1625357	784824	840533
svgs/oxygen-icons-5.113.0/scalable/mimetypes/uri-pnm.svg	pass	1625357	784824	840533
svgs/oxygen-icons-5.113.0/scalable/mimetypes/uri-rtspt.svg	pass	1625357	784824	840533
svgs/oxygen-icons-5.113.0/scalable/mimetypes/uri-rtspu.svg	pass	1625357	784824	840533
svgs/oxygen-icons-5.113.0/scalable/mimetypes/video-x-generic.svg	pass	112565	33221	79344
svgs/oxygen-icons-5.113.0/scalable/mimetypes/video-x-mng.svg	pass	246742	155225	91517
svgs/oxygen-icons-5.113.0/scalable/mimetypes/x-kde-nsplugin-generated.svg	pass	145379	45378	100001
svgs/oxygen-icons-5.113.0/scalable/mimetypes/x-media-podcast.svg	pass	147640	33771	113869
svgs/oxygen-icons-5.113.0/scalable/mimetypes/x-office-address-book.svg	pass	3028464	2351890	676574
svgs/oxygen-icons-5.113.0/scalable/mimetypes/x-office-calendar.svg	pass	190709	49664	141045
svgs/oxygen-icons-5.113.0/scalable/mimetypes/x-office-contact.svg	pass	59246	33271	25975
svgs/oxygen-icons-5.113.0/scalable/mimetypes/x-office-document.svg	pass	210000	127116	82884
svgs/oxygen-icons-5.113.0/scalable/mimetypes/x-office-presentation.svg	pass	207440	35954	171486
svgs/oxygen-icons-5.113.0/scalable/mimetypes/x-office-spreadsheet.svg	pass	86189	22674	63515
svgs/oxygen-icons-5.113.0/scalable/object-rotate.svg	pass	40963	13756	27207
svgs/oxygen-icons-5.113.0/scalable/places/bookmarks.svg	pass	82731	42409	40322
svgs/oxygen-icons-5.113.0/scalable/places/certificate-server.svg	pass	1278438	547325	731113
svgs/oxygen-icons-5.113.0/scalable/places/document-multiple.svg	pass	59743	10853	48890
svgs/oxygen-icons-5.113.0/scalable/places/favorites.svg	pass	82731	42409	40322
svgs/oxygen-icons-5.113.0/scalable/places/folder-activities.svg	pass	182332	134237	48095
svgs/oxygen-icons-5.113.0/scalable/places/folder-black.svg	pass	354277	228857	125420
svgs/oxygen-icons-5.113.0/scalable/places/folder-blue.svg	pass	135970	121383	14587
svgs/oxygen-icons-5.113.0/scalable/places/folder-bookmark.svg	pass	157581	124469	33112
svgs/oxygen-icons-5.113.0/scalable/places/folder-brown.svg	pass	136491	121385	15106
svgs/oxygen-icons-5.113.0/scalable/places/folder-cyan.svg	pass	135872	121367	14505
svgs/oxygen-icons-5.113.0/scalable/places/folder-development.svg	pass	234001	169250	64751
svgs/oxygen-icons-5.113.0/scalable/places/folder-documents.svg	pass	312556	233630	78926
svgs/oxygen-icons-5.113.0/scalable/places/folder-downloads.svg	pass	158231	130608	27623
svgs/oxygen-icons-5.113.0/scalable/places/folder-favorites.svg	pass	228212	167346	60866
svgs/oxygen-icons-5.113.0/scalable/places/folder-games.svg	pass	202042	167511	34531
svgs/oxygen-icons-5.113.0/scalable/places/folder-green.svg	pass	135762	121335	14427
svgs/oxygen-icons-5.113.0/scalable/places/folder-grey.svg	pass	355208	229461	125747
svgs/oxygen-icons-5.113.0/scalable/places/folder-html.svg	pass	1081310	467096	614214
svgs/oxygen-icons-5.113.0/scalable/places/folder-image-people.svg	pass	828915	441240	387675
svgs/oxygen-icons-5.113.0/scalable/places/folder-image.svg	pass	725990	524094	201896
svgs/oxygen-icons-5.113.0/scalable/places/folder-important.svg	pass	206615	125967	80648
svgs/oxygen-icons-5.113.0/scalable/places/folder-locked.svg	pass	383951	258684	125267
svgs/oxygen-icons-5.113.0/scalable/places/folder-network.svg	pass	162755	133148	29607
svgs/oxygen-icons-5.113.0/scalable/places/folder-orange.svg	pass	136196	121381	14815
svgs/oxygen-icons-5.113.0/scalable/places/folder-print.svg	pass	182962	143305	39657
svgs/oxygen-icons-5.113.0/scalable/places/folder-red.svg	pass	1260094	232542	1027552
svgs/oxygen-icons-5.113.0/scalable/places/folder-remote.svg	pass	886692	459621	427071
svgs/oxygen-icons-5.113.0/scalable/places/folder-sound.svg	pass	182962	137018	45944
svgs/oxygen-icons-5.113.0/scalable/places/folder-tar.svg	pass	213877	133289	80588
svgs/oxygen-icons-5.113.0/scalable/places/folder-temp.svg	pass	139847	124090	15757
svgs/oxygen-icons-5.113.0/scalable/places/folder-txt.svg	pass	160509	132283	28226
svgs/oxygen-icons-5.113.0/scalable/places/folder-video.svg	pass	213640	137038	76602
svgs/oxygen-icons-5.113.0/scalable/places/folder-violet.svg	pass	136201	121375	14826
svgs/oxygen-icons-5.113.0/scalable/places/folder-yellow.svg	pass	138340	122728	15612
svgs/oxygen-icons-5.113.0/scalable/places/folder.svg	pass	135983	121333	14650
svgs/oxygen-icons-5.113.0/scalable/places/hidef/folder-black.svg	pass	475912	444814	31098
svgs/oxygen-icons-5.113.0/scalable/places/hidef/folder-blue.svg	pass	255145	122668	132477
svgs/oxygen-icons-5.113.0/scalable/places/hidef/folder-bookmark.svg	pass	285808	233217	52591
svgs/oxygen-icons-5.113.0/scalable/places/hidef/folder-brown.svg	pass	370705	122064	248641
svgs/oxygen-icons-5.113.0/scalable/places/hidef/folder-cyan.svg	pass	254050	122498	131552
svgs/oxygen-icons-5.113.0/scalable/places/hidef/folder-development.svg	pass	685130	289065	396065
svgs/oxygen-icons-5.113.0/scalable/places/hidef/folder-documents.svg	pass	248986	127494	121492
svgs/oxygen-icons-5.113.0/scalable/places/hidef/folder-downloads.svg	pass	431573	239092	192481
svgs/oxygen-icons-5.113.0/scalable/places/hidef/folder-favorites.svg	pass	349231	275732	73499
svgs/oxygen-icons-5.113.0/scalable/places/hidef/folder-green.svg	pass	256463	122663	133800
svgs/oxygen-icons-5.113.0/scalable/places/hidef/folder-grey.svg	pass	595573	230690	364883
svgs/oxygen-icons-5.113.0/scalable/places/hidef/folder-html.svg	pass	1215287	580704	634583
svgs/oxygen-icons-5.113.0/scalable/places/hidef/folder-image-people.svg	pass	825495	439378	386117
svgs/oxygen-icons-5.113.0/scalable/places/hidef/folder-image.svg	pass	951000	527425	423575
svgs/oxygen-icons-5.113.0/scalable/places/hidef/folder-important.svg	pass	444391	127638	316753
svgs/oxygen-icons-5.113.0/scalable/places/hidef/folder-locked.svg	pass	620018	259669	360349
svgs/oxygen-icons-5.113.0/scalable/places/hidef/folder-network.svg	pass	400947	135189	265758
svgs/oxygen-icons-5.113.0/scalable/places/hidef/folder-orange.svg	pass	252566	122164	130402
svgs/oxygen-icons-5.113.0/scalable/places/hidef/folder-print.svg	pass	178109	142013	36096
svgs/oxygen-icons-5.113.0/scalable/places/hidef/folder-red.svg	pass	1951223	230246	1720977
svgs/oxygen-icons-5.113.0/scalable/places/hidef/folder-remote.svg	pass	894294	568064	326230
svgs/oxygen-icons-5.113.0/scalable/places/hidef/folder-sound.svg	pass	326355	244245	82110
svgs/oxygen-icons-5.113.0/scalable/places/hidef/folder-tar.svg	pass	828055	242954	585101
svgs/oxygen-icons-5.113.0/scalable/places/hidef/folder-temp.svg	pass	377297	233105	144192
svgs/oxygen-icons-5.113.0/scalable/places/hidef/folder-txt.svg	pass	296631	255280	41351
svgs/oxygen-icons-5.113.0/scalable/places/hidef/folder-video.svg	pass	231761	138730	93031
svgs/oxygen-icons-5.113.0/scalable/places/hidef/folder-violet.svg	pass	256273	122715	133558
svgs/oxygen-icons-5.113.0/scalable/places/hidef/folder-yellow.svg	pass	248409	122761	125648
svgs/oxygen-icons-5.113.0/scalable/places/hidef/folder.svg	pass	137394	122616	14778
svgs/oxygen-icons-5.113.0/scalable/places/hidef/mail-folder-sent.svg	pass	494916	132430	362486
svgs/oxygen-icons-5.113.0/scalable/places/hidef/mail-message.svg	pass	234315	5934	228381
svgs/oxygen-icons-5.113.0/scalable/places/hidef/network-server-database.svg	pass	282163	35747	246416
svgs/oxygen-icons-5.113.0/scalable/places/hidef/network-server.svg	pass	726192	224703	501489
svgs/oxygen-icons-5.113.0/scalable/places/hidef/network-workgroup.svg	pass	1334275	457577	876698
svgs/oxygen-icons-5.113.0/scalable/places/hidef/server-database.svg	pass	273939	23998	249941
svgs/oxygen-icons-5.113.0/scalable/places/hidef/user-home.svg	pass	266506	232502	34004
svgs/oxygen-icons-5.113.0/scalable/places/hidef/user-trash.svg	pass	60800	18102	42698
svgs/oxygen-icons-5.113.0/scalable/places/kmag.svg	pass	1097232	201004	896228
svgs/oxygen-icons-5.113.0/scalable/places/mail-folder-inbox.svg	pass	44892	12281	32611
svgs/oxygen-icons-5.113.0/scalable/places/mail-folder-outbox.svg	pass	74835	13830	61005
svgs/oxygen-icons-5.113.0/scalable/places/mail-folder-sent.svg	pass	261709	129750	131959
svgs/oxygen-icons-5.113.0/scalable/places/mail-message.svg	pass	233717	5849	227868
svgs/oxygen-icons-5.113.0/scalable/places/network-server-database.svg	pass	282213	35747	246466
svgs/oxygen-icons-5.113.0/scalable/places/network-server.svg	pass	375146	232656	142490
svgs/oxygen-icons-5.113.0/scalable/places/network-workgroup.svg	pass	983869	456517	527352
svgs/oxygen-icons-5.113.0/scalable/places/repository.svg	pass	1286273	667866	618407
svgs/oxygen-icons-5.113.0/scalable/places/server-database.svg	pass	273987	24003	249984
svgs/oxygen-icons-5.113.0/scalable/places/small/16x16/bookmarks.svg	pass	112992	53715	59277
svgs/oxygen-icons-5.113.0/scalable/places/small/16x16/certificate-server.svg	pass	918250	384029	534221
svgs/oxygen-icons-5.113.0/scalable/places/small/16x16/document-multiple.svg	pass	187764	7051	180713
svgs/oxygen-icons-5.113.0/scalable/places/small/16x16/folder-activities.svg	pass	270474	128726	141748
svgs/oxygen-icons-5.113.0/scalable/places/small/16x16/folder-black.svg	pass	68483	7885	60598
svgs/oxygen-icons-5.113.0/scalable/places/small/16x16/folder-blue.svg	pass	184072	8454	175618
svgs/oxygen-icons-5.113.0/scalable/places/small/16x16/folder-bookmark.svg	pass	369406	226617	142789
svgs/oxygen-icons-5.113.0/scalable/places/small/16x16/folder-development.svg	pass	254984	149769	105215
svgs/oxygen-icons-5.113.0/scalable/places/small/16x16/folder-documents.svg	pass	251200	124334	126866
svgs/oxygen-icons-5.113.0/scalable/places/small/16x16/folder-downloads.svg	pass	76303	8580	67723
svgs/oxygen-icons-5.113.0/scalable/places/small/16x16/folder-favorites.svg	pass	170944	141262	29682
svgs/oxygen-icons-5.113.0/scalable/places/small/16x16/folder-green.svg	pass	73524	6759	66765
svgs/oxygen-icons-5.113.0/scalable/places/small/16x16/folder-grey.svg	pass	82173	8578	73595
svgs/oxygen-icons-5.113.0/scalable/places/small/16x16/folder-html.svg	pass	824178	354672	469506
svgs/oxygen-icons-5.113.0/scalable/places/small/16x16/folder-image-people.svg	pass	831180	441858	389322
svgs/oxygen-icons-5.113.0/scalable/places/small/16x16/folder-image.svg	pass	365425	156486	208939
svgs/oxygen-icons-5.113.0/scalable/places/small/16x16/folder-important.svg	pass	142185	12946	129239
svgs/oxygen-icons-5.113.0/scalable/places/small/16x16/folder-locked.svg	pass	415421	8618	406803
svgs/oxygen-icons-5.113.0/scalable/places/small/16x16/folder-network.svg	pass	577218	127851	449367
svgs/oxygen-icons-5.113.0/scalable/places/small/16x16/folder-orange.svg	pass	642323	7476	634847
svgs/oxygen-icons-5.113.0/scalable/places/small/16x16/folder-red.svg	pass	79187	8613	70574
svgs/oxygen-icons-5.113.0/scalable/places/small/16x16/folder-remote.svg	pass	1822934	561603	1261331
svgs/oxygen-icons-5.113.0/scalable/places/small/16x16/folder-sound.svg	pass	621463	232756	388707
svgs/oxygen-icons-5.113.0/scalable/places/small/16x16/folder-tar.svg	pass	92990	14950	78040
svgs/oxygen-icons-5.113.0/scalable/places/small/16x16/folder-temp.svg	pass	78230	9770	68460
svgs/oxygen-icons-5.113.0/scalable/places/small/16x16/folder-txt.svg	pass	505682	234618	271064
svgs/oxygen-icons-5.113.0/scalable/places/small/16x16/folder-video.svg	pass	423173	124268	298905
svgs/oxygen-icons-5.113.0/scalable/places/small/16x16/folder-violet.svg	pass	411619	7202	404417
svgs/oxygen-icons-5.113.0/scalable/places/small/16x16/folder-yellow.svg	pass	67745	7086	60659
svgs/oxygen-icons-5.113.0/scalable/places/small/16x16/folder.svg	pass	76737	8427	68310
svgs/oxygen-icons-5.113.0/scalable/places/small/16x16/mail-folder-inbox.svg	pass	40105	9088	31017
svgs/oxygen-icons-5.113.0/scalable/places/small/16x16/mail-folder-outbox.svg	pass	120512	12768	107744
svgs/oxygen-icons-5.113.0/scalable/places/small/16x16/mail-folder-sent.svg	pass	312704	120874	191830
svgs/oxygen-icons-5.113.0/scalable/places/small/16x16/mail-message.svg	pass	69671	4736	64935
svgs/oxygen-icons-5.113.0/scalable/places/small/16x16/server-database.svg	pass	86833	19958	66875
svgs/oxygen-icons-5.113.0/scalable/places/small/16x16/start-here-kde.svg	pass	24156	10090	14066
svgs/oxygen-icons-5.113.0/scalable/places/small/16x16/user-desktop.svg	pass	12436	6245	6191
svgs/oxygen-icons-5.113.0/scalable/places/small/16x16/user-home.svg	pass	128600	116095	12505
svgs/oxygen-icons-5.113.0/scalable/places/small/16x16/user-identity.svg	pass	17826	3590	14236
svgs/oxygen-icons-5.113.0/scalable/places/small/16x16/user-trash.svg	pass	60844	17986	42858
svgs/oxygen-icons-5.113.0/scalable/places/small/22x22/bookmarks.svg	pass	106190	50145	56045
svgs/oxygen-icons-5.113.0/scalable/places/small/22x22/certificate-server.svg	pass	947819	401965	545854
svgs/oxygen-icons-5.113.0/scalable/places/small/22x22/document-multiple.svg	pass	18865	6534	12331
svgs/oxygen-icons-5.113.0/scalable/places/small/22x22/folder-activities.svg	pass	164097	129466	34631
svgs/oxygen-icons-5.113.0/scalable/places/small/22x22/folder-black.svg	pass	696785	224400	472385
svgs/oxygen-icons-5.113.0/scalable/places/small/22x22/folder-blue.svg	pass	245257	116834	128423
svgs/oxygen-icons-5.113.0/scalable/places/small/22x22/folder-bookmark.svg	pass	137210	119920	17290
svgs/oxygen-icons-5.113.0/scalable/places/small/22x22/folder-brown.svg	pass	246197	116457	129740
svgs/oxygen-icons-5.113.0/scalable/places/small/22x22/folder-cyan.svg	pass	127391	116446	10945
svgs/oxygen-icons-5.113.0/scalable/places/small/22x22/folder-development.svg	pass	509591	151613	357978
svgs/oxygen-icons-5.113.0/scalable/places/small/22x22/folder-documents.svg	pass	144737	124619	20118
svgs/oxygen-icons-5.113.0/scalable/places/small/22x22/folder-downloads.svg	pass	282701	247078	35623
svgs/oxygen-icons-5.113.0/scalable/places/small/22x22/folder-favorites.svg	pass	299671	141996	157675
svgs/oxygen-icons-5.113.0/scalable/places/small/22x22/folder-green.svg	pass	480380	116612	363768
svgs/oxygen-icons-5.113.0/scalable/places/small/22x22/folder-grey.svg	pass	700540	224440	476100
svgs/oxygen-icons-5.113.0/scalable/places/small/22x22/folder-html.svg	pass	996185	467064	529121
svgs/oxygen-icons-5.113.0/scalable/places/small/22x22/folder-image-people.svg	pass	831313	441902	389411
svgs/oxygen-icons-5.113.0/scalable/places/small/22x22/folder-image.svg	pass	206883	158168	48715
svgs/oxygen-icons-5.113.0/scalable/places/small/22x22/folder-important.svg	pass	321297	121245	200052
svgs/oxygen-icons-5.113.0/scalable/places/small/22x22/folder-locked.svg	pass	661225	253735	407490
svgs/oxygen-icons-5.113.0/scalable/places/small/22x22/folder-network.svg	pass	512338	128826	383512
svgs/oxygen-icons-5.113.0/scalable/places/small/22x22/folder-orange.svg	pass	478201	116446	361755
svgs/oxygen-icons-5.113.0/scalable/places/small/22x22/folder-print.svg	pass	162417	131518	30899
svgs/oxygen-icons-5.113.0/scalable/places/small/22x22/folder-red.svg	pass	563868	224381	339487
svgs/oxygen-icons-5.113.0/scalable/places/small/22x22/folder-remote.svg	pass	1591781	454623	1137158
svgs/oxygen-icons-5.113.0/scalable/places/small/22x22/folder-sound.svg	pass	257770	125962	131808
svgs/oxygen-icons-5.113.0/scalable/places/small/22x22/folder-tar.svg	pass	806517	230999	575518
svgs/oxygen-icons-5.113.0/scalable/places/small/22x22/folder-temp.svg	pass	248683	119955	128728
svgs/oxygen-icons-5.113.0/scalable/places/small/22x22/folder-txt.svg	pass	274778	127920	146858
svgs/oxygen-icons-5.113.0/scalable/places/small/22x22/folder-video.svg	pass	539084	125606	413478
svgs/oxygen-icons-5.113.0/scalable/places/small/22x22/folder-violet.svg	pass	245280	116803	128477
svgs/oxygen-icons-5.113.0/scalable/places/small/22x22/folder-yellow.svg	pass	246891	116730	130161
svgs/oxygen-icons-5.113.0/scalable/places/small/22x22/folder.svg	pass	245747	116825	128922
svgs/oxygen-icons-5.113.0/scalable/places/small/22x22/mail-folder-inbox.svg	pass	76572	16407	60165
svgs/oxygen-icons-5.113.0/scalable/places/small/22x22/mail-folder-sent.svg	pass	198584	121534	77050
svgs/oxygen-icons-5.113.0/scalable/places/small/22x22/mail-message.svg	pass	70215	4739	65476
svgs/oxygen-icons-5.113.0/scalable/places/small/22x22/server-database.svg	pass	37358	20076	17282
svgs/oxygen-icons-5.113.0/scalable/places/small/22x22/start-here-kde.svg	pass	24756	10046	14710
svgs/oxygen-icons-5.113.0/scalable/places/small/22x22/user-desktop.svg	pass	198426	96077	102349
svgs/oxygen-icons-5.113.0/scalable/places/small/22x22/user-home.svg	pass	259510	225175	34335
svgs/oxygen-icons-5.113.0/scalable/places/small/22x22/user-identity.svg	pass	17912	3579	14333
svgs/oxygen-icons-5.113.0/scalable/places/small/22x22/user-trash.svg	pass	60862	18021	42841
svgs/oxygen-icons-5.113.0/scalable/places/small/32x32/certificate-server.svg	pass	1678713	478253	1200460
svgs/oxygen-icons-5.113.0/scalable/places/small/32x32/folder-activities.svg	pass	161520	133553	27967
svgs/oxygen-icons-5.113.0/scalable/places/small/32x32/folder-black.svg	pass	804554	227601	576953
svgs/oxygen-icons-5.113.0/scalable/places/small/32x32/folder-blue.svg	pass	369135	119996	249139
svgs/oxygen-icons-5.113.0/scalable/places/small/32x32/folder-bookmark.svg	pass	139465	123125	16340
svgs/oxygen-icons-5.113.0/scalable/places/small/32x32/folder-brown.svg	pass	132799	119547	13252
svgs/oxygen-icons-5.113.0/scalable/places/small/32x32/folder-cyan.svg	pass	133202	119918	13284
svgs/oxygen-icons-5.113.0/scalable/places/small/32x32/folder-development.svg	pass	258972	152774	106198
svgs/oxygen-icons-5.113.0/scalable/places/small/32x32/folder-documents.svg	pass	151394	127711	23683
svgs/oxygen-icons-5.113.0/scalable/places/small/32x32/folder-downloads.svg	pass	300638	129026	171612
svgs/oxygen-icons-5.113.0/scalable/places/small/32x32/folder-favorites.svg	pass	464339	165745	298594
svgs/oxygen-icons-5.113.0/scalable/places/small/32x32/folder-green.svg	pass	250238	120279	129959
svgs/oxygen-icons-5.113.0/scalable/places/small/32x32/folder-grey.svg	pass	351269	227942	123327
svgs/oxygen-icons-5.113.0/scalable/places/small/32x32/folder-html.svg	pass	783573	466568	317005
svgs/oxygen-icons-5.113.0/scalable/places/small/32x32/folder-image-people.svg	pass	839090	447093	391997
svgs/oxygen-icons-5.113.0/scalable/places/small/32x32/folder-image.svg	pass	209079	159230	49849
svgs/oxygen-icons-5.113.0/scalable/places/small/32x32/folder-important.svg	pass	449790	124439	325351
svgs/oxygen-icons-5.113.0/scalable/places/small/32x32/folder-locked.svg	pass	447889	256945	190944
svgs/oxygen-icons-5.113.0/scalable/places/small/32x32/folder-network.svg	pass	154834	131553	23281
svgs/oxygen-icons-5.113.0/scalable/places/small/32x32/folder-orange.svg	pass	249832	119858	129974
svgs/oxygen-icons-5.113.0/scalable/places/small/32x32/folder-print.svg	pass	176128	134603	41525
svgs/oxygen-icons-5.113.0/scalable/places/small/32x32/folder-red.svg	pass	242874	227957	14917
svgs/oxygen-icons-5.113.0/scalable/places/small/32x32/folder-remote.svg	pass	841285	457261	384024
svgs/oxygen-icons-5.113.0/scalable/places/small/32x32/folder-sound.svg	pass	585069	128623	456446
svgs/oxygen-icons-5.113.0/scalable/places/small/32x32/folder-tar.svg	pass	299126	126240	172886
svgs/oxygen-icons-5.113.0/scalable/places/small/32x32/folder-temp.svg	pass	136791	122472	14319
svgs/oxygen-icons-5.113.0/scalable/places/small/32x32/folder-txt.svg	pass	272690	131025	141665
svgs/oxygen-icons-5.113.0/scalable/places/small/32x32/folder-video.svg	pass	184431	135078	49353
svgs/oxygen-icons-5.113.0/scalable/places/small/32x32/folder-violet.svg	pass	133547	119950	13597
svgs/oxygen-icons-5.113.0/scalable/places/small/32x32/folder-yellow.svg	pass	366575	120284	246291
svgs/oxygen-icons-5.113.0/scalable/places/small/32x32/folder.svg	pass	133192	119977	13215
svgs/oxygen-icons-5.113.0/scalable/places/small/32x32/mail-folder-sent.svg	pass	203871	124641	79230
svgs/oxygen-icons-5.113.0/scalable/places/small/32x32/mail-message.svg	pass	66644	4222	62422
svgs/oxygen-icons-5.113.0/scalable/places/small/32x32/server-database.svg	pass	39289	20157	19132
svgs/oxygen-icons-5.113.0/scalable/places/small/32x32/user-home.svg	pass	139077	122596	16481
svgs/oxygen-icons-5.113.0/scalable/places/small/32x32/user-trash.svg	pass	61079	17955	43124
svgs/oxygen-icons-5.113.0/scalable/places/small/48x48/certificate-server.svg	pass	1276298	550240	726058
svgs/oxygen-icons-5.113.0/scalable/places/small/48x48/folder-activities.svg	pass	635582	133624	501958
svgs/oxygen-icons-5.113.0/scalable/places/small/48x48/folder-add.svg	pass	197715	125669	72046
svgs/oxygen-icons-5.113.0/scalable/places/small/48x48/folder-black.svg	pass	587486	120610	466876
svgs/oxygen-icons-5.113.0/scalable/places/small/48x48/folder-blue.svg	pass	372074	120974	251100
svgs/oxygen-icons-5.113.0/scalable/places/small/48x48/folder-bookmark.svg	pass	143294	125295	17999
svgs/oxygen-icons-5.113.0/scalable/places/small/48x48/folder-brown.svg	pass	135805	121293	14512
svgs/oxygen-icons-5.113.0/scalable/places/small/48x48/folder-cyan.svg	pass	252847	120555	132292
svgs/oxygen-icons-5.113.0/scalable/places/small/48x48/folder-development.svg	pass	547053	179715	367338
svgs/oxygen-icons-5.113.0/scalable/places/small/48x48/folder-documents.svg	pass	259309	132292	127017
svgs/oxygen-icons-5.113.0/scalable/places/small/48x48/folder-downloads.svg	pass	153768	130390	23378
svgs/oxygen-icons-5.113.0/scalable/places/small/48x48/folder-favorites.svg	pass	322452	167053	155399
svgs/oxygen-icons-5.113.0/scalable/places/small/48x48/folder-green.svg	pass	250543	121043	129500
svgs/oxygen-icons-5.113.0/scalable/places/small/48x48/folder-grey.svg	pass	370451	233306	137145
svgs/oxygen-icons-5.113.0/scalable/places/small/48x48/folder-html.svg	pass	889981	462421	427560
svgs/oxygen-icons-5.113.0/scalable/places/small/48x48/folder-image-people.svg	pass	830433	442367	388066
svgs/oxygen-icons-5.113.0/scalable/places/small/48x48/folder-image.svg	pass	605394	423047	182347
svgs/oxygen-icons-5.113.0/scalable/places/small/48x48/folder-important.svg	pass	408621	125801	282820
svgs/oxygen-icons-5.113.0/scalable/places/small/48x48/folder-locked.svg	pass	491083	258283	232800
svgs/oxygen-icons-5.113.0/scalable/places/small/48x48/folder-network.svg	pass	293664	133294	160370
svgs/oxygen-icons-5.113.0/scalable/places/small/48x48/folder-orange.svg	pass	483059	121311	361748
svgs/oxygen-icons-5.113.0/scalable/places/small/48x48/folder-print.svg	pass	243166	135772	107394
svgs/oxygen-icons-5.113.0/scalable/places/small/48x48/folder-red.svg	pass	585517	228929	356588
svgs/oxygen-icons-5.113.0/scalable/places/small/48x48/folder-remote.svg	pass	773183	459360	313823
svgs/oxygen-icons-5.113.0/scalable/places/small/48x48/folder-sound.svg	pass	217304	129917	87387
svgs/oxygen-icons-5.113.0/scalable/places/small/48x48/folder-tar.svg	pass	191679	133253	58426
svgs/oxygen-icons-5.113.0/scalable/places/small/48x48/folder-temp.svg	pass	137735	123002	14733
svgs/oxygen-icons-5.113.0/scalable/places/small/48x48/folder-txt.svg	pass	395908	239542	156366
svgs/oxygen-icons-5.113.0/scalable/places/small/48x48/folder-video.svg	pass	180294	138304	41990
svgs/oxygen-icons-5.113.0/scalable/places/small/48x48/folder-violet.svg	pass	253619	120826	132793
svgs/oxygen-icons-5.113.0/scalable/places/small/48x48/folder-yellow.svg	pass	251335	121444	129891
svgs/oxygen-icons-5.113.0/scalable/places/small/48x48/folder.svg	pass	134353	120927	13426
svgs/oxygen-icons-5.113.0/scalable/places/small/48x48/mail-folder-sent.svg	pass	202779	125472	77307
svgs/oxygen-icons-5.113.0/scalable/places/small/48x48/mail-message.svg	pass	65080	4092	60988
svgs/oxygen-icons-5.113.0/scalable/places/small/48x48/network-server-database.svg	pass	1522784	252663	1270121
svgs/oxygen-icons-5.113.0/scalable/places/small/48x48/network-workgroup.svg	pass	1367763	457072	910691
svgs/oxygen-icons-5.113.0/scalable/places/small/48x48/server-database.svg	pass	1516062	240716	1275346
svgs/oxygen-icons-5.113.0/scalable/places/small/48x48/user-home.svg	pass	138031	122794	15237
svgs/oxygen-icons-5.113.0/scalable/places/small/48x48/user-trash.svg	pass	64133	20591	43542
svgs/oxygen-icons-5.113.0/scalable/places/small/64x64/document-multiple.svg	pass	94290	10951	83339
svgs/oxygen-icons-5.113.0/scalable/places/small/64x64/folder-activities.svg	pass	179550	133924	45626
svgs/oxygen-icons-5.113.0/scalable/places/small/64x64/folder-black.svg	pass	472244	120717	351527
svgs/oxygen-icons-5.113.0/scalable/places/small/64x64/folder-blue.svg	pass	255368	120716	134652
svgs/oxygen-icons-5.113.0/scalable/places/small/64x64/folder-bookmark.svg	pass	141632	124173	17459
svgs/oxygen-icons-5.113.0/scalable/places/small/64x64/folder-brown.svg	pass	135108	120836	14272
svgs/oxygen-icons-5.113.0/scalable/places/small/64x64/folder-cyan.svg	pass	251462	120758	130704
svgs/oxygen-icons-5.113.0/scalable/places/small/64x64/folder-development.svg	pass	242087	179616	62471
svgs/oxygen-icons-5.113.0/scalable/places/small/64x64/folder-documents.svg	pass	176094	125650	50444
svgs/oxygen-icons-5.113.0/scalable/places/small/64x64/folder-downloads.svg	pass	154763	130240	24523
svgs/oxygen-icons-5.113.0/scalable/places/small/64x64/folder-favorites.svg	pass	213400	166948	46452
svgs/oxygen-icons-5.113.0/scalable/places/small/64x64/folder-green.svg	pass	368964	120544	248420
svgs/oxygen-icons-5.113.0/scalable/places/small/64x64/folder-grey.svg	pass	472185	229398	242787
svgs/oxygen-icons-5.113.0/scalable/places/small/64x64/folder-html.svg	pass	781570	463947	317623
svgs/oxygen-icons-5.113.0/scalable/places/small/64x64/folder-image-people.svg	pass	828937	441276	387661
svgs/oxygen-icons-5.113.0/scalable/places/small/64x64/folder-image.svg	pass	581892	416545	165347
svgs/oxygen-icons-5.113.0/scalable/places/small/64x64/folder-important.svg	pass	208204	125660	82544
svgs/oxygen-icons-5.113.0/scalable/places/small/64x64/folder-locked.svg	pass	379171	258197	120974
svgs/oxygen-icons-5.113.0/scalable/places/small/64x64/folder-network.svg	pass	182046	133224	48822
svgs/oxygen-icons-5.113.0/scalable/places/small/64x64/folder-orange.svg	pass	251204	120508	130696
svgs/oxygen-icons-5.113.0/scalable/places/small/64x64/folder-print.svg	pass	303654	143182	160472
svgs/oxygen-icons-5.113.0/scalable/places/small/64x64/folder-red.svg	pass	244520	228937	15583
svgs/oxygen-icons-5.113.0/scalable/places/small/64x64/folder-remote.svg	pass	773278	459325	313953
svgs/oxygen-icons-5.113.0/scalable/places/small/64x64/folder-sound.svg	pass	162572	135466	27106
svgs/oxygen-icons-5.113.0/scalable/places/small/64x64/folder-tar.svg	mismatch	191380	133118	58262
svgs/oxygen-icons-5.113.0/scalable/places/small/64x64/folder-temp.svg	pass	139965	124417	15548
svgs/oxygen-icons-5.113.0/scalable/places/small/64x64/folder-txt.svg	pass	156567	132038	24529
svgs/oxygen-icons-5.113.0/scalable/places/small/64x64/folder-video.svg	pass	204025	136907	67118
svgs/oxygen-icons-5.113.0/scalable/places/small/64x64/folder-violet.svg	pass	251061	120829	130232
svgs/oxygen-icons-5.113.0/scalable/places/small/64x64/folder-yellow.svg	pass	252254	121279	130975
svgs/oxygen-icons-5.113.0/scalable/places/small/64x64/folder.svg	pass	134602	120682	13920
svgs/oxygen-icons-5.113.0/scalable/places/small/64x64/mail-folder-sent.svg	pass	202920	125815	77105
svgs/oxygen-icons-5.113.0/scalable/places/small/64x64/mail-message.svg	pass	234028	5880	228148
svgs/oxygen-icons-5.113.0/scalable/places/small/64x64/network-server-database.svg	mismatch	833228	144021	689207
svgs/oxygen-icons-5.113.0/scalable/places/small/64x64/network-server.svg	pass	377035	228875	148160
svgs/oxygen-icons-5.113.0/scalable/places/small/64x64/network-workgroup.svg	pass	1118129	456563	661566
svgs/oxygen-icons-5.113.0/scalable/places/small/64x64/server-database.svg	mismatch	760194	132442	627752
svgs/oxygen-icons-5.113.0/scalable/places/small/64x64/user-home.svg	pass	142135	124551	17584
svgs/oxygen-icons-5.113.0/scalable/places/small/64x64/user-trash.svg	pass	60555	18037	42518
svgs/oxygen-icons-5.113.0/scalable/places/start-here-kde.svg	pass	20765	8257	12508
svgs/oxygen-icons-5.113.0/scalable/places/start-here.svg	pass	47385	12665	34720
svgs/oxygen-icons-5.113.0/scalable/places/user-desktop.svg	pass	228046	115124	112922
svgs/oxygen-icons-5.113.0/scalable/places/user-home.svg	pass	144510	124264	20246
svgs/oxygen-icons-5.113.0/scalable/places/user-identity.svg	pass	160309	27474	132835
svgs/oxygen-icons-5.113.0/scalable/places/user-trash.svg	pass	60534	18040	42494
svgs/oxygen-icons-5.113.0/scalable/special/small/16x16/zoom.svg	pass	14865	6917	7948
svgs/oxygen-icons-5.113.0/scalable/special/small/22x22/zoom.svg	pass	13959	6442	7517
svgs/oxygen-icons-5.113.0/scalable/status/audio-volume-high.svg	pass	15833	8189	7644
svgs/oxygen-icons-5.113.0/scalable/status/audio-volume-low.svg	pass	13859	7450	6409
svgs/oxygen-icons-5.113.0/scalable/status/audio-volume-medium.svg	pass	14149	7750	6399
svgs/oxygen-icons-5.113.0/scalable/status/audio-volume-muted.svg	pass	360017	20060	339957
svgs/oxygen-icons-5.113.0/scalable/status/battery-040.svg	pass	23215	11845	11370
svgs/oxygen-icons-5.113.0/scalable/status/battery-060.svg	pass	23943	12318	11625
svgs/oxygen-icons-5.113.0/scalable/status/battery-080.svg	pass	26502	12788	13714
svgs/oxygen-icons-5.113.0/scalable/status/battery-100.svg	pass	24109	11732	12377
svgs/oxygen-icons-5.113.0/scalable/status/battery-caution.svg	pass	22861	11575	11286
svgs/oxygen-icons-5.113.0/scalable/status/battery-charging-040.svg	pass	75952	14517	61435
svgs/oxygen-icons-5.113.0/scalable/status/battery-charging-060.svg	pass	76315	14989	61326
svgs/oxygen-icons-5.113.0/scalable/status/battery-charging-080.svg	pass	84149	15654	68495
svgs/oxygen-icons-5.113.0/scalable/status/battery-charging-caution.svg	pass	75597	14245	61352
svgs/oxygen-icons-5.113.0/scalable/status/battery-charging-low.svg	pass	60938	14776	46162
svgs/oxygen-icons-5.113.0/scalable/status/battery-charging.svg	pass	72776	16111	56665
svgs/oxygen-icons-5.113.0/scalable/status/battery-low.svg	pass	22487	11080	11407
svgs/oxygen-icons-5.113.0/scalable/status/battery-missing.svg	pass	132459	16443	116016
svgs/oxygen-icons-5.113.0/scalable/status/dialog-error.svg	pass	27367	10825	16542
svgs/oxygen-icons-5.113.0/scalable/status/dialog-information.svg	pass	118697	12302	106395
svgs/oxygen-icons-5.113.0/scalable/status/dialog-password.svg	pass	94091	47790	46301
svgs/oxygen-icons-5.113.0/scalable/status/dialog-warning.svg	pass	25838	10987	14851
svgs/oxygen-icons-5.113.0/scalable/status/folder-open.svg	pass	206571	4498	202073
svgs/oxygen-icons-5.113.0/scalable/status/hidef/user-trash-full.svg	pass	884366	138687	745679
svgs/oxygen-icons-5.113.0/scalable/status/image-loading.svg	pass	187318	55955	131363
svgs/oxygen-icons-5.113.0/scalable/status/image-missing.svg	pass	44737	15404	29333
svgs/oxygen-icons-5.113.0/scalable/status/mail-attachment.svg	pass	6647	2261	4386
svgs/oxygen-icons-5.113.0/scalable/status/mail-queued.svg	pass	29136	5672	23464
svgs/oxygen-icons-5.113.0/scalable/status/mail-read.svg	pass	107782	7704	100078
svgs/oxygen-icons-5.113.0/scalable/status/mail-replied.svg	pass	113671	8988	104683
svgs/oxygen-icons-5.113.0/scalable/status/mail-sent.svg	pass	30219	11485	18734
svgs/oxygen-icons-5.113.0/scalable/status/mail-tagged.svg	pass	27936	15309	12627
svgs/oxygen-icons-5.113.0/scalable/status/mail-task.svg	pass	62361	35609	26752
svgs/oxygen-icons-5.113.0/scalable/status/mail-unread-new.svg	pass	75588	9489	66099
svgs/oxygen-icons-5.113.0/scalable/status/mail-unread.svg	pass	33199	5245	27954
svgs/oxygen-icons-5.113.0/scalable/status/media-playlist-repeat.svg	pass	36777	15491	21286
svgs/oxygen-icons-5.113.0/scalable/status/media-playlist-shuffle.svg	pass	30655	16293	14362
svgs/oxygen-icons-5.113.0/scalable/status/object-locked.svg	pass	275209	181207	94002
svgs/oxygen-icons-5.113.0/scalable/status/object-unlocked.svg	pass	276159	181234	94925
svgs/oxygen-icons-5.113.0/scalable/status/printer-error.svg	pass	485216	283475	201741
svgs/oxygen-icons-5.113.0/scalable/status/printer-printing.svg	mismatch	479166	265007	214159
svgs/oxygen-icons-5.113.0/scalable/status/script-error.svg	pass	127095	58442	68653
svgs/oxygen-icons-5.113.0/scalable/status/security-high.svg	pass	22016	10800	11216
svgs/oxygen-icons-5.113.0/scalable/status/security-low.svg	pass	24309	11203	13106
svgs/oxygen-icons-5.113.0/scalable/status/security-medium.svg	pass	30801	11081	19720
svgs/oxygen-icons-5.113.0/scalable/status/small/16x16/audio-volume-high.svg	pass	21311	9161	12150
svgs/oxygen-icons-5.113.0/scalable/status/small/16x16/audio-volume-low.svg	pass	18543	7647	10896
svgs/oxygen-icons-5.113.0/scalable/status/small/16x16/audio-volume-medium.svg	pass	19905	8230	11675
svgs/oxygen-icons-5.113.0/scalable/status/small/16x16/audio-volume-muted.svg	pass	18562	7428	11134
svgs/oxygen-icons-5.113.0/scalable/status/small/16x16/battery-040.svg	pass	23215	11845	11370
svgs/oxygen-icons-5.113.0/scalable/status/small/16x16/battery-060.svg	pass	23943	12318	11625
svgs/oxygen-icons-5.113.0/scalable/status/small/16x16/battery-080.svg	pass	26502	12788	13714
svgs/oxygen-icons-5.113.0/scalable/status/small/16x16/battery-100.svg	pass	24109	11732	12377
svgs/oxygen-icons-5.113.0/scalable/status/small/16x16/battery-caution.svg	pass	22861	11575	11286
svgs/oxygen-icons-5.113.0/scalable/status/small/16x16/battery-charging-040.svg	pass	75952	14517	61435
svgs/oxygen-icons-5.113.0/scalable/status/small/16x16/battery-charging-060.svg	pass	76315	14989	61326
svgs/oxygen-icons-5.113.0/scalable/status/small/16x16/battery-charging-080.svg	pass	84149	15654	68495
svgs/oxygen-icons-5.113.0/scalable/status/small/16x16/battery-charging-caution.svg	pass	75597	14245	61352
svgs/oxygen-icons-5.113.0/scalable/status/small/16x16/battery-charging-low.svg	pass	60938	14776	46162
svgs/oxygen-icons-5.113.0/scalable/status/small/16x16/battery-low.svg	pass	22487	11080	11407
svgs/oxygen-icons-5.113.0/scalable/status/small/16x16/dialog-error.svg	pass	27232	10989	16243
svgs/oxygen-icons-5.113.0/scalable/status/small/16x16/dialog-information.svg	pass	107209	11394	95815
svgs/oxygen-icons-5.113.0/scalable/status/small/16x16/dialog-password.svg	pass	167498	48431	119067
svgs/oxygen-icons-5.113.0/scalable/status/small/16x16/dialog-warning.svg	pass	23422	9559	13863
svgs/oxygen-icons-5.113.0/scalable/status/small/16x16/folder-open.svg	pass	1076518	130789	945729
svgs/oxygen-icons-5.113.0/scalable/status/small/16x16/image-loading.svg	pass	186471	55243	131228
svgs/oxygen-icons-5.113.0/scalable/status/small/16x16/image-missing.svg	pass	201655	15503	186152
svgs/oxygen-icons-5.113.0/scalable/status/small/16x16/mail-attachment.svg	pass	5670	2175	3495
svgs/oxygen-icons-5.113.0/scalable/status/small/16x16/mail-queued.svg	pass	29141	5674	23467
svgs/oxygen-icons-5.113.0/scalable/status/small/16x16/mail-read.svg	pass	106463	7476	98987
svgs/oxygen-icons-5.113.0/scalable/status/small/16x16/mail-replied.svg	pass	18509	9241	9268
svgs/oxygen-icons-5.113.0/scalable/status/small/16x16/mail-unread-new.svg	pass	71962	9085	62877
svgs/oxygen-icons-5.113.0/scalable/status/small/16x16/mail-unread.svg	pass	32985	5388	27597
svgs/oxygen-icons-5.113.0/scalable/status/small/16x16/meeting-chair.svg	pass	86381	48756	37625
svgs/oxygen-icons-5.113.0/scalable/status/small/16x16/meeting-observer.svg	pass	264135	43569	220566
svgs/oxygen-icons-5.113.0/scalable/status/small/16x16/meeting-organizer.svg	pass	362980	157100	205880
svgs/oxygen-icons-5.113.0/scalable/status/small/16x16/meeting-participant-optional.svg	pass	88987	35300	53687
svgs/oxygen-icons-5.113.0/scalable/status/small/16x16/meeting-participant-reply.svg	pass	210434	146602	63832
svgs/oxygen-icons-5.113.0/scalable/status/small/16x16/meeting-participant.svg	pass	196767	138823	57944
svgs/oxygen-icons-5.113.0/scalable/status/small/16x16/object-locked.svg	pass	236546	149252	87294
svgs/oxygen-icons-5.113.0/scalable/status/small/16x16/object-unlocked.svg	pass	731595	480496	251099
svgs/oxygen-icons-5.113.0/scalable/status/small/16x16/security-high.svg	pass	17119	7475	9644
svgs/oxygen-icons-5.113.0/scalable/status/small/16x16/security-low.svg	pass	19987	8071	11916
svgs/oxygen-icons-5.113.0/scalable/status/small/16x16/security-medium.svg	pass	27611	7956	19655
svgs/oxygen-icons-5.113.0/scalable/status/small/16x16/task-accepted.svg	pass	42588	8987	33601
svgs/oxygen-icons-5.113.0/scalable/status/small/16x16/task-attempt.svg	pass	72463	5485	66978
svgs/oxygen-icons-5.113.0/scalable/status/small/16x16/task-attention.svg	pass	21501	10147	11354
svgs/oxygen-icons-5.113.0/scalable/status/small/16x16/task-complete.svg	pass	67681	5010	62671
svgs/oxygen-icons-5.113.0/scalable/status/small/16x16/task-delegate.svg	pass	55890	12421	43469
svgs/oxygen-icons-5.113.0/scalable/status/small/16x16/task-ongoing.svg	pass	44134	9595	34539
svgs/oxygen-icons-5.113.0/scalable/status/small/16x16/task-reject.svg	pass	78510	6505	72005
svgs/oxygen-icons-5.113.0/scalable/status/small/16x16/user-trash-full.svg	pass	292030	137389	154641
svgs/oxygen-icons-5.113.0/scalable/status/small/16x16/weather-freezing-rain.svg	pass	184007	88856	95151
svgs/oxygen-icons-5.113.0/scalable/status/small/16x16/window-suppressed.svg	pass	227865	22594	205271
svgs/oxygen-icons-5.113.0/scalable/status/small/22x22/audio-volume-high.svg	pass	10406	5193	5213
svgs/oxygen-icons-5.113.0/scalable/status/small/22x22/audio-volume-low.svg	pass	9822	4454	5368
svgs/oxygen-icons-5.113.0/scalable/status/small/22x22/audio-volume-medium.svg	pass	10115	4754	5361
svgs/oxygen-icons-5.113.0/scalable/status/small/22x22/audio-volume-muted.svg	pass	11429	4269	7160
svgs/oxygen-icons-5.113.0/scalable/status/small/22x22/battery-040.svg	pass	45919	18434	27485
svgs/oxygen-icons-5.113.0/scalable/status/small/22x22/battery-060.svg	pass	45919	18963	26956
svgs/oxygen-icons-5.113.0/scalable/status/small/22x22/battery-080.svg	pass	45918	19490	26428
svgs/oxygen-icons-5.113.0/scalable/status/small/22x22/battery-100.svg	pass	45918	20019	25899
svgs/oxygen-icons-5.113.0/scalable/status/small/22x22/battery-caution.svg	pass	45933	18768	27165
svgs/oxygen-icons-5.113.0/scalable/status/small/22x22/battery-charging-040.svg	pass	87487	11391	76096
svgs/oxygen-icons-5.113.0/scalable/status/small/22x22/battery-charging-060.svg	pass	87478	11912	75566
svgs/oxygen-icons-5.113.0/scalable/status/small/22x22/battery-charging-080.svg	pass	108653	12431	96222
svgs/oxygen-icons-5.113.0/scalable/status/small/22x22/battery-charging-caution.svg	pass	87516	11734	75782
svgs/oxygen-icons-5.113.0/scalable/status/small/22x22/battery-charging-low.svg	pass	87506	11203	76303
svgs/oxygen-icons-5.113.0/scalable/status/small/22x22/battery-charging.svg	pass	87469	12961	74508
svgs/oxygen-icons-5.113.0/scalable/status/small/22x22/battery-low.svg	pass	45928	18770	27158
svgs/oxygen-icons-5.113.0/scalable/status/small/22x22/battery-missing.svg	pass	433781	21327	412454
svgs/oxygen-icons-5.113.0/scalable/status/small/22x22/dialog-error.svg	pass	27287	11006	16281
svgs/oxygen-icons-5.113.0/scalable/status/small/22x22/dialog-information.svg	pass	44594	11362	33232
svgs/oxygen-icons-5.113.0/scalable/status/small/22x22/dialog-warning.svg	pass	25365	12502	12863
svgs/oxygen-icons-5.113.0/scalable/status/small/22x22/folder-open.svg	pass	144545	124559	19986
svgs/oxygen-icons-5.113.0/scalable/status/small/22x22/image-loading.svg	pass	187717	55986	131731
svgs/oxygen-icons-5.113.0/scalable/status/small/22x22/image-missing.svg	pass	41617	16227	25390
svgs/oxygen-icons-5.113.0/scalable/status/small/22x22/mail-attachment.svg	pass	5138	1973	3165
svgs/oxygen-icons-5.113.0/scalable/status/small/22x22/mail-queued.svg	pass	19580	5392	14188
svgs/oxygen-icons-5.113.0/scalable/status/small/22x22/mail-read.svg	pass	108098	8473	99625
svgs/oxygen-icons-5.113.0/scalable/status/small/22x22/mail-unread-new.svg	pass	76503	10012	66491
svgs/oxygen-icons-5.113.0/scalable/status/small/22x22/mail-unread.svg	pass	33244	5756	27488
svgs/oxygen-icons-5.113.0/scalable/status/small/22x22/meeting-chair.svg	pass	212943	145146	67797
svgs/oxygen-icons-5.113.0/scalable/status/small/22x22/meeting-observer.svg	pass	263415	47548	215867
svgs/oxygen-icons-5.113.0/scalable/status/small/22x22/meeting-organizer.svg	pass	212609	156821	55788
svgs/oxygen-icons-5.113.0/scalable/status/small/22x22/meeting-participant-optional.svg	pass	268423	38994	229429
svgs/oxygen-icons-5.113.0/scalable/status/small/22x22/meeting-participant-reply.svg	pass	401411	151091	250320
svgs/oxygen-icons-5.113.0/scalable/status/small/22x22/meeting-participant.svg	pass	195110	142718	52392
svgs/oxygen-icons-5.113.0/scalable/status/small/22x22/object-locked.svg	pass	263401	170168	93233
svgs/oxygen-icons-5.113.0/scalable/status/small/22x22/object-unlocked.svg	pass	259582	169206	90376
svgs/oxygen-icons-5.113.0/scalable/status/small/22x22/task-accepted.svg	pass	42947	9234	33713
svgs/oxygen-icons-5.113.0/scalable/status/small/22x22/task-attempt.svg	pass	69506	5855	63651
svgs/oxygen-icons-5.113.0/scalable/status/small/22x22/task-attention.svg	pass	21498	10113	11385
svgs/oxygen-icons-5.113.0/scalable/status/small/22x22/task-complete.svg	pass	79586	6501	73085
svgs/oxygen-icons-5.113.0/scalable/status/small/22x22/task-delegate.svg	pass	55936	12946	42990
svgs/oxygen-icons-5.113.0/scalable/status/small/22x22/task-ongoing.svg	pass	44367	9923	34444
svgs/oxygen-icons-5.113.0/scalable/status/small/22x22/task-reject.svg	pass	80061	6577	73484
svgs/oxygen-icons-5.113.0/scalable/status/small/22x22/user-trash-full.svg	pass	292089	137448	154641
svgs/oxygen-icons-5.113.0/scalable/status/small/22x22/weather-hail.svg	pass	578799	300746	278053
svgs/oxygen-icons-5.113.0/scalable/status/small/22x22/weather-showers-day.svg	mismatch	562171	208920	353251
svgs/oxygen-icons-5.113.0/scalable/status/small/22x22/weather-showers-night.svg	pass	1906817	1051368	855449
svgs/oxygen-icons-5.113.0/scalable/status/small/22x22/weather-showers.svg	pass	503776	168798	334978
svgs/oxygen-icons-5.113.0/scalable/status/small/22x22/weather-snow-rain.svg	pass	597070	187993	409077
svgs/oxygen-icons-5.113.0/scalable/status/small/22x22/weather-snow-scattered-day.svg	pass	451372	218325	233047
svgs/oxygen-icons-5.113.0/scalable/status/small/22x22/weather-snow-scattered-night.svg	pass	1928434	1061393	867041
svgs/oxygen-icons-5.113.0/scalable/status/small/22x22/weather-snow-scattered.svg	pass	460214	180936	279278
svgs/oxygen-icons-5.113.0/scalable/status/small/22x22/weather-snow.svg	pass	482181	190140	292041
svgs/oxygen-icons-5.113.0/scalable/status/small/22x22/window-suppressed.svg	pass	213822	22667	191155
svgs/oxygen-icons-5.113.0/scalable/status/small/32x32/dialog-information.svg	pass	118697	12302	106395
svgs/oxygen-icons-5.113.0/scalable/status/small/32x32/folder-open.svg	pass	341285	129122	212163
svgs/oxygen-icons-5.113.0/scalable/status/small/32x32/meeting-chair.svg	pass	212929	145173	67756
svgs/oxygen-icons-5.113.0/scalable/status/small/32x32/meeting-observer.svg	pass	263416	47531	215885
svgs/oxygen-icons-5.113.0/scalable/status/small/32x32/meeting-organizer.svg	pass	352092	157110	194982
svgs/oxygen-icons-5.113.0/scalable/status/small/32x32/meeting-participant-optional.svg	pass	105523	39170	66353
svgs/oxygen-icons-5.113.0/scalable/status/small/32x32/meeting-participant-reply.svg	pass	245668	153019	92649
svgs/oxygen-icons-5.113.0/scalable/status/small/32x32/meeting-participant.svg	pass	195092	142702	52390
svgs/oxygen-icons-5.113.0/scalable/status/small/32x32/task-accepted.svg	pass	46536	8958	37578
svgs/oxygen-icons-5.113.0/scalable/status/small/32x32/task-attempt.svg	pass	70453	5723	64730
svgs/oxygen-icons-5.113.0/scalable/status/small/32x32/task-attention.svg	pass	21455	10102	11353
svgs/oxygen-icons-5.113.0/scalable/status/small/32x32/task-complete.svg	pass	69783	6262	63521
svgs/oxygen-icons-5.113.0/scalable/status/small/32x32/task-delegate.svg	pass	55872	12903	42969
svgs/oxygen-icons-5.113.0/scalable/status/small/32x32/task-ongoing.svg	pass	53659	9914	43745
svgs/oxygen-icons-5.113.0/scalable/status/small/32x32/task-reject.svg	pass	79553	6795	72758
svgs/oxygen-icons-5.113.0/scalable/status/small/32x32/user-trash-full.svg	pass	291979	137362	154617
svgs/oxygen-icons-5.113.0/scalable/status/small/32x32/weather-clouds-night.svg	pass	1880062	1031068	848994
svgs/oxygen-icons-5.113.0/scalable/status/small/32x32/weather-clouds.svg	pass	410486	188565	221921
svgs/oxygen-icons-5.113.0/scalable/status/small/32x32/weather-freezing-rain.svg	pass	801699	93676	708023
svgs/oxygen-icons-5.113.0/scalable/status/small/32x32/weather-hail.svg	pass	578797	300757	278040
svgs/oxygen-icons-5.113.0/scalable/status/small/32x32/weather-showers-day.svg	mismatch	633815	208934	424881
svgs/oxygen-icons-5.113.0/scalable/status/small/32x32/weather-showers-night.svg	pass	1906804	1051374	855430
svgs/oxygen-icons-5.113.0/scalable/status/small/32x32/weather-showers-scattered-day.svg	pass	434902	204984	229918
svgs/oxygen-icons-5.113.0/scalable/status/small/32x32/weather-showers-scattered-night.svg	pass	1903041	1047718	855323
svgs/oxygen-icons-5.113.0/scalable/status/small/32x32/weather-showers-scattered.svg	pass	337259	166683	170576
svgs/oxygen-icons-5.113.0/scalable/status/small/32x32/weather-showers.svg	pass	343216	170629	172587
svgs/oxygen-icons-5.113.0/scalable/status/small/32x32/weather-snow-rain.svg	pass	592715	187997	404718
svgs/oxygen-icons-5.113.0/scalable/status/small/32x32/weather-snow-scattered-day.svg	pass	675958	219219	456739
svgs/oxygen-icons-5.113.0/scalable/status/small/32x32/weather-snow-scattered-night.svg	pass	1928401	1061422	866979
svgs/oxygen-icons-5.113.0/scalable/status/small/32x32/weather-snow-scattered.svg	pass	460866	180926	279940
svgs/oxygen-icons-5.113.0/scalable/status/small/32x32/weather-snow.svg	pass	493066	194756	298310
svgs/oxygen-icons-5.113.0/scalable/status/small/48x48/audio-volume-high.svg	pass	18497	8842	9655
svgs/oxygen-icons-5.113.0/scalable/status/small/48x48/audio-volume-low.svg	pass	18134	8103	10031
svgs/oxygen-icons-5.113.0/scalable/status/small/48x48/audio-volume-medium.svg	pass	18387	8403	9984
svgs/oxygen-icons-5.113.0/scalable/status/small/48x48/audio-volume-muted.svg	pass	377830	20371	357459
svgs/oxygen-icons-5.113.0/scalable/status/small/48x48/dialog-error.svg	pass	27247	10672	16575
svgs/oxygen-icons-5.113.0/scalable/status/small/48x48/dialog-information.svg	pass	43862	10909	32953
svgs/oxygen-icons-5.113.0/scalable/status/small/48x48/dialog-warning.svg	pass	25146	12065	13081
svgs/oxygen-icons-5.113.0/scalable/status/small/48x48/folder-open.svg	pass	378522	128967	249555
svgs/oxygen-icons-5.113.0/scalable/status/small/48x48/mail-queued.svg	pass	27998	5053	22945
svgs/oxygen-icons-5.113.0/scalable/status/small/48x48/meeting-chair.svg	pass	220983	144431	76552
svgs/oxygen-icons-5.113.0/scalable/status/small/48x48/meeting-observer.svg	pass	263369	47274	216095
svgs/oxygen-icons-5.113.0/scalable/status/small/48x48/meeting-organizer.svg	pass	234611	156554	78057
svgs/oxygen-icons-5.113.0/scalable/status/small/48x48/meeting-participant-optional.svg	pass	234588	40473	194115
svgs/oxygen-icons-5.113.0/scalable/status/small/48x48/meeting-participant-reply.svg	pass	343723	154648	189075
svgs/oxygen-icons-5.113.0/scalable/status/small/48x48/meeting-participant.svg	pass	211557	143736	67821
svgs/oxygen-icons-5.113.0/scalable/status/small/48x48/task-accepted.svg	pass	47461	8924	38537
svgs/oxygen-icons-5.113.0/scalable/status/small/48x48/task-attempt.svg	pass	64751	5696	59055
svgs/oxygen-icons-5.113.0/scalable/status/small/48x48/task-attention.svg	pass	21753	9984	11769
svgs/oxygen-icons-5.113.0/scalable/status/small/48x48/task-complete.svg	pass	83398	6464	76934
svgs/oxygen-icons-5.113.0/scalable/status/small/48x48/task-delegate.svg	pass	60664	12822	47842
svgs/oxygen-icons-5.113.0/scalable/status/small/48x48/task-ongoing.svg	pass	53535	9948	43587
svgs/oxygen-icons-5.113.0/scalable/status/small/48x48/task-reject.svg	pass	89695	6083	83612
svgs/oxygen-icons-5.113.0/scalable/status/small/48x48/user-trash-full.svg	pass	292909	137346	155563
svgs/oxygen-icons-5.113.0/scalable/status/small/64x64/user-trash-full.svg	pass	291481	137455	154026
svgs/oxygen-icons-5.113.0/scalable/status/update-high.svg	pass	17584	6800	10784
svgs/oxygen-icons-5.113.0/scalable/status/update-low.svg	pass	17751	7238	10513
svgs/oxygen-icons-5.113.0/scalable/status/update-medium.svg	pass	17598	6800	10798
svgs/oxygen-icons-5.113.0/scalable/status/update-none.svg	pass	15593	5608	9985
svgs/oxygen-icons-5.113.0/scalable/status/user-away-extended.svg	pass	14074	4840	9234
svgs/oxygen-icons-5.113.0/scalable/status/user-away.svg	pass	13075	4331	8744
svgs/oxygen-icons-5.113.0/scalable/status/user-busy.svg	mismatch	7160	2200	4960
svgs/oxygen-icons-5.113.0/scalable/status/user-invisible.svg	pass	8548	3417	5131
svgs/oxygen-icons-5.113.0/scalable/status/user-offline.svg	pass	6435	2396	4039
svgs/oxygen-icons-5.113.0/scalable/status/user-online.svg	mismatch	5633	1989	3644
svgs/oxygen-icons-5.113.0/scalable/status/user-trash-full.svg	pass	291324	137456	153868
svgs/oxygen-icons-5.113.0/scalable/status/wallet-closed.svg	pass	7286	2781	4505
svgs/oxygen-icons-5.113.0/scalable/status/wallet-open.svg	pass	9902	5071	4831
svgs/oxygen-icons-5.113.0/scalable/status/weather-clear-night.svg	pass	1607224	881827	725397
svgs/oxygen-icons-5.113.0/scalable/status/weather-clear.svg	pass	67144	38544	28600
svgs/oxygen-icons-5.113.0/scalable/status/weather-clouds-night.svg	pass	1847482	1015049	832433
svgs/oxygen-icons-5.113.0/scalable/status/weather-clouds.svg	pass	309383	172489	136894
svgs/oxygen-icons-5.113.0/scalable/status/weather-few-clouds-night.svg	pass	2457642	1329527	1128115
svgs/oxygen-icons-5.113.0/scalable/status/weather-few-clouds.svg	pass	905052	472219	432833
svgs/oxygen-icons-5.113.0/scalable/status/weather-freezing-rain.svg	pass	845637	123163	722474
svgs/oxygen-icons-5.113.0/scalable/status/weather-hail.svg	pass	420983	209940	211043
svgs/oxygen-icons-5.113.0/scalable/status/weather-many-clouds.svg	pass	709165	394723	314442
svgs/oxygen-icons-5.113.0/scalable/status/weather-mist.svg	pass	4173557	2256058	1917499
svgs/oxygen-icons-5.113.0/scalable/status/weather-none-available.svg	pass	13796	5165	8631
svgs/oxygen-icons-5.113.0/scalable/status/weather-showers-day.svg	pass	507897	293021	214876
svgs/oxygen-icons-5.113.0/scalable/status/weather-showers-night.svg	pass	2852706	1134138	1718568
svgs/oxygen-icons-5.113.0/scalable/status/weather-showers-scattered-day.svg	pass	485820	228479	257341
svgs/oxygen-icons-5.113.0/scalable/status/weather-showers-scattered-night.svg	pass	2007695	1071828	935867
svgs/oxygen-icons-5.113.0/scalable/status/weather-showers-scattered.svg	pass	421185	216517	204668
svgs/oxygen-icons-5.113.0/scalable/status/weather-showers.svg	pass	485471	252218	233253
svgs/oxygen-icons-5.113.0/scalable/status/weather-snow-rain.svg	pass	1087109	468749	618360
svgs/oxygen-icons-5.113.0/scalable/status/weather-snow-scattered-day.svg	pass	1357024	583299	773725
svgs/oxygen-icons-5.113.0/scalable/status/weather-snow-scattered-night.svg	pass	2564612	1425744	1138868
svgs/oxygen-icons-5.113.0/scalable/status/weather-snow-scattered.svg	pass	1063842	546345	517497
svgs/oxygen-icons-5.113.0/scalable/status/weather-snow.svg	pass	1870664	1032248	838416
svgs/oxygen-icons-5.113.0/scalable/status/weather-storm-day.svg	pass	3205033	1314941	1890092
svgs/oxygen-icons-5.113.0/scalable/status/weather-storm-night.svg	pass	4045289	2158925	1886364
svgs/oxygen-icons-5.113.0/scalable/status/weather-storm.svg	pass	2283553	1277481	1006072
svgs/oxygen-icons-5.113.0/scalable/status/window-suppressed.svg	pass	63071	15364	47707
svgs/oxygen-icons-5.113.0/scalable/text-formatting.svg	mismatch	609457	343538	265919